1, 1, 1, 		10, 		0.1658,		5.981,		1-1
1, 2, 1, 		10, 		0.1621,		2.521,		1-1
2, 2, 1, 		10, 		0.1675,		1.269,		1-1
1, 2, 1, 		10, 		0.1621,		2.521,		1-1
2, 2, 1, 		10, 		0.1675,		1.269,		1-1
2, 2, 1, 		10, 		0.1675,		1.269,		1-1
1, 2, 1, 		10, 		0.1621,		2.521,		1-1
2, 1, 1, 		10, 		0.1691,		4.545,		1-1
1, 1, 1, 		10, 		0.1658,		5.981,		1-1
1, 2, 1, 		10, 		0.1621,		2.521,		1-1
2, 2, 1, 		10, 		0.1675,		1.269,		1-1
2, 1, 1, 		10, 		0.1691,		4.545,		1-1
1, 1, 1, 		10, 		0.1658,		5.981,		1-1
2, 2, 1, 		10, 		0.1675,		1.269,		1-1
1, 3, 1, 		10, 		0.1591,		1.975,		1-1
1, 2, 1, 		10, 		0.1621,		2.521,		1-1
3, 1, 1, 		10, 		0.2084,		1.249,		1-1
2, 1, 1, 		10, 		0.1691,		4.545,		1-1
3, 2, 1, 		10, 		0.2252,		5.713,		1-1
9, 2, 1, 		10, 		0.2717,		5.560,		1-2
1, 1, 1, 		10, 		0.1658,		5.981,		1-1
1, 4, 1, 		10, 		0.1694,		1.169,		1-1
9, 3, 1, 		10, 		0.2547,		3.519,		1-1
9, 6, 1, 10, 3, 1, 				10, 		0.2429,		1.850,		1-1
10, 		0.2098,		1.844,		1-1
8, 3, 1, 		10, 		0.4312,		13.06,		1-2
10, 4, 1, 		10, 		0.2325,		0.4092,		1-1
8, 4, 1, 		10, 		0.3150,		4.885,		1-1
2, 3, 1, 		10, 		0.1821,		3.617,		1-1
10, 6, 1, 		20, 		0.3011,		1.801,		1-1
10, 1, 1, 		10, 		0.1730,		4.343,		1-1
2, 6, 1, 		10, 		0.4758,		1.764,		1-1
10, 2, 1, 		10, 		0.1777,		1.137,		1-1
9, 1, 1, 		10, 		0.2390,		2.986,		1-2
9, 4, 1, 		10, 		0.2383,		2.658,		1-1
6, 3, 1, 		10, 		0.1473,		1.597,		2-2
8, 2, 1, 		10, 		0.3945,		11.52,		1-2
1, 6, 1, 		10, 		0.5484,		1.299,		1-1
3, 9, 1, 		10, 		0.1741,		1.291,		2-2
1, 8, 1, 		10, 		0.2096,		1.456,		2-2
2, 10, 1, 		10, 		0.1691,		2.099,		2-2
2, 7, 1, 		10, 		0.1915,		1.991,		2-2
3, 10, 1, 		10, 		0.1762,		1.705,		2-2
6, 1, 1, 		10, 		0.1449,		4.140,		2-2
7, 1, 1, 		10, 		0.4907,		5.965,		1-2
8, 1, 1, 		10, 		0.3453,		6.758,		1-2
7, 2, 1, 		10, 		0.5698,		6.998,		1-2
6, 2, 1, 		10, 		0.1345,		2.486,		2-2
4, 10, 1, 		10, 		0.1715,		1.089,		2-2
1, 10, 1, 		10, 		0.1899,		2.106,		2-2
1, 5, 1, 		10, 		0.2270,		1.647,		1-1
4, 3, 1, 		20, 		0.3346,		1.566,		2-2
6, 4, 1, 		10, 		0.1797,		0.8061,		2-2
4, 9, 1, 		10, 		0.1870,		2.084,		2-2
3, 3, 1, 		20, 		0.3600,		3.729,		2-2
3, 4, 1, 		20, 		0.3346,		2.260,		2-2
4, 4, 1, 		20, 		0.3495,		1.621,		2-2
4, 6, 1, 		20, 		0.4101,		1.633,		2-2
2, 8, 1, 		10, 		0.1750,		1.448,		2-2
4, 1, 1, 		20, 		0.3398,		5.209,		2-2
1, 9, 1, 		10, 		0.1899,		1.986,		2-2
1, 7, 1, 		20, 		0.4349,		1.911,		2-2
3, 8, 1, 		10, 		0.1762,		1.490,		2-2
3, 5, 1, 		20, 		0.3247,		1.894,		2-2
2, 5, 1, 		20, 		0.3234,		1.989,		2-2
4, 2, 1, 		20, 		0.3373,		2.486,		2-2
4, 8, 1, 		10, 		0.2053,		1.655,		2-2
2, 9, 1, 		10, 		0.1577,		1.379,		2-2
4, 7, 1, 		10, 		0.2386,		3.313,		2-2
2, 4, 1, 		20, 		0.3076,		3.867,		2-2
7, 6, 1, 		20, 		0.4234,		2.210,		2-2
4, 5, 1, 		20, 		0.3746,		2.244,		2-2
5, 9, 1, 		10, 		0.4143,		4.958,		2-3
3, 7, 1, 		10, 		0.1943,		2.342,		2-2
5, 6, 1, 		40, 		0.3427,		2.125,		3-3
7, 4, 1, 		30, 		0.4158,		3.445,		2-2
10, 10, 1, 		20, 		0.2351,		1.551,		2-2
5, 3, 1, 		30, 		0.4359,		1.432,		2-2
3, 6, 1, 		20, 		0.3289,		2.660,		2-2
5, 1, 1, 		20, 		0.3467,		1.409,		2-2
9, 8, 1, 		30, 		0.3131,		1.741,		2-2
7, 3, 1, 		30, 		0.3851,		3.671,		2-2
10, 8, 1, 		20, 		0.2730,		0.4990,		2-2
5, 4, 1, 		10, 		0.1951,		2.427,		2-2
10, 7, 1, 		20, 		0.2536,		1.373,		2-2
6, 9, 1, 		30, 		0.3019,		1.294,		2-2
7, 8, 1, 		30, 		0.2939,		1.580,		2-2
7, 5, 1, 		40, 		0.2808,		3.629,		3-3
7, 7, 1, 		20, 		0.3687,		2.590,		2-2
5, 2, 1, 		30, 		0.4181,		0.9541,		2-2
6, 8, 1, 		40, 		0.4277,		2.355,		2-2
7, 9, 1, 		20, 		0.1962,		1.050,		2-2
6, 5, 1, 		40, 		0.3344,		2.302,		3-3
5, 10, 1, 		30, 		0.3737,		2.527,		2-2
8, 10, 1, 		30, 		0.2916,		0.8687,		2-2
10, 9, 1, 		30, 		0.3061,		1.087,		2-2
8, 5, 1, 		40, 		0.2556,		1.955,		2-2
6, 7, 1, 		40, 		0.3478,		0.7624,		3-3
9, 5, 1, 		50, 		0.2339,		2.375,		2-2
9, 9, 1, 		30, 		0.2930,		1.071,		2-2
10, 5, 1, 		40, 		0.2601,		4.803,		2-2
8, 8, 1, 		30, 		0.2867,		2.347,		2-2
8, 9, 1, 		30, 		0.2736,		1.334,		2-2
9, 10, 1, 		30, 		0.3044,		1.684,		2-2
5, 7, 1, 		40, 		0.3607,		1.390,		3-3
8, 6, 1, 		40, 		0.2511,		3.417,		2-2
9, 7, 1, 		40, 		0.3116,		2.300,		2-2
5, 5, 1, 		50, 		0.3606,		8.598,		3-3
5, 8, 1, 		50, 		0.3246,		1.541,		3-3
7, 10, 1, 		40, 		0.3040,		1.780,		2-2
6, 10, 1, 		40, 		0.2992,		1.318,		2-2
6, 6, 1, 		40, 		0.3445,		1.555,		3-3
8, 7, 1, 		40, 		0.3322,		3.466,		2-2
1, 3, 1, 		10, 		0.1591,		1.975,		1-1
2, 2, 1, 		10, 		0.1675,		1.269,		1-1
1, 2, 1, 		10, 		0.1621,		2.521,		1-1
3, 1, 1, 		10, 		0.2084,		1.249,		1-1
2, 1, 1, 		10, 		0.1691,		3.593,		1-1
3, 2, 1, 		10, 		0.2252,		2.806,		1-1
9, 2, 1, 		10, 		0.2717,		5.264,		1-2
10, 3, 1, 		10, 		0.2098,		2.087,		1-1
9, 6, 1, 		10, 		0.2429,		1.850,		1-1
1, 4, 1, 		10, 		0.1694,		1.169,		1-1
1, 1, 1, 		10, 		0.1658,		5.228,		1-1
10, 4, 1, 		10, 		0.2325,		0.4092,		1-1
9, 3, 1, 		10, 		0.2547,		3.346,		1-1
8, 4, 1, 		10, 		0.3150,		4.885,		1-1
2, 3, 1, 		10, 		0.1821,		3.581,		1-1
10, 6, 1, 		20, 		0.3011,		1.801,		1-1
8, 3, 1, 		10, 		0.4312,		12.84,		1-2
10, 1, 1, 		10, 		0.1730,		4.343,		1-1
10, 2, 1, 		10, 		0.1777,		1.519,		1-1
2, 6, 1, 		10, 		0.4758,		1.764,		1-1
9, 1, 1, 		10, 		0.2390,		0.8496,		1-2
9, 4, 1, 		10, 		0.2383,		2.658,		1-1
8, 2, 1, 		10, 		0.3945,		5.234,		1-2
6, 3, 1, 		10, 		0.1473,		1.597,		2-2
3, 9, 1, 		10, 		0.1741,		1.459,		2-2
1, 8, 1, 		10, 		0.2096,		1.456,		2-2
1, 6, 1, 		10, 		0.5484,		1.299,		1-1
6, 1, 1, 		10, 		0.1449,		3.979,		2-2
2, 10, 1, 		10, 		0.1691,		2.270,		2-2
3, 10, 1, 		10, 		0.1762,		1.705,		2-2
7, 2, 1, 		10, 		0.5698,		6.930,		1-2
2, 7, 1, 		10, 		0.1915,		1.991,		2-2
1, 10, 1, 		10, 		0.1899,		3.369,		2-2
7, 1, 1, 		10, 		0.4907,		5.463,		1-2
8, 1, 1, 		10, 		0.3453,		7.440,		1-2
1, 5, 1, 		10, 		0.2270,		1.647,		1-1
6, 2, 1, 		10, 		0.1345,		2.486,		2-2
4, 9, 1, 		10, 		0.1870,		1.506,		2-2
6, 4, 1, 		10, 		0.1797,		0.8455,		2-2
4, 10, 1, 		10, 		0.1715,		0.8715,		2-2
4, 3, 1, 		20, 		0.3346,		1.358,		2-2
4, 6, 1, 		20, 		0.4101,		1.633,		2-2
2, 8, 1, 		10, 		0.1750,		1.448,		2-2
3, 3, 1, 		20, 		0.3600,		3.729,		2-2
3, 4, 1, 		20, 		0.3346,		2.406,		2-2
4, 1, 1, 		20, 		0.3398,		5.209,		2-2
1, 9, 1, 		10, 		0.1899,		1.601,		2-2
4, 4, 1, 		20, 		0.3495,		1.385,		2-2
4, 2, 1, 		20, 		0.3373,		2.486,		2-2
3, 8, 1, 		10, 		0.1762,		1.229,		2-2
5, 9, 1, 		10, 		0.4143,		5.231,		2-3
1, 7, 1, 		20, 		0.4349,		1.951,		2-2
2, 5, 1, 		20, 		0.3234,		2.020,		2-2
2, 9, 1, 		10, 		0.1577,		1.360,		2-2
3, 5, 1, 		20, 		0.3247,		1.894,		2-2
4, 8, 1, 		10, 		0.2053,		1.263,		2-2
2, 4, 1, 		20, 		0.3076,		4.111,		2-2
7, 6, 1, 		20, 		0.4234,		2.210,		2-2
4, 7, 1, 		10, 		0.2386,		2.808,		2-2
4, 5, 1, 		20, 		0.3746,		1.613,		2-2
7, 4, 1, 		30, 		0.4158,		2.115,		2-2
5, 6, 1, 		40, 		0.3427,		1.912,		3-3
3, 7, 1, 		10, 		0.1943,		2.342,		2-2
10, 10, 1, 		20, 		0.2351,		1.421,		2-2
3, 6, 1, 		20, 		0.3289,		2.660,		2-2
5, 1, 1, 		20, 		0.3467,		1.409,		2-2
5, 3, 1, 		30, 		0.4359,		1.593,		2-2
9, 8, 1, 		30, 		0.3131,		1.741,		2-2
5, 4, 1, 		10, 		0.1951,		2.007,		2-2
10, 8, 1, 		20, 		0.2730,		0.5328,		2-2
7, 3, 1, 		30, 		0.3851,		3.596,		2-2
10, 7, 1, 		20, 		0.2536,		1.093,		2-2
6, 9, 1, 		30, 		0.3019,		1.294,		2-2
7, 7, 1, 		20, 		0.3687,		2.575,		2-2
5, 10, 1, 		30, 		0.3737,		2.527,		2-2
6, 8, 1, 		40, 		0.4277,		2.152,		2-2
7, 5, 1, 		40, 		0.2808,		3.629,		3-3
7, 8, 1, 		30, 		0.2939,		1.449,		2-2
5, 2, 1, 		30, 		0.4181,		1.225,		2-2
6, 5, 1, 		40, 		0.3344,		2.306,		3-3
7, 9, 1, 		20, 		0.1962,		0.6526,		2-2
6, 7, 1, 		40, 		0.3478,		0.6317,		3-3
8, 5, 1, 		40, 		0.2556,		1.919,		2-2
8, 10, 1, 		30, 		0.2916,		0.8626,		2-2
10, 9, 1, 		30, 		0.3061,		1.087,		2-2
9, 5, 1, 		50, 		0.2339,		2.023,		2-2
9, 10, 1, 		30, 		0.3044,		2.011,		2-2
10, 5, 1, 		40, 		0.2601,		5.155,		2-2
8, 9, 1, 		30, 		0.2736,		0.9464,		2-2
9, 9, 1, 		30, 		0.2930,		0.9978,		2-2
8, 8, 1, 		30, 		0.2867,		2.222,		2-2
5, 7, 1, 		40, 		0.3607,		1.233,		3-3
5, 5, 1, 		50, 		0.3606,		2.928,		3-3
8, 6, 1, 		40, 		0.2511,		3.141,		2-2
5, 8, 1, 		50, 		0.3246,		1.423,		3-3
9, 7, 1, 		40, 		0.3116,		2.026,		2-2
6, 10, 1, 		40, 		0.2992,		1.346,		2-2
7, 10, 1, 		40, 		0.3040,		1.551,		2-2
6, 6, 1, 		40, 		0.3445,		1.522,		3-3
8, 7, 1, 		40, 		0.3322,		3.486,		2-2
1, 3, 1, 		10, 		0.1582,		1.912,		1-1
1, 2, 1, 		10, 		0.1584,		1.943,		1-1
2, 2, 1, 		10, 		0.1665,		0.8739,		1-1
1, 4, 1, 		10, 		0.1685,		0.8428,		1-1
2, 1, 1, 		10, 		0.1681,		3.901,		1-1
1, 1, 1, 		10, 		0.1654,		5.637,		1-1
3, 1, 1, 		10, 		0.2044,		0.3213,		1-1
2, 3, 1, 		10, 		0.1811,		3.333,		1-1
2, 6, 1, 		10, 		0.4755,		1.587,		1-1
9, 6, 1, 		10, 		0.2423,		2.699,		1-1
10, 2, 1, 		10, 		0.1767,		1.133,		1-1
9, 2, 1, 		10, 		0.2519,		6.590,		1-2
3, 2, 1, 		10, 		0.2181,		4.432,		1-1
10, 1, 1, 		10, 		0.1726,		4.364,		1-1
10, 3, 1, 		10, 		0.2053,		1.008,		1-1
9, 3, 1, 		10, 		0.2536,		3.636,		1-1
10, 4, 1, 		10, 		0.2314,		0.1866,		1-1
9, 4, 1, 		10, 		0.2373,		2.649,		1-1
8, 3, 1, 		10, 		0.4299,		13.26,		1-2
9, 1, 1, 		10, 		0.2378,		1.206,		1-2
7, 1, 1, 		10, 		0.4895,		5.565,		1-2
8, 1, 1, 		10, 		0.3440,		7.270,		1-2
10, 6, 1, 		20, 		0.2951,		1.334,		1-1
7, 2, 1, 		10, 		0.5683,		6.694,		1-2
1, 6, 1, 		10, 		0.5468,		1.543,		1-1
8, 4, 1, 		10, 		0.3140,		4.996,		1-1
2, 9, 1, 		10, 		0.1575,		1.228,		2-2
1, 5, 1, 		10, 		0.2261,		1.714,		1-1
1, 10, 1, 		10, 		0.1895,		3.323,		2-2
3, 8, 1, 		10, 		0.1755,		1.163,		2-2
6, 2, 1, 		10, 		0.1341,		2.578,		2-2
8, 2, 1, 		10, 		0.3933,		5.370,		1-2
3, 10, 1, 		10, 		0.1760,		1.775,		2-2
5, 9, 1, 		10, 		0.3783,		3.687,		2-3
3, 9, 1, 		10, 		0.1734,		1.350,		2-2
6, 1, 1, 		10, 		0.1448,		3.995,		2-2
6, 3, 1, 		10, 		0.1467,		1.384,		2-2
1, 9, 1, 		10, 		0.1894,		1.201,		2-2
4, 10, 1, 		10, 		0.1714,		0.9744,		2-2
2, 8, 1, 		10, 		0.1746,		1.490,		2-2
4, 9, 1, 		10, 		0.1870,		1.399,		2-2
4, 8, 1, 		10, 		0.2047,		1.070,		2-2
2, 10, 1, 		10, 		0.1690,		2.282,		2-2
6, 4, 1, 		10, 		0.1789,		1.178,		2-2
4, 7, 1, 		10, 		0.2385,		2.746,		2-2
10, 5, 1, 		10, 		0.5915,		3.711,		1-2
2, 7, 1, 		10, 		0.1911,		1.926,		2-2
1, 8, 1, 		10, 		0.2095,		1.279,		2-2
3, 7, 1, 		10, 		0.1934,		2.089,		2-2
5, 1, 1, 		10, 		0.1575,		1.402,		2-2
4, 5, 1, 		10, 		0.1875,		1.765,		2-2
4, 1, 1, 		20, 		0.3398,		4.987,		2-2
3, 6, 1, 		10, 		0.1494,		2.225,		2-2
4, 6, 1, 		10, 		0.2128,		1.912,		2-2
3, 4, 1, 		10, 		0.1476,		1.876,		2-2
7, 3, 1, 		30, 		0.3826,		2.753,		2-2
3, 5, 1, 		10, 		0.1439,		1.379,		2-2
5, 3, 1, 		10, 		0.1583,		1.079,		2-2
4, 4, 1, 		10, 		0.1603,		1.362,		2-2
7, 9, 1, 		20, 		0.1961,		0.6786,		2-2
5, 4, 1, 		10, 		0.1947,		1.536,		2-2
10, 8, 1, 		20, 		0.2730,		0.5175,		2-2
8, 10, 1, 		20, 		0.2277,		0.8688,		2-2
2, 5, 1, 		20, 		0.3231,		2.184,		2-2
7, 4, 1, 		30, 		0.4154,		2.880,		2-2
4, 3, 1, 		10, 		0.1441,		0.9112,		2-2
6, 7, 1, 		10, 		0.5691,		5.120,		2-3
5, 2, 1, 		10, 		0.1452,		1.176,		2-2
5, 8, 1, 		10, 		0.4567,		1.572,		2-3
6, 5, 1, 		10, 		0.5941,		9.426,		2-3
1, 7, 1, 		10, 		0.2128,		1.688,		2-2
7, 5, 1, 		40, 		0.2806,		3.627,		3-3
5, 10, 1, 		30, 		0.3737,		2.377,		2-2
6, 9, 1, 		30, 		0.3015,		1.239,		2-2
4, 2, 1, 		20, 		0.3372,		2.784,		2-2
2, 4, 1, 		20, 		0.3074,		4.074,		2-2
5, 6, 1, 		40, 		0.3414,		2.474,		3-3
9, 10, 1, 		30, 		0.3041,		1.772,		2-2
6, 6, 1, 		10, 		0.5629,		7.770,		2-3
8, 9, 1, 		30, 		0.2736,		0.9466,		2-2
9, 9, 1, 		30, 		0.2930,		0.9944,		2-2
9, 8, 1, 		30, 		0.3130,		1.430,		2-2
3, 3, 1, 		20, 		0.3600,		3.721,		2-2
10, 9, 1, 		30, 		0.3061,		0.9685,		2-2
6, 8, 1, 		40, 		0.4274,		2.246,		2-2
10, 10, 1, 		30, 		0.2998,		1.688,		2-2
5, 7, 1, 		40, 		0.3606,		1.306,		3-3
7, 7, 1, 		20, 		0.3683,		2.744,		2-2
7, 10, 1, 		40, 		0.3036,		1.152,		2-2
7, 6, 1, 		10, 		0.2475,		2.286,		2-2
8, 5, 1, 		40, 		0.2556,		1.909,		2-2
6, 10, 1, 		40, 		0.2991,		1.059,		2-2
9, 5, 1, 		50, 		0.2339,		2.127,		2-2
8, 6, 1, 		40, 		0.2510,		3.047,		2-2
10, 7, 1, 		30, 		0.3137,		1.247,		2-2
7, 8, 1, 		30, 		0.2938,		1.363,		2-2
8, 8, 1, 		30, 		0.2867,		2.114,		2-2
5, 5, 1, 		50, 		0.3604,		2.938,		3-3
8, 7, 1, 		30, 		0.2960,		3.788,		2-2
9, 7, 1, 		40, 		0.3114,		2.274,		2-2
1, 3, 1, 		10, 		0.1582,		1.912,		1-1
1, 2, 1, 		10, 		0.1584,		1.943,		1-1
2, 2, 1, 		10, 		0.1665,		0.8739,		1-1
2, 1, 1, 		10, 		0.1681,		3.901,		1-1
1, 1, 1, 		10, 		0.1654,		5.637,		1-1
1, 4, 1, 		10, 		0.1685,		0.8428,		1-1
2, 3, 1, 		10, 		0.1811,		3.333,		1-1
3, 1, 1, 		10, 		0.2044,		0.3213,		1-1
10, 2, 1, 		10, 		0.1767,		1.133,		1-1
2, 6, 1, 		10, 		0.4755,		1.587,		1-1
10, 3, 1, 		10, 		0.2053,		1.008,		1-1
9, 2, 1, 		10, 		0.2519,		6.590,		1-2
10, 1, 1, 		10, 		0.1726,		4.364,		1-1
9, 4, 1, 		10, 		0.2373,		2.649,		1-1
9, 6, 1, 		10, 		0.2423,		2.699,		1-1
10, 4, 1, 		10, 		0.2314,		0.1866,		1-1
3, 2, 1, 		10, 		0.2181,		4.432,		1-1
9, 3, 1, 		10, 		0.2536,		3.636,		1-1
9, 1, 1, 		10, 		0.2378,		1.206,		1-2
8, 3, 1, 		10, 		0.4299,		13.26,		1-2
8, 1, 1, 		10, 		0.3440,		7.270,		1-2
7, 2, 1, 		10, 		0.5683,		6.694,		1-2
7, 1, 1, 		10, 		0.4895,		5.565,		1-2
10, 6, 1, 		20, 		0.2951,		1.334,		1-1
8, 2, 1, 		10, 		0.3933,		5.370,		1-2
3, 9, 1, 		10, 		0.1734,		1.350,		2-2
2, 8, 1, 		10, 		0.1746,		1.490,		2-2
6, 1, 1, 		10, 		0.1448,		3.995,		2-2
5, 9, 1, 		10, 		0.3783,		3.687,		2-3
8, 4, 1, 		10, 		0.3140,		4.996,		1-1
1, 10, 1, 		10, 		0.1895,		3.323,		2-2
6, 3, 1, 		10, 		0.1467,		1.384,		2-2
6, 2, 1, 		10, 		0.1341,		2.578,		2-2
2, 9, 1, 		10, 		0.1575,		1.228,		2-2
3, 10, 1, 		10, 		0.1760,		1.775,		2-2
1, 6, 1, 		10, 		0.5468,		1.543,		1-1
1, 5, 1, 		10, 		0.2261,		1.714,		1-1
3, 8, 1, 		10, 		0.1755,		1.163,		2-2
1, 9, 1, 		10, 		0.1894,		1.201,		2-2
4, 7, 1, 		10, 		0.2385,		2.746,		2-2
4, 10, 1, 		10, 		0.1714,		0.9744,		2-2
1, 8, 1, 		10, 		0.2095,		1.279,		2-2
6, 4, 1, 		10, 		0.1789,		1.178,		2-2
4, 9, 1, 		10, 		0.1870,		1.399,		2-2
4, 8, 1, 		10, 		0.2047,		1.070,		2-2
2, 10, 1, 		10, 		0.1690,		2.282,		2-2
10, 5, 1, 		10, 		0.5915,		3.711,		1-2
2, 7, 1, 		10, 		0.1911,		1.926,		2-2
3, 7, 1, 		10, 		0.1934,		2.089,		2-2
3, 5, 1, 		10, 		0.1439,		1.379,		2-2
4, 1, 1, 		20, 		0.3398,		4.987,		2-2
4, 5, 1, 		10, 		0.1875,		1.765,		2-2
3, 6, 1, 		10, 		0.1494,		2.225,		2-2
5, 1, 1, 		10, 		0.1575,		1.402,		2-2
10, 8, 1, 		20, 		0.2730,		0.5175,		2-2
3, 4, 1, 		10, 		0.1476,		1.876,		2-2
4, 6, 1, 		10, 		0.2128,		1.912,		2-2
4, 3, 1, 		10, 		0.1441,		0.9112,		2-2
2, 5, 1, 		20, 		0.3231,		2.184,		2-2
7, 3, 1, 		30, 		0.3826,		2.753,		2-2
4, 4, 1, 		10, 		0.1603,		1.362,		2-2
7, 4, 1, 		30, 		0.4154,		2.880,		2-2
5, 3, 1, 		10, 		0.1583,		1.079,		2-2
7, 9, 1, 		20, 		0.1961,		0.6786,		2-2
5, 8, 1, 		10, 		0.4567,		1.572,		2-3
1, 7, 1, 		10, 		0.2128,		1.688,		2-2
6, 5, 1, 		10, 		0.5941,		9.426,		2-3
5, 2, 1, 		10, 		0.1452,		1.176,		2-2
8, 10, 1, 		20, 		0.2277,		0.8688,		2-2
5, 4, 1, 		10, 		0.1947,		1.536,		2-2
5, 10, 1, 		30, 		0.3737,		2.377,		2-2
6, 9, 1, 		30, 		0.3015,		1.239,		2-2
7, 5, 1, 		40, 		0.2806,		3.627,		3-3
6, 6, 1, 		10, 		0.5629,		7.770,		2-3
2, 4, 1, 		20, 		0.3074,		4.074,		2-2
5, 6, 1, 		40, 		0.3414,		2.474,		3-3
4, 2, 1, 		20, 		0.3372,		2.784,		2-2
6, 7, 1, 		10, 		0.5691,		5.120,		2-3
3, 3, 1, 		20, 		0.3600,		3.721,		2-2
8, 9, 1, 		30, 		0.2736,		0.9466,		2-2
5, 7, 1, 		40, 		0.3606,		1.306,		3-3
10, 9, 1, 		30, 		0.3061,		0.9685,		2-2
9, 9, 1, 		30, 		0.2930,		0.9944,		2-2
6, 8, 1, 		40, 		0.4274,		2.246,		2-2
9, 8, 1, 		30, 		0.3130,		1.430,		2-2
7, 7, 1, 		20, 		0.3683,		2.744,		2-2
10, 10, 1, 		30, 		0.2998,		1.688,		2-2
9, 10, 1, 		30, 		0.3041,		1.772,		2-2
7, 10, 1, 		40, 		0.3036,		1.152,		2-2
8, 5, 1, 		40, 		0.2556,		1.909,		2-2
7, 6, 1, 		10, 		0.2475,		2.286,		2-2
6, 10, 1, 		40, 		0.2991,		1.059,		2-2
8, 6, 1, 		40, 		0.2510,		3.047,		2-2
10, 7, 1, 		30, 		0.3137,		1.247,		2-2
7, 8, 1, 		30, 		0.2938,		1.363,		2-2
9, 5, 1, 		50, 		0.2339,		2.127,		2-2
8, 8, 1, 		30, 		0.2867,		2.114,		2-2
9, 7, 1, 		40, 		0.3114,		2.274,		2-2
5, 5, 1, 		50, 		0.3604,		2.938,		3-3
8, 7, 1, 		30, 		0.2960,		3.788,		2-2
