9, 15, 1, 		10, 		0.4445,		1.356,		2-1
4, 1, 1, 		10, 		0.3128,		0.9979,		2-1
8, 1, 1, 		10, 		0.4524,		2.539,		2-1
15, 1, 1, 		10, 		0.6225,		2.624,		1-1
1, 15, 1, 		10, 		0.5647,		4.502,		1-1
9, 3, 1, 		10, 		0.4065,		5.290,		2-1
2, 2, 1, 		10, 		0.2273,		2.698,		2-1
15, 6, 1, 		10, 		0.4518,		3.633,		2-2
16, 13, 1, 		10, 		0.7701,		3.600,		1-1
8, 3, 1, 		10, 		0.9387,		0.5460,		1-1
2, 1, 1, 		10, 		0.4525,		2.240,		1-1
1, 1, 1, 		10, 		0.5472,		0.2234,		1-1
15, 8, 1, 		10, 		0.9123,		1.224,		1-1
3, 8, 1, 		10, 		0.5890,		3.090,		2-1
8, 16, 1, 		10, 		0.9340,		0.1817,		1-1
1, 9, 1, 		10, 		0.8593,		7.601,		1-1
4, 11, 1, 		10, 		0.3577,		5.532,		2-2
3, 10, 1, 		10, 		0.2804,		4.231,		2-2
2, 9, 1, 		10, 		0.9164,		3.006,		1-1
9, 2, 1, 		10, 		0.9301,		3.656,		1-1
2, 8, 1, 		10, 		0.6948,		4.867,		2-1
8, 2, 1, 		10, 		0.8749,		1.322,		1-1
16, 10, 1, 		10, 		0.9468,		1.570,		1-1
1, 12, 1, 		10, 		0.5103,		2.902,		2-2
4, 10, 1, 		10, 		0.3745,		5.766,		2-2
15, 5, 1, 		10, 		0.5003,		4.606,		2-2
12, 6, 1, 		10, 		0.6264,		1.976,		2-2
16, 16, 1, 		10, 		0.4932,		4.024,		1-1
6, 13, 1, 		10, 		0.4477,		8.050,		2-2
16, 3, 1, 		10, 		0.6363,		6.026,		1-1
16, 15, 1, 		10, 		0.4483,		4.081,		1-1
1, 8, 1, 		10, 		0.8563,		3.310,		1-1
1, 14, 1, 		10, 		0.6778,		3.347,		1-1
8, 14, 1, 		10, 		0.4440,		4.320,		2-2
14, 16, 1, 		10, 		0.4646,		3.276,		1-1
14, 1, 1, 		10, 		0.6505,		1.924,		1-1
3, 1, 1, 		10, 		0.5604,		2.035,		1-1
6, 4, 1, 		20, 		0.3923,		4.906,		2-2
14, 6, 1, 		10, 		0.4082,		3.347,		2-2
15, 2, 1, 		10, 		0.5136,		0.3825,		1-1
4, 16, 1, 		10, 		0.5537,		3.505,		1-1
16, 1, 1, 		10, 		0.5465,		0.7425,		1-1
1, 3, 1, 		10, 		0.6302,		1.217,		1-1
2, 10, 1, 		10, 		0.4742,		6.105,		2-2
6, 1, 1, 		10, 		0.8317,		1.177,		1-1
1, 4, 1, 		10, 		0.5967,		4.220,		1-1
15, 15, 1, 		10, 		0.4593,		1.675,		1-1
3, 11, 1, 		10, 		0.4464,		3.515,		2-2
13, 1, 1, 		10, 		0.7715,		3.571,		1-1
13, 3, 1, 		10, 		0.6051,		4.216,		2-2
16, 2, 1, 		10, 		0.4970,		1.795,		1-1
15, 16, 1, 		10, 		0.4389,		1.552,		1-1
16, 4, 1, 		10, 		0.7057,		4.068,		1-1
15, 4, 1, 		10, 		0.4130,		2.703,		2-2
16, 14, 1, 		3, 16, 1, 10, 		0.5093,		0.8383,		1-1
		10, 		0.4883,		1.902,		1-1
13, 16, 1, 		10, 		0.7051,		6.783,		1-1
2, 11, 1, 		10, 		0.5433,		8.293,		2-2
5, 14, 1, 		10, 		0.4380,		3.069,		2-2
2, 15, 1, 		10, 		0.9326,		1.439,		1-1
3, 9, 1, 		10, 		0.4590,		6.351,		2-2
15, 9, 1, 		10, 		0.5705,		10.45,		2-1
1, 16, 1, 		10, 		0.5754,		3.836,		1-1
7, 1, 1, 		10, 		0.8016,		1.423,		1-1
6, 3, 1, 		20, 		0.5236,		3.521,		2-2
2, 16, 1, 		10, 		0.5415,		1.848,		1-1
12, 3, 1, 		10, 		0.4241,		2.258,		2-2
2, 12, 1, 		20, 		0.7042,		2.908,		2-2
3, 15, 1, 		10, 		0.4187,		3.097,		2-2
4, 13, 1, 		20, 		0.6576,		6.224,		2-2
5, 1, 1, 		20, 		0.7361,		0.1327,		2-1
5, 12, 1, 		10, 		0.4304,		2.165,		2-2
1, 7, 1, 		10, 		0.5058,		2.777,		2-1
7, 15, 1, 		10, 		0.4551,		3.665,		2-2
12, 14, 1, 		20, 		0.5954,		1.357,		2-2
11, 11, 1, 		20, 		0.5528,		2.614,		2-3
4, 14, 1, 		10, 		0.4904,		4.380,		2-2
13, 12, 1, 		20, 		0.4602,		2.003,		2-2
10, 10, 1, 		20, 		0.3707,		2.439,		2-2
12, 2, 1, 		10, 		0.4959,		3.866,		2-2
6, 12, 1, 		10, 		0.4051,		2.545,		2-2
1, 13, 1, 		10, 		0.7332,		2.691,		1-1
1, 6, 1, 		10, 		0.6067,		2.661,		2-1
11, 2, 1, 		10, 		0.4754,		3.178,		2-2
3, 2, 1, 		20, 		0.5675,		2.051,		2-2
11, 13, 1, 		20, 		0.5776,		1.024,		2-2
12, 4, 1, 		20, 		0.6388,		4.048,		2-2
1, 2, 1, 		10, 		0.5366,		1.198,		1-1
7, 7, 1, 		20, 		0.3631,		4.311,		2-2
8, 15, 1, 		10, 		0.5280,		6.074,		2-1
11, 10, 1, 		20, 		0.4140,		2.750,		2-2
2, 4, 1, 		20, 		0.4931,		2.848,		2-2
3, 13, 1, 		20, 		0.5191,		3.540,		2-2
13, 7, 1, 		10, 		0.4293,		4.692,		2-2
16, 8, 1, 		20, 		0.7867,		1.881,		2-1
16, 7, 1, 		20, 		0.7786,		6.980,		2-1
13, 13, 1, 		20, 		0.3983,		2.642,		2-2
14, 8, 1, 		20, 		0.7758,		2.896,		2-1
10, 12, 1, 		20, 		0.5853,		7.124,		2-3
4, 12, 1, 		10, 		0.3982,		3.157,		2-2
14, 15, 1, 		20, 		0.5323,		5.709,		2-2
15, 3, 1, 		20, 		0.5766,		2.387,		2-2
5, 13, 1, 		10, 		0.3918,		1.546,		2-2
5, 3, 1, 		20, 		0.5120,		5.045,		2-2
5, 15, 1, 		10, 		0.4451,		1.294,		2-2
10, 11, 1, 		20, 		0.4898,		2.320,		2-2
13, 6, 1, 		10, 		0.3889,		3.475,		2-2
2, 7, 1, 		10, 		0.6060,		3.484,		2-1
16, 9, 1, 		10, 		0.5444,		1.480,		2-1
13, 5, 1, 		20, 		0.6595,		4.011,		2-2
1, 5, 1, 		20, 		0.8372,		8.369,		2-1
15, 7, 1, 		20, 		0.7695,		2.371,		2-1
11, 4, 1, 		10, 		0.3062,		5.010,		2-2
10, 5, 1, 		20, 		0.5838,		3.357,		2-3
6, 7, 1, 		20, 		0.4377,		4.414,		2-2
4, 8, 1, 		20, 		0.5789,		11.16,		2-3
10, 9, 1, 		20, 		0.3081,		2.236,		2-2
15, 14, 1, 		20, 		0.4653,		2.575,		2-2
4, 4, 1, 		20, 		0.4237,		2.527,		2-2
5, 6, 1, 		20, 		0.4429,		2.039,		2-2
5, 4, 1, 		20, 		0.4148,		3.172,		2-2
9, 1, 1, 		20, 		0.6953,		3.417,		2-1
3, 4, 1, 		11, 1, 1, 20, 		0.4744,		2.495,		2-2
		20, 		0.6692,		16.06,		2-1
6, 8, 1, 		20, 		0.3751,		2.989,		2-2
7, 14, 1, 		10, 		0.3996,		2.944,		2-2
3, 3, 1, 		20, 		0.6355,		7.411,		2-2
4, 6, 1, 		20, 		0.4413,		2.982,		2-2
7, 13, 1, 		20, 		0.7922,		8.512,		2-2
5, 8, 1, 		20, 		0.4925,		9.435,		2-3
14, 2, 1, 		20, 		0.6948,		4.333,		2-2
2, 6, 1, 		20, 		0.5336,		8.330,		2-2
14, 13, 1, 		20, 		0.4404,		3.814,		2-2
13, 8, 1, 		10, 		0.4192,		9.700,		2-3
3, 5, 1, 		20, 		0.4097,		2.660,		2-2
7, 12, 1, 		20, 		0.5569,		10.48,		2-3
4, 5, 1, 		20, 		0.3975,		2.386,		2-2
4, 2, 1, 		20, 		0.4536,		3.797,		2-2
10, 8, 1, 		20, 		0.3162,		4.964,		2-2
9, 8, 1, 		20, 		0.3489,		3.415,		2-2
10, 3, 1, 		10, 		0.6079,		5.873,		2-2
5, 5, 1, 		20, 		0.4522,		1.402,		2-2
2, 5, 1, 		20, 		0.4935,		4.037,		2-2
8, 9, 1, 		20, 		0.3222,		1.399,		2-2
1, 10, 1, 		20, 		0.8310,		6.716,		2-1
11, 16, 1, 		20, 		0.5454,		2.421,		2-2
1, 11, 1, 		20, 		0.7203,		4.771,		2-2
12, 9, 1, 		20, 		0.6430,		10.76,		2-3
12, 5, 1, 		20, 		0.7173,		4.305,		2-2
7, 2, 1, 		20, 		0.7435,		4.396,		2-1
7, 10, 1, 		20, 		0.4020,		1.042,		2-2
7, 9, 1, 		20, 		0.4263,		2.708,		2-2
16, 6, 1, 		20, 		0.8117,		19.96,		2-1
8, 10, 1, 		20, 		0.2900,		1.075,		2-2
6, 15, 1, 		10, 		0.3597,		3.586,		2-2
11, 9, 1, 		20, 		0.3974,		4.315,		2-2
10, 14, 1, 		20, 		0.4078,		3.225,		2-2
12, 12, 1, 		20, 		0.4723,		1.148,		2-2
11, 8, 1, 		20, 		0.3873,		6.002,		2-2
6, 10, 1, 		20, 		0.4164,		3.986,		2-2
9, 16, 1, 		20, 		0.8187,		9.563,		2-1
10, 1, 1, 		20, 		0.8509,		1.523,		2-1
11, 3, 1, 		10, 		0.3425,		3.299,		2-2
9, 14, 1, 		20, 		0.6675,		9.715,		2-2
11, 12, 1, 		20, 		0.5413,		2.637,		2-2
14, 12, 1, 		20, 		0.5042,		2.021,		2-2
8, 7, 1, 		20, 		0.3612,		3.156,		2-26, 6, 1, 
		20, 		0.5738,		7.710,		2-3
5, 11, 1, 		20, 		0.5534,		3.289,		2-2
9, 6, 1, 		20, 		0.3366,		3.437,		2-2
14, 11, 1, 		20, 		0.4966,		4.033,		2-2
10, 13, 1, 		20, 		0.4432,		5.725,		2-2
13, 14, 1, 		20, 		0.4807,		2.510,		2-2
11, 6, 1, 		20, 		0.6041,		5.743,		2-3
9, 5, 1, 		20, 		0.4935,		9.410,		2-3
9, 10, 1, 		20, 		0.3706,		2.211,		2-2
7, 5, 1, 		20, 		0.4410,		9.047,		2-3
13, 15, 1, 		20, 		0.4848,		3.696,		2-2
5, 9, 1, 		20, 		0.6412,		9.302,		2-3
3, 12, 1, 		10, 		0.4689,		1.317,		2-2
10, 6, 1, 		20, 		0.3594,		2.505,		2-2
4, 9, 1, 		20, 		0.8043,		11.79,		2-3
9, 7, 1, 		20, 		0.3114,		2.735,		2-2
10, 2, 1, 		20, 		0.4901,		19.97,		3-1
14, 7, 1, 		10, 		0.4259,		4.152,		2-2
8, 11, 1, 		20, 		0.3568,		1.435,		2-2
7, 8, 1, 		20, 		0.3443,		1.735,		2-2
11, 7, 1, 		13, 2, 1, 20, 		0.4435,		4.000,		2-2
		10, 		0.5071,		4.021,		2-2
6, 11, 1, 		20, 		0.4199,		2.586,		2-3
10, 16, 1, 		20, 		0.8016,		10.45,		2-1
6, 2, 1, 		20, 		0.5785,		2.345,		2-2
3, 6, 1, 		20, 		0.5014,		3.786,		2-2
9, 12, 1, 		20, 		0.5904,		11.14,		2-3
5, 2, 1, 		20, 		0.5155,		4.665,		2-2
6, 9, 1, 		20, 		0.4478,		5.390,		2-2
12, 1, 1, 		20, 		0.5602,		21.79,		3-1
12, 10, 1, 		20, 		0.6026,		9.620,		2-3
2, 3, 1, 		20, 		0.5859,		3.128,		2-2
7, 3, 1, 		20, 		0.5274,		4.918,		2-2
14, 9, 1, 		20, 		0.6322,		5.244,		2-2
6, 14, 1, 		10, 		0.3910,		3.148,		2-2
15, 13, 1, 		20, 		0.4369,		0.6762,		2-2
13, 9, 1, 		20, 		0.8563,		10.09,		2-3
15, 10, 1, 		20, 		0.4830,		9.230,		2-2
13, 4, 1, 		20, 		0.8094,		3.490,		2-2
5, 10, 1, 		20, 		0.5667,		6.383,		2-3
14, 4, 1, 		20, 		0.6591,		3.532,		2-2
10, 7, 1, 		20, 		0.2906,		0.6581,		2-2
11, 14, 1, 		20, 		0.4970,		5.901,		2-2
8, 6, 1, 		20, 		0.3626,		5.337,		2-2
13, 10, 1, 		20, 		0.5571,		2.955,		2-2
2, 14, 1, 		20, 		0.8217,		4.861,		2-2
7, 4, 1, 		20, 		0.4945,		10.72,		2-2
5, 7, 1, 		20, 		0.5798,		5.852,		2-3
14, 14, 1, 		20, 		0.5554,		3.666,		2-2
9, 4, 1, 		20, 		0.5940,		15.08,		2-3
6, 5, 1, 		20, 		0.4592,		1.316,		2-2
11, 5, 1, 		20, 		0.6163,		7.313,		2-2
4, 7, 1, 		20, 		0.5330,		13.60,		2-2
14, 5, 1, 		10, 		0.4076,		2.478,		2-2
3, 14, 1, 		20, 		0.5884,		1.924,		2-2
5, 16, 1, 		20, 		0.7864,		5.163,		2-2
6, 16, 1, 		20, 		0.6123,		3.736,		2-2
12, 13, 1, 		20, 		0.4410,		4.498,		2-2
8, 12, 1, 		20, 		0.6933,		10.38,		2-3
4, 3, 1, 		20, 		0.4936,		1.645,		2-2
7, 6, 1, 		20, 		0.4613,		4.599,		2-2
8, 5, 1, 		20, 		0.4694,		11.93,		2-3
16, 12, 1, 		20, 		0.5730,		6.325,		2-2
14, 10, 1, 		20, 		0.5255,		5.906,		2-2
2, 13, 1, 		20, 		0.5865,		3.731,		2-2
12, 16, 1, 		10, 		0.4003,		5.058,		2-2
10, 4, 1, 		20, 		0.6183,		7.509,		2-2
7, 16, 1, 		20, 		0.8684,		19.15,		2-1
9, 9, 1, 		30, 		0.4480,		2.467,		2-2
12, 11, 1, 		20, 		0.4614,		6.302,		2-2
8, 4, 1, 		20, 		0.6855,		15.32,		2-3
9, 11, 1, 		20, 		0.4025,		2.216,		2-2
15, 11, 1, 		20, 		0.4735,		4.248,		2-2
7, 11, 1, 		20, 		0.4396,		3.594,		2-2
12, 7, 1, 		20, 		0.5915,		5.866,		2-3
11, 15, 1, 		20, 		0.5554,		6.732,		2-2
3, 7, 1, 		20, 		0.6659,		10.59,		2-2
10, 15, 1, 		20, 		0.5399,		5.823,		2-2
13, 11, 1, 		20, 		0.4964,		5.217,		2-2
8, 13, 1, 		20, 		0.6401,		12.32,		2-3
4, 15, 1, 		20, 		0.8736,		11.88,		2-2
15, 12, 1, 		20, 		0.4535,		2.043,		2-2
14, 3, 1, 		20, 		0.6452,		2.886,		2-2
12, 8, 1, 		20, 		0.5343,		10.17,		2-3
9, 13, 1, 		20, 		0.6182,		13.03,		2-3
16, 5, 1, 		30, 		0.5527,		21.05,		3-1
8, 8, 1, 		20, 		0.3141,		1.632,		2-2
12, 15, 1, 		20, 		0.4941,		6.489,		2-2
16, 11, 1, 		10, 		0.4589,		5.691,		2-2
2, 2, 2, 		10, 		0.2398,		1.642,		2-1
2, 1, 2, 		10, 		0.1736,		0.5925,		2-1
1, 1, 2, 		10, 		0.2145,		1.533,		2-1
1, 15, 2, 		10, 		0.5284,		3.325,		1-1
8, 2, 2, 		10, 		0.8265,		1.709,		1-1
9, 16, 2, 		10, 		0.9410,		1.684,		1-1
8, 16, 2, 		10, 		0.4648,		2.417,		2-1
1, 8, 2, 		10, 		0.7973,		2.321,		1-1
16, 10, 2, 		10, 		0.5316,		3.603,		2-1
9, 15, 2, 		10, 		0.8981,		1.320,		1-1
1, 9, 2, 		10, 		0.8334,		1.510,		1-1
16, 3, 2, 		10, 		0.5757,		4.972,		1-1
9, 2, 2, 		10, 		0.8707,		2.083,		1-1
13, 16, 2, 		10, 		0.5516,		3.218,		1-1
8, 15, 2, 		10, 		0.9450,		1.699,		1-1
7, 1, 2, 		10, 		0.5174,		4.500,		2-1
15, 2, 2, 		10, 		0.5633,		3.456,		1-1
16, 7, 2, 		10, 		0.9425,		3.909,		1-1
2, 9, 2, 		10, 		0.4805,		3.728,		2-1
1, 4, 2, 		10, 		0.5793,		6.207,		1-1
2, 8, 2, 		10, 		0.4879,		2.397,		2-1
1, 12, 2, 		10, 		0.3767,		3.163,		2-2
1, 16, 2, 		10, 		0.6527,		2.055,		1-1
3, 10, 2, 		10, 		0.4991,		6.506,		2-2
16, 14, 2, 		10, 		0.5554,		4.847,		1-1
1, 7, 2, 		10, 		0.9197,		1.439,		1-1
16, 15, 2, 		10, 		0.4326,		2.453,		1-1
15, 7, 2, 		10, 		0.4865,		4.709,		2-2
1, 14, 2, 		10, 		0.5812,		2.282,		1-1
4, 11, 2, 		10, 		0.3119,		2.723,		2-2
2, 10, 2, 		10, 		0.5600,		10.15,		2-2
1, 10, 2, 		1, 13, 2, 10, 		0.7984,		2.472,		1-1
		10, 		0.6920,		3.989,		1-1
4, 16, 2, 		10, 		0.4834,		2.437,		1-1
1, 2, 2, 		10, 		0.4108,		3.330,		1-1
2, 11, 2, 		10, 		0.3621,		7.383,		2-2
3, 14, 2, 		10, 		0.2839,		2.444,		2-2
2, 15, 2, 		10, 		0.6314,		6.385,		1-1
14, 7, 2, 		10, 		0.3889,		2.989,		2-2
4, 1, 2, 		10, 		0.7109,		0.4836,		1-1
14, 1, 2, 		10, 		0.5901,		1.755,		1-1
1, 3, 2, 		10, 		0.4298,		2.854,		1-1
16, 9, 2, 		10, 		0.4661,		9.077,		2-1
15, 16, 2, 		10, 		0.4200,		0.5478,		1-1
4, 13, 2, 		10, 		0.3771,		3.102,		2-2
6, 16, 2, 		10, 		0.3666,		4.693,		2-2
9, 1, 2, 		10, 		0.9480,		4.925,		1-1
15, 1, 2, 		8, 1, 2, 10, 		0.4704,		1.659,		1-1
		10, 		0.9272,		2.398,		1-1
12, 5, 2, 		15, 4, 2, 		10, 		0.3899,		4.927,		2-2
20, 		0.5072,		6.025,		2-2
16, 1, 2, 		10, 		0.6069,		0.9371,		1-1
15, 15, 2, 		10, 		0.4548,		4.414,		1-1
10, 1, 2, 		10, 		0.4930,		3.597,		2-1
14, 16, 2, 		10, 		0.4501,		1.978,		1-1
16, 13, 2, 		10, 		0.5501,		3.190,		1-1
10, 16, 2, 		10, 		0.7849,		1.255,		1-1
13, 15, 2, 		20, 		0.4346,		2.078,		2-2
3, 16, 2, 		10, 		0.4772,		1.860,		1-1
3, 11, 2, 		10, 		0.4348,		4.496,		2-2
6, 3, 2, 		20, 		0.4612,		2.909,		2-2
16, 4, 2, 		10, 		0.6779,		2.648,		1-1
3, 12, 2, 		10, 		0.3305,		2.800,		2-2
13, 1, 2, 		10, 		0.6727,		2.171,		1-1
5, 14, 2, 		10, 		0.2973,		4.570,		2-2
4, 3, 2, 		20, 		0.4040,		2.866,		2-2
16, 2, 2, 		10, 		0.5896,		1.542,		1-1
2, 16, 2, 		10, 		0.5213,		3.322,		1-1
15, 8, 2, 		10, 		0.4397,		3.805,		2-1
16, 16, 2, 		10, 		0.4782,		0.2752,		1-1
14, 8, 2, 		10, 		0.3718,		6.944,		2-2
3, 1, 2, 		10, 		0.5178,		0.8716,		1-1
4, 14, 2, 		10, 		0.3306,		5.395,		2-2
13, 2, 2, 		10, 		0.4314,		2.284,		2-2
3, 7, 2, 		20, 		0.4579,		5.987,		2-2
3, 9, 2, 		10, 		0.6971,		10.69,		2-2
13, 12, 2, 		20, 		0.4217,		3.845,		2-2
6, 11, 2, 		20, 		0.5359,		0.6468,		2-3
9, 3, 2, 		10, 		0.3932,		11.91,		2-2
11, 2, 2, 		10, 		0.3225,		3.226,		2-2
12, 15, 2, 		20, 		0.4069,		2.715,		2-2
16, 6, 2, 		10, 		0.4618,		4.442,		2-2
6, 15, 2, 		10, 		0.3418,		5.368,		2-2
4, 5, 2, 		20, 		0.3809,		1.828,		2-2
11, 12, 2, 		20, 		0.4344,		1.295,		2-2
14, 13, 2, 		20, 		0.3984,		2.707,		2-2
3, 3, 2, 		20, 		0.4430,		3.490,		2-2
10, 11, 2, 		20, 		0.3829,		2.101,		2-2
6, 4, 2, 		20, 		0.3677,		2.894,		2-2
3, 4, 2, 		20, 		0.4176,		1.705,		2-2
8, 10, 2, 		20, 		0.3170,		1.580,		2-2
3, 5, 2, 		20, 		0.4123,		1.258,		2-2
7, 16, 2, 		20, 		0.7819,		16.31,		2-1
12, 2, 2, 		10, 		0.3464,		3.742,		2-2
8, 14, 2, 		10, 		0.3728,		4.688,		2-2
4, 4, 2, 		20, 		0.3934,		1.066,		2-2
9, 10, 2, 		20, 		0.3360,		2.240,		2-2
4, 2, 2, 		20, 		0.3696,		3.379,		2-2
2, 4, 2, 		11, 6, 2, 20, 		0.4063,		3.394,		2-2		
20, 		0.5282,		2.831,		2-3
13, 5, 2, 		20, 		0.5500,		5.594,		2-2
10, 3, 2, 		10, 		0.5882,		7.375,		2-2
4, 15, 2, 		20, 		0.6316,		7.034,		2-2
1, 11, 2, 		20, 		0.6890,		5.086,		2-2
15, 5, 2, 		10, 		0.3265,		4.198,		2-2
7, 15, 2, 		10, 		0.3688,		3.626,		2-2
11, 7, 2, 		20, 		0.3915,		2.419,		2-2
12, 14, 2, 		20, 		0.3846,		1.467,		2-2
14, 14, 2, 		20, 		0.4370,		1.294,		2-2
15, 9, 2, 		20, 		0.8310,		18.60,		2-1
13, 4, 2, 		20, 		0.5558,		2.863,		2-2
5, 12, 2, 		20, 		0.6825,		3.935,		2-2
11, 3, 2, 		10, 		0.3117,		5.200,		2-2
11, 4, 2, 		10, 		0.2914,		5.678,		2-2
8, 3, 2, 		20, 		0.6349,		18.12,		2-2
7, 5, 2, 		20, 		0.4842,		7.966,		2-3
14, 4, 2, 		20, 		0.5463,		3.352,		2-2
7, 10, 2, 		20, 		0.3287,		2.800,		2-2
12, 3, 2, 		10, 		0.4285,		4.097,		2-2
6, 5, 2, 		20, 		0.4387,		1.996,		2-2
10, 9, 2, 		20, 		0.2990,		1.712,		2-2
5, 6, 2, 		20, 		0.3415,		2.110,		2-2
7, 7, 2, 		20, 		0.3457,		1.323,		2-2
12, 1, 2, 		10, 		0.4980,		6.556,		2-2
13, 7, 2, 		10, 		0.3425,		4.336,		2-2
7, 11, 2, 		20, 		0.4078,		1.583,		2-2
16, 12, 2, 		20, 		0.4775,		2.759,		2-2
15, 11, 2, 		20, 		0.4181,		3.446,		2-2
6, 10, 2, 		20, 		0.3757,		3.644,		2-2
3, 15, 2, 		20, 		0.6532,		2.874,		2-2
3, 6, 2, 		20, 		0.3804,		2.236,		2-2
5, 15, 2, 		20, 		0.5934,		6.352,		2-2
13, 13, 2, 		20, 		0.3672,		3.743,		2-2
3, 13, 2, 		10, 		0.3129,		1.343,		2-2
2, 14, 2, 		10, 		0.7826,		3.416,		2-2
5, 1, 2, 		20, 		0.5323,		2.853,		2-2
16, 8, 2, 		20, 		0.7466,		17.95,		2-1
15, 6, 2, 		10, 		0.3947,		2.941,		2-2
11, 1, 2, 		10, 		0.3787,		8.353,		2-2
12, 16, 2, 		20, 		0.4979,		4.881,		2-2
6, 9, 2, 		20, 		0.3498,		0.9397,		2-2
14, 6, 2, 		10, 		0.4025,		2.010,		2-2
5, 5, 2, 		20, 		0.3861,		2.151,		2-2
9, 9, 2, 		20, 		0.3138,		1.195,		2-2
7, 13, 2, 		10, 		0.4651,		4.519,		2-2
4, 10, 2, 		10, 		0.4422,		3.973,		2-2
3, 2, 2, 		20, 		0.4238,		1.891,		2-2
4, 6, 2, 		20, 		0.3886,		2.931,		2-2
10, 10, 2, 		20, 		0.3042,		1.962,		2-2
9, 11, 2, 		20, 		0.3424,		2.428,		2-2
4, 12, 2, 		20, 		0.5558,		3.728,		2-2
7, 9, 2, 		20, 		0.3049,		2.827,		2-2
6, 12, 2, 		20, 		0.7343,		3.284,		2-2
13, 10, 2, 		20, 		0.4613,		9.065,		2-2
15, 10, 2, 		20, 		0.5582,		4.986,		2-2
2, 5, 2, 		20, 		0.4280,		2.218,		2-2
2, 3, 2, 		20, 		0.4554,		6.498,		2-2
9, 8, 2, 		20, 		0.3007,		1.046,		2-2
12, 8, 2, 		20, 		0.4767,		8.298,		2-3
13, 9, 2, 		20, 		0.5915,		10.66,		2-3
15, 13, 2, 		20, 		0.4090,		1.794,		2-2
7, 14, 2, 		10, 		0.3339,		3.672,		2-2
7, 3, 2, 		20, 		0.4288,		9.514,		2-2
9, 6, 2, 		20, 		0.3442,		3.230,		2-2
11, 8, 2, 		20, 		0.3839,		1.759,		2-2
12, 7, 2, 		20, 		0.4817,		7.194,		2-3
12, 6, 2, 		20, 		0.5681,		2.841,		2-2
11, 14, 2, 		20, 		0.4318,		3.621,		2-2
5, 9, 2, 		20, 		0.6455,		13.87,		2-3
7, 8, 2, 		20, 		0.3058,		2.758,		2-2
11, 9, 2, 		20, 		0.3727,		2.081,		2-2
6, 13, 2, 		10, 		0.3559,		3.617,		2-2
6, 6, 2, 		20, 		0.4971,		3.538,		2-3
12, 12, 2, 		20, 		0.4124,		4.434,		2-2
8, 9, 2, 		20, 		0.2979,		2.522,		2-2
8, 6, 2, 		20, 		0.3649,		3.318,		2-2
4, 8, 2, 		20, 		0.5605,		10.82,		2-3
5, 4, 2, 		20, 		0.3843,		2.478,		2-2
6, 1, 2, 		20, 		0.6380,		4.776,		2-2
5, 11, 2, 		20, 		0.5608,		1.860,		2-2
9, 5, 2, 		20, 		0.4997,		9.517,		2-3
5, 10, 2, 		20, 		0.4618,		4.275,		2-3
9, 14, 2, 		20, 		0.4993,		12.18,		2-2
6, 8, 2, 		20, 		0.3407,		2.044,		2-2
15, 14, 2, 		20, 		0.3892,		1.627,		2-2
11, 16, 2, 		20, 		0.4150,		8.105,		2-2
14, 12, 2, 		20, 		0.4339,		2.106,		2-2
1, 5, 2, 		20, 		0.5681,		4.626,		2-2
1, 6, 2, 		20, 		0.5940,		4.727,		2-2
5, 13, 2, 		10, 		0.3449,		3.067,		2-2
13, 3, 2, 		20, 		0.5401,		3.437,		2-2
16, 5, 2, 		20, 		0.6505,		3.573,		2-2
13, 8, 2, 		20, 		0.5528,		10.02,		2-3
10, 8, 2, 		20, 		0.3082,		1.830,		2-2
13, 14, 2, 		20, 		0.4010,		1.122,		2-2
14, 9, 2, 		20, 		0.5412,		11.63,		2-2
14, 5, 2, 		10, 		0.3606,		4.352,		2-2
11, 11, 2, 		20, 		0.5520,		4.314,		2-3
7, 6, 2, 		20, 		0.3925,		1.633,		2-2
10, 15, 2, 		20, 		0.4614,		6.600,		2-2
11, 13, 2, 		20, 		0.4336,		0.7169,		2-2
2, 13, 2, 		20, 		0.6383,		3.691,		2-2
3, 8, 2, 		10, 		0.4295,		6.400,		2-2
13, 6, 2, 		20, 		0.5708,		4.255,		2-2
8, 12, 2, 		20, 		0.5964,		12.85,		2-3
2, 12, 2, 		10, 		0.3322,		4.466,		2-2
10, 13, 2, 		20, 		0.4296,		2.944,		2-2
14, 3, 2, 		20, 		0.5567,		2.734,		2-2
10, 4, 2, 		20, 		0.6482,		7.856,		2-2
2, 7, 2, 		20, 		0.4723,		4.165,		2-2
5, 2, 2, 		20, 		0.3727,		3.126,		2-2
5, 8, 2, 		20, 		0.5315,		10.66,		2-3
4, 9, 2, 		20, 		0.6535,		7.850,		2-3
8, 7, 2, 		20, 		0.4205,		2.529,		2-2
10, 7, 2, 		20, 		0.3312,		2.293,		2-2
14, 2, 2, 		20, 		0.5785,		2.656,		2-2
8, 4, 2, 		20, 		0.6327,		8.750,		2-3
6, 7, 2, 		20, 		0.4317,		3.168,		2-2
7, 12, 2, 		20, 		0.6076,		4.005,		2-3
10, 6, 2, 		20, 		0.3607,		2.987,		2-2
10, 12, 2, 		20, 		0.5287,		8.906,		2-3
8, 13, 2, 		20, 		0.6819,		13.26,		2-3
6, 2, 2, 		20, 		0.4075,		3.078,		2-2
8, 11, 2, 		20, 		0.3628,		1.537,		2-2
12, 10, 2, 		20, 		0.4939,		7.800,		2-3
11, 5, 2, 		20, 		0.5779,		4.678,		2-2
9, 12, 2, 		20, 		0.6453,		8.687,		2-3
9, 4, 2, 		20, 		0.6086,		10.87,		2-3
12, 13, 2, 		20, 		0.3484,		1.395,		2-2
5, 16, 2, 		20, 		0.8015,		1.910,		2-2
8, 5, 2, 		20, 		0.5802,		10.42,		2-3
10, 14, 2, 		20, 		0.3924,		4.407,		2-2
11, 15, 2, 		20, 		0.4667,		7.748,		2-2
4, 7, 2, 		20, 		0.4784,		6.248,		2-2
8, 8, 2, 		20, 		0.3102,		1.667,		2-2
7, 2, 2, 		20, 		0.5269,		6.773,		2-2
9, 13, 2, 		20, 		0.6340,		8.281,		2-3
14, 10, 2, 		20, 		0.4770,		7.845,		2-2
5, 3, 2, 		20, 		0.4162,		4.554,		2-2
9, 7, 2, 		20, 		0.3471,		1.690,		2-2
10, 2, 2, 		20, 		0.8718,		10.80,		2-2
14, 15, 2, 		20, 		0.4823,		2.711,		2-2
6, 14, 2, 		20, 		0.5700,		3.444,		2-2
2, 6, 2, 		20, 		0.4176,		4.681,		2-2
7, 4, 2, 		20, 		0.4196,		8.732,		2-2
15, 3, 2, 		20, 		0.4958,		4.848,		2-2
13, 11, 2, 		20, 		0.4556,		5.166,		2-2
10, 5, 2, 		20, 		0.5934,		7.965,		2-3
11, 10, 2, 		20, 		0.3572,		3.392,		2-2
16, 11, 2, 		20, 		0.4215,		7.444,		2-2
12, 11, 2, 		20, 		0.4591,		8.207,		2-2
15, 12, 2, 		20, 		0.4299,		2.325,		2-2
12, 4, 2, 		20, 		0.5555,		3.660,		2-2
14, 11, 2, 		20, 		0.4345,		3.529,		2-2
5, 7, 2, 		20, 		0.5303,		5.225,		2-3
12, 9, 2, 		10, 		0.3620,		8.881,		2-3
13, 16, 3, 		10, 		0.4161,		3.309,		1-1
8, 1, 3, 		10, 		0.4192,		3.821,		2-1
7, 1, 3, 		10, 		0.5160,		5.984,		2-1
14, 16, 3, 		10, 		0.1517,		0.7343,		2-1
1, 8, 3, 		10, 		0.8609,		4.962,		1-1
2, 1, 3, 		10, 		0.3990,		3.097,		1-1
2, 8, 3, 		10, 		0.4183,		2.959,		2-1
16, 13, 3, 		10, 		0.4917,		2.621,		1-1
1, 1, 3, 		10, 		0.1760,		1.763,		2-1
9, 15, 3, 		10, 		0.5065,		7.635,		2-1
1, 10, 3, 		10, 		0.4623,		4.352,		2-1
15, 16, 3, 		10, 		0.3750,		1.629,		1-1
3, 1, 3, 		10, 		0.4359,		1.214,		1-1
2, 15, 3, 		10, 		0.5505,		11.09,		1-1
2, 9, 3, 		10, 		0.7540,		0.6183,		1-1
9, 2, 3, 		10, 		0.9103,		1.979,		1-1
1, 15, 3, 		10, 		0.4783,		0.4556,		1-1
3, 12, 3, 		10, 		0.3328,		2.681,		2-2
1, 9, 3, 		10, 		0.7753,		0.9314,		1-1
16, 9, 3, 		10, 		0.8763,		5.167,		1-1
1, 12, 3, 		10, 		0.3869,		2.897,		2-2
3, 13, 3, 		10, 		0.2985,		1.780,		2-2
8, 15, 3, 		10, 		0.9354,		3.772,		1-1
15, 9, 3, 		10, 		0.4897,		5.649,		2-1
10, 16, 3, 		10, 		0.9413,		1.625,		1-1
3, 10, 3, 		10, 		0.3585,		3.434,		2-2
2, 12, 3, 		10, 		0.4198,		4.084,		2-2
16, 8, 3, 		10, 		0.8261,		1.859,		1-1
16, 15, 3, 		10, 		0.4164,		2.521,		1-1
1, 7, 3, 		10, 		0.8823,		1.359,		1-1
16, 3, 3, 		10, 		0.6359,		5.532,		1-1
8, 2, 3, 		10, 		0.8189,		1.693,		1-1
9, 16, 3, 		10, 		0.5519,		2.122,		2-1
8, 16, 3, 		10, 		0.5153,		4.040,		2-1
15, 8, 3, 		10, 		0.9468,		2.782,		1-1
13, 1, 3, 		10, 		0.6462,		4.493,		1-1
1, 4, 3, 		10, 		0.6770,		2.428,		1-1
9, 1, 3, 		10, 		0.8314,		0.2558,		1-1
1, 3, 3, 		10, 		0.4738,		4.835,		1-1
1, 16, 3, 		10, 		0.5540,		1.960,		1-1
2, 16, 3, 		10, 		0.5510,		3.273,		1-1
1, 14, 3, 		10, 		0.5824,		1.373,		1-1
14, 1, 3, 		10, 		0.6389,		2.909,		1-1
1, 2, 3, 		10, 		0.3756,		1.408,		1-1
16, 1, 3, 		10, 		0.6157,		1.088,		1-1
4, 16, 3, 		10, 		0.7778,		2.818,		1-1
11, 3, 3, 		10, 		0.3454,		4.049,		2-2
1, 13, 3, 		10, 		0.8276,		2.936,		1-1
3, 11, 3, 		10, 		0.4891,		2.519,		2-2
16, 14, 3, 		10, 		0.4552,		6.283,		1-1
15, 15, 3, 		10, 		0.4674,		1.645,		1-1
3, 9, 3, 		10, 		0.5497,		7.404,		2-2
2, 13, 3, 		10, 		0.3510,		3.854,		2-2
7, 14, 3, 		10, 		0.3176,		4.993,		2-2
2, 11, 3, 		10, 		0.4350,		3.210,		2-2
15, 5, 3, 		10, 		0.3445,		3.057,		2-2
16, 10, 3, 		10, 		0.5703,		13.11,		2-1
5, 15, 3, 		10, 		0.3204,		0.9995,		2-2
15, 6, 3, 		10, 		0.3739,		6.166,		2-2
3, 16, 3, 		10, 		0.6383,		3.119,		1-1
4, 4, 3, 		20, 		0.4257,		3.715,		2-2
15, 2, 3, 		10, 		0.6779,		2.550,		1-1
3, 6, 3, 		20, 		0.4517,		4.649,		2-2
14, 2, 3, 		10, 		0.4096,		2.408,		2-2
4, 14, 3, 		10, 		0.3129,		4.746,		2-2
13, 7, 3, 		10, 		0.3293,		3.542,		2-2
16, 2, 3, 		10, 		0.5346,		1.446,		1-1
4, 2, 3, 		20, 		0.3170,		2.016,		2-2
4, 13, 3, 		10, 		0.2922,		5.724,		2-2
2, 2, 3, 		10, 		0.4302,		0.4836,		1-1
5, 3, 3, 		20, 		0.5376,		3.898,		2-2
15, 7, 3, 		10, 		0.3807,		5.585,		2-2
11, 1, 3, 		10, 		0.4535,		6.063,		2-2
13, 5, 3, 		10, 		0.3554,		1.637,		2-2
15, 1, 3, 		10, 		0.5838,		0.7889,		1-1
16, 16, 3, 		10, 		0.4701,		6.342,		1-1
16, 7, 3, 		10, 		0.5430,		2.891,		2-1
13, 2, 3, 		10, 		0.4122,		1.663,		2-2
16, 4, 3, 		10, 		0.6875,		2.161,		1-1
5, 16, 3, 		10, 		0.3708,		3.959,		2-2
6, 4, 3, 		20, 		0.4426,		3.711,		2-2
9, 3, 3, 		10, 		0.4313,		10.45,		2-2
7, 12, 3, 		20, 		0.5081,		4.864,		2-3
14, 8, 3, 		10, 		0.4272,		9.138,		2-2
6, 11, 3, 		20, 		0.4409,		1.894,		2-3
14, 3, 3, 		20, 		0.5040,		2.357,		2-2
3, 5, 3, 		20, 		0.4395,		2.824,		2-2
4, 5, 3, 		20, 		0.3996,		2.129,		2-2
3, 4, 3, 		20, 		0.4283,		1.752,		2-2
12, 8, 3, 		20, 		0.5292,		9.423,		2-3
12, 3, 3, 		10, 		0.3855,		3.035,		2-2
1, 5, 3, 		20, 		0.4320,		1.687,		2-2
8, 12, 3, 		20, 		0.4608,		13.05,		2-3
4, 1, 3, 		10, 		0.5653,		2.068,		1-1
11, 4, 3, 		20, 		0.5550,		2.556,		2-2
12, 12, 3, 		20, 		0.4019,		6.555,		2-2
2, 4, 3, 		20, 		0.4181,		2.860,		2-2
4, 3, 3, 		20, 		0.4140,		1.977,		2-2
10, 15, 3, 		20, 		0.4567,		6.617,		2-2
10, 5, 3, 		20, 		0.4980,		4.265,		2-3
10, 6, 3, 		20, 		0.4006,		3.730,		2-2
9, 11, 3, 		20, 		0.3734,		3.955,		2-2
11, 10, 3, 		20, 		0.3926,		3.549,		2-2
7, 11, 3, 		20, 		0.4931,		5.112,		2-2
6, 8, 3, 		20, 		0.4004,		1.544,		2-2
14, 7, 3, 		10, 		0.3087,		5.791,		2-2
12, 14, 3, 		20, 		0.3341,		2.103,		2-2
16, 6, 3, 		20, 		0.7647,		6.043,		2-2
16, 5, 3, 		20, 		0.6012,		2.157,		2-2
13, 3, 3, 		10, 		0.3302,		2.979,		2-2
13, 6, 3, 		10, 		0.3561,		2.194,		2-2
3, 14, 3, 		10, 		0.3056,		3.468,		2-2
14, 13, 3, 		20, 		0.4490,		1.254,		2-2
4, 12, 3, 		20, 		0.5204,		5.115,		2-2
3, 15, 3, 		20, 		0.7017,		4.948,		2-2
5, 4, 3, 		20, 		0.4165,		2.702,		2-2
14, 6, 3, 		10, 		0.3386,		2.579,		2-2
15, 11, 3, 		20, 		0.4127,		4.264,		2-2
5, 1, 3, 		8, 10, 3, 20, 		0.4233,		2.951,		2-2		
20, 		0.3622,		1.470,		2-2
10, 1, 3, 		20, 		0.7124,		5.754,		2-1
8, 11, 3, 		20, 		0.4384,		3.309,		2-2
10, 13, 3, 		20, 		0.4520,		6.853,		2-2
5, 12, 3, 		20, 		0.5990,		4.980,		2-2
9, 14, 3, 		20, 		0.5078,		9.768,		2-2
12, 5, 3, 		20, 		0.6223,		2.290,		2-2
8, 7, 3, 		20, 		0.3903,		3.431,		2-2
6, 14, 3, 		20, 		0.5690,		3.703,		2-2
6, 15, 3, 		20, 		0.6767,		3.588,		2-2
11, 11, 3, 		20, 		0.4181,		4.189,		2-3
5, 13, 3, 		20, 		0.5718,		3.616,		2-2
9, 8, 3, 		20, 		0.3326,		0.9846,		2-2
10, 12, 3, 		20, 		0.5554,		8.055,		2-3
9, 9, 3, 		20, 		0.3474,		0.4305,		2-2
4, 15, 3, 		20, 		0.5931,		5.225,		2-2
11, 8, 3, 		20, 		0.3419,		1.201,		2-2
6, 13, 3, 		10, 		0.3313,		2.097,		2-2
2, 7, 3, 		20, 		0.4881,		5.727,		2-2
10, 14, 3, 		20, 		0.4344,		6.385,		2-2
11, 7, 3, 		20, 		0.3510,		2.368,		2-2
13, 15, 3, 		20, 		0.4008,		1.766,		2-2
2, 14, 3, 		20, 		0.5343,		4.020,		2-2
5, 5, 3, 		20, 		0.4247,		4.827,		2-2
11, 5, 3, 		20, 		0.5641,		2.202,		2-2
11, 9, 3, 		20, 		0.3425,		2.213,		2-2
8, 3, 3, 		20, 		0.5141,		10.61,		2-2
7, 6, 3, 		20, 		0.3617,		2.162,		2-2
4, 10, 3, 		10, 		0.3979,		5.496,		2-2
16, 12, 3, 		20, 		0.5956,		4.498,		2-2
2, 10, 3, 		20, 		0.5323,		6.350,		2-2
14, 5, 3, 		20, 		0.5465,		1.929,		2-2
15, 13, 3, 		20, 		0.4212,		1.235,		2-2
10, 3, 3, 		20, 		0.6172,		9.184,		2-2
13, 13, 3, 		20, 		0.4021,		3.878,		2-2
11, 2, 3, 		10, 		0.4269,		4.568,		2-2
4, 11, 3, 		20, 		0.6263,		1.838,		2-2
7, 13, 3, 		20, 		0.5610,		4.331,		2-2
4, 6, 3, 		20, 		0.4069,		3.264,		2-2
1, 6, 3, 		20, 		0.5202,		3.599,		2-2
12, 6, 3, 		20, 		0.6683,		1.475,		2-2
14, 15, 3, 		20, 		0.5219,		3.089,		2-2
10, 11, 3, 		20, 		0.3453,		2.612,		2-2
12, 1, 3, 		20, 		0.7486,		3.327,		2-2
16, 11, 3, 		20, 		0.4926,		7.733,		2-2
3, 3, 3, 		20, 		0.4441,		2.701,		2-2
7, 9, 3, 		20, 		0.3135,		1.023,		2-2
6, 10, 3, 		20, 		0.3480,		4.664,		2-2
9, 4, 3, 		20, 		0.5372,		12.52,		2-3
13, 4, 3, 		20, 		0.6017,		1.795,		2-2
2, 5, 3, 		20, 		0.4963,		2.456,		2-2
7, 8, 3, 		20, 		0.3183,		1.676,		2-2
2, 6, 3, 		20, 		0.4956,		5.087,		2-2
5, 6, 3, 		20, 		0.4240,		3.035,		2-2
7, 16, 3, 		20, 		0.8376,		15.61,		2-1
6, 9, 3, 		20, 		0.3231,		1.575,		2-2
6, 3, 3, 		20, 		0.5218,		2.033,		2-2
10, 10, 3, 		20, 		0.3373,		2.483,		2-2
4, 7, 3, 		20, 		0.5291,		5.003,		2-2
15, 10, 3, 		10, 		0.3022,		6.592,		2-2
11, 14, 3, 		20, 		0.4077,		2.052,		2-2
14, 12, 3, 		20, 		0.4231,		1.665,		2-2
4, 8, 3, 		20, 		0.5941,		11.45,		2-3
5, 14, 3, 		20, 		0.5507,		3.055,		2-2
9, 10, 3, 		20, 		0.3481,		2.733,		2-2
11, 13, 3, 		20, 		0.4654,		3.130,		2-2
10, 4, 3, 		20, 		0.6337,		9.607,		2-2
6, 16, 3, 		20, 		0.6718,		4.133,		2-2
2, 3, 3, 		20, 		0.5149,		5.405,		2-2
9, 5, 3, 		20, 		0.4852,		9.755,		2-3
9, 12, 3, 		20, 		0.5126,		12.37,		2-3
6, 7, 3, 		20, 		0.3638,		2.730,		2-2
5, 8, 3, 		20, 		0.6049,		10.79,		2-3
3, 2, 3, 		20, 		0.4109,		3.349,		2-2
15, 12, 3, 		20, 		0.4240,		1.625,		2-2
13, 10, 3, 		20, 		0.5655,		16.50,		2-2
1, 11, 3, 		10, 		0.4967,		2.519,		2-2
12, 9, 3, 		20, 		0.5895,		10.06,		2-3
13, 14, 3, 		20, 		0.3778,		2.540,		2-2
10, 9, 3, 		20, 		0.3313,		1.871,		2-2
12, 13, 3, 		20, 		0.3685,		3.698,		2-2
11, 6, 3, 		20, 		0.5886,		1.624,		2-3
3, 8, 3, 		20, 		0.6321,		11.21,		2-2
12, 7, 3, 		20, 		0.4906,		4.662,		2-3
13, 8, 3, 		20, 		0.6245,		11.09,		2-3
5, 9, 3, 		20, 		0.5879,		11.40,		2-3
12, 2, 3, 		10, 		0.3720,		1.882,		2-2
7, 7, 3, 		20, 		0.2970,		0.5438,		2-2
5, 10, 3, 		20, 		0.5955,		8.302,		2-3
6, 6, 3, 		20, 		0.4854,		3.695,		2-3
7, 10, 3, 		20, 		0.3553,		2.064,		2-2
8, 9, 3, 		20, 		0.3319,		2.164,		2-2
5, 11, 3, 		20, 		0.5730,		3.211,		2-2
12, 16, 3, 		20, 		0.5250,		1.767,		2-2
13, 12, 3, 		20, 		0.4114,		6.681,		2-2
8, 6, 3, 		20, 		0.3318,		2.955,		2-2
8, 5, 3, 		20, 		0.5144,		7.688,		2-3
7, 5, 3, 		20, 		0.4757,		5.770,		2-3
6, 5, 3, 		20, 		0.4660,		4.035,		2-2
7, 2, 3, 		20, 		0.5179,		3.879,		2-2
11, 16, 3, 		20, 		0.5889,		4.045,		2-2
11, 15, 3, 		20, 		0.4369,		0.8273,		2-2
3, 7, 3, 		20, 		0.4716,		6.429,		2-2
15, 3, 3, 		20, 		0.5260,		1.213,		2-2
10, 7, 3, 		20, 		0.3384,		1.950,		2-2
9, 7, 3, 		20, 		0.3595,		0.5883,		2-2
5, 2, 3, 		20, 		0.3546,		1.899,		2-2
11, 12, 3, 		20, 		0.4362,		4.115,		2-2
8, 13, 3, 		20, 		0.5182,		8.587,		2-3
10, 2, 3, 		20, 		0.7468,		7.529,		2-2
10, 8, 3, 		20, 		0.3311,		2.209,		2-2
14, 9, 3, 		20, 		0.5257,		13.46,		2-2
7, 3, 3, 		20, 		0.4512,		4.954,		2-2
15, 14, 3, 		20, 		0.3349,		2.188,		2-2
6, 12, 3, 		20, 		0.7020,		1.475,		2-2
14, 14, 3, 		20, 		0.3910,		1.861,		2-2
4, 9, 3, 		20, 		0.6002,		12.63,		2-3
14, 4, 3, 		20, 		0.4980,		1.825,		2-2
8, 14, 3, 		20, 		0.4616,		8.606,		2-2
12, 4, 3, 		20, 		0.6375,		1.833,		2-2
12, 15, 3, 		20, 		0.3796,		0.7118,		2-2
7, 15, 3, 		20, 		0.6253,		6.795,		2-2
13, 11, 3, 		20, 		0.4360,		6.904,		2-2
6, 2, 3, 		20, 		0.4557,		2.938,		2-2
8, 4, 3, 		20, 		0.5151,		12.27,		2-3
7, 4, 3, 		20, 		0.4405,		8.817,		2-2
15, 4, 3, 		10, 		0.3075,		5.280,		2-2
9, 6, 3, 		20, 		0.3568,		2.946,		2-2
5, 7, 3, 		20, 		0.6005,		7.336,		2-3
8, 8, 3, 		20, 		0.3343,		2.165,		2-2
14, 11, 3, 		20, 		0.4033,		4.444,		2-2
14, 10, 3, 		20, 		0.4565,		10.11,		2-2
12, 11, 3, 		20, 		0.4431,		7.709,		2-2
