1, 1, 1, 		10, 		0.02558,		9.075,		2-1
1, 2, 1, 		10, 		0.02258,		11.40,		2-1
1, 3, 1, 		10, 		0.02737,		3.880,		1-1
1, 4, 1, 		10, 		0.02581,		1.784,		1-1
1, 5, 1, 		10, 		0.03126,		3.740,		1-1
1, 6, 1, 		10, 		0.07827,		3.657,		1-1
1, 7, 1, 		10, 		0.05877,		7.737,		3-2
1, 8, 1, 		10, 		0.06781,		4.444,		2-2
1, 9, 1, 		10, 		0.08355,		5.569,		2-2
1, 10, 1, 		10, 		0.07814,		8.335,		3-2
2, 1, 1, 		10, 		0.02107,		5.883,		1-1
2, 2, 1, 		10, 		0.02356,		2.874,		1-1
2, 3, 1, 		10, 		0.03658,		2.903,		1-1
2, 4, 1, 		10, 		0.05043,		6.253,		3-2
2, 5, 1, 		10, 		0.05934,		5.802,		2-2
2, 6, 1, 		10, 		0.08353,		5.943,		1-1
2, 7, 1, 		10, 		0.05368,		8.775,		3-2
2, 8, 1, 		10, 		0.06375,		6.174,		2-2
2, 9, 1, 		10, 		0.06746,		8.285,		3-2
2, 10, 1, 		10, 		0.06885,		8.401,		3-2
3, 1, 1, 		10, 		0.03315,		1.077,		1-1
3, 2, 1, 		10, 		0.03374,		6.208,		2-1
3, 3, 1, 		10, 		0.07382,		6.375,		2-2
3, 4, 1, 		10, 		0.05954,		7.213,		3-2
3, 5, 1, 		10, 		0.06630,		7.601,		3-2
3, 6, 1, 		10, 		0.06424,		7.879,		2-2
3, 7, 1, 		10, 		0.06230,		8.358,		3-2
3, 8, 1, 		10, 		0.07533,		6.026,		2-2
3, 9, 1, 		10, 		0.07291,		10.89,		2-2
3, 10, 1, 		10, 		0.07961,		5.915,		2-2
4, 1, 1, 		10, 		0.06245,		10.67,		2-2
4, 2, 1, 		10, 		0.06419,		8.049,		2-2
4, 3, 1, 		10, 		0.07383,		5.478,		2-2
4, 4, 1, 		10, 		0.08070,		1.515,		2-2
4, 5, 1, 		10, 		0.08295,		3.228,		2-2
4, 6, 1, 		10, 		0.07490,		2.773,		2-2
4, 7, 1, 		10, 		0.07564,		2.181,		2-2
4, 8, 1, 		10, 		0.08480,		6.323,		2-2
4, 9, 1, 		10, 		0.08269,		2.662,		2-2
4, 10, 1, 		10, 		0.08895,		3.389,		2-2
5, 1, 1, 		10, 		0.06872,		6.201,		2-2
5, 2, 1, 		10, 		0.07063,		5.285,		2-2
5, 3, 1, 		10, 		0.08093,		6.103,		2-2
5, 4, 1, 		10, 		0.08970,		1.365,		2-2
5, 5, 1, 		10, 		0.09881,		0.9963,		3-3
5, 6, 1, 		10, 		0.09375,		1.037,		3-3
5, 7, 1, 		10, 		0.08585,		2.089,		3-3
5, 8, 1, 		10, 		0.05206,		2.302,		3-3
5, 9, 1, 		10, 		0.04004,		1.886,		3-3
5, 10, 1, 		10, 		0.03343,		1.756,		2-2
6, 1, 1, 		10, 		0.06213,		7.448,		3-2
6, 2, 1, 		10, 		0.06151,		4.385,		2-2
6, 3, 1, 		10, 		0.06628,		5.485,		2-2
6, 4, 1, 		10, 		0.06840,		1.410,		2-2
6, 5, 1, 		10, 		0.08367,		1.920,		3-3
6, 6, 1, 		10, 		0.08212,		1.904,		3-3
6, 7, 1, 		10, 		0.08245,		2.250,		3-3
6, 8, 1, 		10, 		0.03649,		1.158,		2-2
6, 9, 1, 		10, 		0.02809,		1.526,		2-2
6, 10, 1, 		10, 		0.02620,		1.801,		2-2
7, 1, 1, 		10, 		0.04995,		12.13,		3-2
7, 2, 1, 		10, 		0.04974,		4.566,		2-2
7, 3, 1, 		10, 		0.04960,		2.990,		2-2
7, 4, 1, 		10, 		0.05316,		1.908,		2-2
7, 5, 1, 		10, 		0.07939,		2.893,		3-3
7, 6, 1, 		10, 		0.06947,		7.430,		3-2
7, 7, 1, 		10, 		0.06165,		3.134,		2-2
7, 8, 1, 		10, 		0.03471,		2.707,		2-2
7, 9, 1, 		10, 		0.03144,		6.608,		2-2
7, 10, 1, 		10, 		0.02849,		1.150,		2-2
8, 1, 1, 		10, 		0.04515,		13.58,		2-2
8, 2, 1, 		10, 		0.03822,		8.709,		2-2
8, 3, 1, 		10, 		0.03611,		5.390,		2-2
8, 4, 1, 		10, 		0.02974,		2.392,		2-1
8, 5, 1, 		10, 		0.02409,		2.164,		2-2
8, 6, 1, 		10, 		0.02913,		6.148,		2-2
8, 7, 1, 		10, 		0.03249,		3.402,		2-2
8, 8, 1, 		10, 		0.03717,		2.748,		2-2
8, 9, 1, 		10, 		0.03715,		5.882,		2-2
8, 10, 1, 		10, 		0.04265,		2.203,		2-2
9, 1, 1, 		10, 		0.03969,		15.75,		2-2
9, 2, 1, 		10, 		0.03418,		10.54,		2-2
9, 3, 1, 		10, 		0.02677,		4.364,		2-1
9, 4, 1, 		10, 		0.02760,		3.619,		2-1
9, 5, 1, 		10, 		0.01753,		0.9677,		2-2
9, 6, 1, 		10, 		0.01424,		0.7432,		1-1
9, 7, 1, 		10, 		0.02853,		4.515,		2-2
9, 8, 1, 		10, 		0.03891,		4.001,		2-2
9, 9, 1, 		10, 		0.03890,		6.377,		3-2
9, 10, 1, 		10, 		0.04986,		7.864,		2-2
10, 1, 1, 		10, 		0.02981,		13.16,		2-1
10, 2, 1, 		10, 		0.02826,		5.252,		1-1
10, 3, 1, 		10, 		0.02611,		11.91,		2-1
10, 4, 1, 		10, 		0.02992,		11.00,		2-1
10, 5, 1, 		10, 		0.02267,		4.056,		2-2
10, 6, 1, 		10, 		0.01433,		0.6723,		1-1
10, 7, 1, 		10, 		0.03318,		4.399,		2-2
10, 8, 1, 		10, 		0.03923,		5.184,		2-2
10, 9, 1, 		10, 		0.05011,		4.726,		2-2
10, 10, 1, 		10, 		0.06179,		6.374,		3-2
