1, 1, 1, 		10, 		0.01006,		1.938,		1-1
1, 1, 2, 		10, 		0.008184,		0.1136,		1-1
1, 1, 3, 		10, 		0.01404,		7.112,		2-1
1, 1, 4, 		10, 		0.008368,		0.7146,		1-1
1, 1, 5, 		10, 		0.01052,		0.7846,		1-1
1, 2, 1, 		10, 		0.008984,		0.7682,		1-1
1, 2, 2, 		10, 		0.006825,		0.4808,		1-1
1, 2, 3, 		10, 		0.007759,		0.1523,		1-1
1, 2, 4, 		10, 		0.01344,		6.733,		2-1
1, 2, 5, 		10, 		0.01007,		0.5352,		1-1
1, 3, 1, 		10, 		0.01646,		7.149,		2-1
1, 3, 2, 		10, 		0.01046,		0.2783,		1-1
1, 3, 3, 		10, 		0.008283,		0.2022,		1-1
1, 3, 4, 		10, 		0.01535,		5.554,		2-1
1, 3, 5, 		10, 		0.01037,		0.3496,		1-1
1, 4, 1, 		10, 		0.01390,		0.6049,		1-1
1, 4, 2, 		10, 		0.01456,		0.3598,		1-1
1, 4, 3, 		10, 		0.009550,		0.1868,		1-1
1, 4, 4, 		10, 		0.01524,		0.2918,		1-1
1, 4, 5, 		10, 		0.01535,		0.6407,		1-1
1, 5, 1, 		10, 		0.08672,		7.755,		2-1
1, 5, 2, 		10, 		0.04337,		5.755,		2-2
1, 5, 3, 		10, 		0.05290,		4.684,		2-2
1, 5, 4, 		10, 		0.04408,		8.394,		3-2
1, 5, 5, 		10, 		0.04627,		5.351,		2-2
1, 6, 1, 		10, 		0.07389,		14.16,		3-1
1, 6, 2, 		10, 		0.05483,		4.776,		2-2
1, 6, 3, 		10, 		0.05405,		4.696,		2-2
1, 6, 4, 		10, 		0.05151,		6.741,		2-2
1, 6, 5, 		10, 		0.06459,		12.15,		2-2
1, 7, 1, 		10, 		0.06494,		20.30,		3-1
1, 7, 2, 		10, 		0.06758,		13.79,		3-1
1, 7, 3, 		10, 		0.07089,		15.80,		3-1
1, 7, 4, 		10, 		0.06439,		18.79,		3-1
1, 7, 5, 		10, 		0.07213,		15.82,		3-1
1, 8, 1, 		10, 		0.06478,		20.17,		3-1
1, 8, 2, 		10, 		0.06511,		17.31,		3-1
1, 8, 3, 		10, 		0.06909,		20.39,		3-1
1, 8, 4, 		10, 		0.06332,		21.24,		3-1
1, 8, 5, 		10, 		0.06626,		18.27,		3-1
1, 9, 1, 		10, 		0.06302,		20.02,		3-1
1, 9, 2, 		10, 		0.06959,		19.38,		3-1
1, 9, 3, 		10, 		0.07042,		20.50,		3-1
1, 9, 4, 		10, 		0.06864,		21.41,		3-1
1, 9, 5, 		10, 		0.06859,		22.44,		3-1
1, 10, 1, 		10, 		0.06432,		16.37,		3-1
1, 10, 2, 		10, 		0.07850,		16.00,		3-1
1, 10, 3, 		10, 		0.08665,		13.69,		3-1
1, 10, 4, 		10, 		0.09080,		18.13,		3-1
1, 10, 5, 		10, 		0.08154,		18.40,		3-1
1, 11, 1, 		10, 		0.09975,		6.468,		2-2
1, 11, 2, 		10, 		0.08635,		8.894,		3-2
1, 11, 3, 		10, 		0.08400,		3.763,		2-2
1, 11, 4, 		10, 		0.08217,		5.065,		3-2
1, 11, 5, 		10, 		0.08979,		19.83,		3-1
1, 12, 1, 		10, 		0.09398,		4.612,		2-2
1, 12, 2, 		10, 		0.09359,		6.368,		2-2
1, 12, 3, 		10, 		0.07907,		4.515,		2-2
1, 12, 4, 		10, 		0.08377,		5.000,		2-2
1, 12, 5, 		10, 		0.09875,		12.36,		2-1
1, 13, 1, 		10, 		0.06607,		3.905,		1-1
1, 13, 2, 		10, 		0.05243,		5.236,		1-1
1, 13, 3, 		10, 		0.04519,		4.772,		1-1
1, 13, 4, 		10, 		0.04851,		5.173,		1-1
1, 13, 5, 		10, 		0.04705,		15.02,		2-1
1, 14, 1, 		10, 		0.04819,		9.732,		2-1
1, 14, 2, 		10, 		0.04562,		9.719,		2-1
1, 14, 3, 		10, 		0.04401,		12.03,		2-1
1, 14, 4, 		10, 		0.04292,		12.40,		2-1
1, 14, 5, 		10, 		0.03846,		13.87,		2-1
1, 15, 1, 		10, 		0.04929,		14.19,		2-1
1, 15, 2, 		10, 		0.04269,		8.705,		2-1
1, 15, 3, 		10, 		0.04026,		14.65,		2-1
1, 15, 4, 		10, 		0.03520,		12.29,		3-1
1, 15, 5, 		10, 		0.03495,		9.225,		2-1
1, 16, 1, 		10, 		0.03785,		10.94,		2-1
1, 16, 2, 		10, 		0.03465,		12.22,		3-1
1, 16, 3, 		10, 		0.03991,		8.536,		2-1
1, 16, 4, 		10, 		0.03141,		15.35,		2-1
1, 16, 5, 		10, 		0.03485,		10.34,		2-1
2, 1, 1, 		10, 		0.01405,		1.878,		1-1
2, 1, 2, 		10, 		0.005871,		0.3082,		1-1
2, 1, 3, 		10, 		0.006494,		0.1449,		1-1
2, 1, 4, 		10, 		0.008342,		0.4739,		1-1
2, 1, 5, 		10, 		0.01663,		4.304,		2-1
2, 2, 1, 		10, 		0.02085,		5.365,		2-1
2, 2, 2, 		10, 		0.008188,		0.8493,		1-1
2, 2, 3, 		10, 		0.01621,		5.279,		2-1
2, 2, 4, 		10, 		0.009075,		0.2893,		1-1
2, 2, 5, 		10, 		0.01244,		0.6821,		1-1
2, 3, 1, 		10, 		0.05583,		1.251,		2-2
2, 3, 2, 		10, 		0.04115,		6.683,		3-2
2, 3, 3, 		10, 		0.03735,		8.463,		3-2
2, 3, 4, 		10, 		0.03898,		7.762,		3-2
2, 3, 5, 		10, 		0.04655,		3.596,		2-2
2, 4, 1, 		10, 		0.04169,		6.425,		3-2
2, 4, 2, 		10, 		0.04110,		7.474,		3-2
2, 4, 3, 		10, 		0.05653,		8.052,		2-2
2, 4, 4, 		10, 		0.04233,		6.201,		2-2
2, 4, 5, 		10, 		0.04072,		7.739,		3-2
2, 5, 1, 		10, 		0.04180,		7.175,		3-2
2, 5, 2, 		10, 		0.04627,		3.493,		2-2
2, 5, 3, 		10, 		0.04731,		8.140,		3-2
2, 5, 4, 		10, 		0.04461,		7.719,		3-2
2, 5, 5, 		10, 		0.04340,		10.23,		2-2
2, 6, 1, 		10, 		0.05153,		3.104,		2-2
2, 6, 2, 		10, 		0.04908,		4.509,		2-2
2, 6, 3, 		10, 		0.05080,		8.634,		3-2
2, 6, 4, 		10, 		0.04829,		7.431,		3-2
2, 6, 5, 		10, 		0.04914,		6.188,		2-2
2, 7, 1, 		10, 		0.07297,		16.78,		3-1
2, 7, 2, 		10, 		0.05566,		7.279,		3-2
2, 7, 3, 		10, 		0.05944,		4.113,		2-2
2, 7, 4, 		10, 		0.05291,		8.061,		3-2
2, 7, 5, 		10, 		0.05723,		11.42,		2-2
2, 8, 1, 		10, 		0.07141,		19.13,		3-1
2, 8, 2, 		10, 		0.06644,		17.19,		3-1
2, 8, 3, 		10, 		0.06691,		17.86,		3-1
2, 8, 4, 		10, 		0.07350,		19.92,		3-1
2, 8, 5, 		10, 		0.06723,		17.98,		3-1
2, 9, 1, 		10, 		0.07689,		17.73,		3-1
2, 9, 2, 		10, 		0.07909,		17.17,		3-1
2, 9, 3, 		10, 		0.08272,		18.37,		3-1
2, 9, 4, 		10, 		0.07624,		18.32,		3-1
2, 9, 5, 		10, 		0.06795,		18.70,		3-1
2, 10, 1, 		10, 		0.08147,		7.647,		3-2
2, 10, 2, 		10, 		0.08497,		5.223,		2-2
2, 10, 3, 		10, 		0.08502,		11.20,		3-2
2, 10, 4, 		10, 		0.08098,		9.313,		3-2
2, 10, 5, 		10, 		0.09100,		19.18,		3-1
2, 11, 1, 		10, 		0.09283,		5.422,		2-2
2, 11, 2, 		10, 		0.08401,		10.12,		3-2
2, 11, 3, 		10, 		0.07768,		3.432,		3-2
2, 11, 4, 		10, 		0.08261,		10.12,		3-2
2, 11, 5, 		10, 		0.1021,		5.014,		2-2
2, 12, 1, 		10, 		0.08946,		3.395,		2-2
2, 12, 2, 		10, 		0.08692,		3.820,		2-2
2, 12, 3, 		10, 		0.08503,		4.773,		2-2
2, 12, 4, 		10, 		0.08519,		4.660,		2-2
2, 12, 5, 		10, 		0.09357,		5.359,		2-2
2, 13, 1, 		10, 		0.08498,		5.000,		2-2
2, 13, 2, 		10, 		0.08565,		4.846,		2-2
2, 13, 3, 		10, 		0.08693,		6.662,		2-2
2, 13, 4, 		10, 		0.08680,		4.200,		2-2
2, 13, 5, 		10, 		0.08697,		4.594,		2-2
2, 14, 1, 		10, 		0.08877,		5.565,		2-2
2, 14, 2, 		10, 		0.08860,		3.611,		2-2
2, 14, 3, 		10, 		0.09135,		7.408,		2-2
2, 14, 4, 		10, 		0.09689,		6.358,		2-2
2, 14, 5, 		10, 		0.09259,		4.711,		2-2
2, 15, 1, 		10, 		0.05595,		10.14,		2-1
2, 15, 2, 		10, 		0.05136,		9.315,		2-1
2, 15, 3, 		10, 		0.04743,		8.563,		2-1
2, 15, 4, 		10, 		0.04469,		8.469,		2-1
2, 15, 5, 		10, 		0.04846,		8.200,		2-1
2, 16, 1, 		10, 		0.03873,		11.01,		3-1
2, 16, 2, 		10, 		0.03730,		10.54,		2-1
2, 16, 3, 		10, 		0.03885,		13.80,		2-1
2, 16, 4, 		10, 		0.03561,		9.577,		2-1
2, 16, 5, 		10, 		0.04009,		12.27,		2-1
3, 1, 1, 		10, 		0.009228,		0.7369,		1-1
3, 1, 2, 		10, 		0.007233,		0.3315,		1-1
3, 1, 3, 		10, 		0.008461,		0.04672,		1-1
3, 1, 4, 		10, 		0.01192,		0.2963,		1-1
3, 1, 5, 		10, 		0.02000,		4.888,		1-1
3, 2, 1, 		10, 		0.04531,		6.382,		2-2
3, 2, 2, 		10, 		0.04501,		6.001,		2-2
3, 2, 3, 		10, 		0.04375,		4.084,		2-2
3, 2, 4, 		10, 		0.04277,		4.693,		2-2
3, 2, 5, 		10, 		0.05041,		7.605,		3-2
3, 3, 1, 		10, 		0.04546,		7.694,		3-2
3, 3, 2, 		10, 		0.04556,		7.590,		3-2
3, 3, 3, 		10, 		0.04420,		9.060,		3-2
3, 3, 4, 		10, 		0.04528,		5.989,		3-2
3, 3, 5, 		10, 		0.04905,		1.756,		3-2
3, 4, 1, 		10, 		0.04528,		9.627,		3-2
3, 4, 2, 		10, 		0.04763,		9.534,		3-2
3, 4, 3, 		10, 		0.05020,		4.813,		2-2
3, 4, 4, 		10, 		0.05288,		3.171,		2-2
3, 4, 5, 		10, 		0.04568,		7.054,		3-2
3, 5, 1, 		10, 		0.04808,		6.528,		2-2
3, 5, 2, 		10, 		0.04906,		3.939,		2-2
3, 5, 3, 		10, 		0.04855,		7.258,		3-2
3, 5, 4, 		10, 		0.06045,		7.890,		2-2
3, 5, 5, 		10, 		0.04802,		4.156,		2-2
3, 6, 1, 		10, 		0.04340,		9.267,		3-2
3, 6, 2, 		10, 		0.05718,		3.338,		2-2
3, 6, 3, 		10, 		0.04627,		8.634,		3-2
3, 6, 4, 		10, 		0.05397,		3.865,		2-2
3, 6, 5, 		10, 		0.04742,		8.671,		3-2
3, 7, 1, 		10, 		0.05257,		5.736,		2-2
3, 7, 2, 		10, 		0.04994,		6.352,		3-2
3, 7, 3, 		10, 		0.04737,		5.906,		3-2
3, 7, 4, 		10, 		0.04582,		5.287,		3-2
3, 7, 5, 		10, 		0.05260,		5.849,		3-2
3, 8, 1, 		10, 		0.08160,		12.67,		3-1
3, 8, 2, 		10, 		0.06396,		4.983,		3-2
3, 8, 3, 		10, 		0.05438,		4.966,		3-2
3, 8, 4, 		10, 		0.05213,		4.170,		3-2
3, 8, 5, 		10, 		0.06246,		4.504,		3-2
3, 9, 1, 		10, 		0.08841,		9.721,		3-2
3, 9, 2, 		10, 		0.07483,		6.921,		3-2
3, 9, 3, 		10, 		0.07247,		5.212,		3-2
3, 9, 4, 		10, 		0.07533,		5.048,		3-2
3, 9, 5, 		10, 		0.08319,		13.60,		3-1
3, 10, 1, 		10, 		0.09184,		2.743,		2-2
3, 10, 2, 		10, 		0.08035,		9.638,		3-2
3, 10, 3, 		10, 		0.08203,		8.240,		2-2
3, 10, 4, 		10, 		0.08221,		4.558,		2-2
3, 10, 5, 		10, 		0.08793,		4.307,		2-2
3, 11, 1, 		10, 		0.08795,		11.70,		3-2
3, 11, 2, 		10, 		0.08916,		5.919,		2-2
3, 11, 3, 		10, 		0.09241,		5.666,		2-2
3, 11, 4, 		10, 		0.08612,		10.20,		3-2
3, 11, 5, 		10, 		0.08856,		8.078,		3-2
3, 12, 1, 		10, 		0.08773,		7.871,		3-2
3, 12, 2, 		10, 		0.1123,		2.073,		2-2
3, 12, 3, 		10, 		0.09062,		5.216,		2-2
3, 12, 4, 		10, 		0.1023,		3.208,		2-2
3, 12, 5, 		10, 		0.09176,		5.519,		2-2
3, 13, 1, 		10, 		0.08885,		6.217,		2-2
3, 13, 2, 		10, 		0.08656,		5.581,		2-2
3, 13, 3, 		10, 		0.08626,		7.005,		3-2
3, 13, 4, 		10, 		0.08580,		10.14,		3-2
3, 13, 5, 		10, 		0.09060,		6.142,		2-2
3, 14, 1, 		10, 		0.08966,		8.728,		3-2
3, 14, 2, 		10, 		0.08953,		6.790,		3-2
3, 14, 3, 		10, 		0.08883,		6.511,		2-2
3, 14, 4, 		10, 		0.09310,		5.194,		2-2
3, 14, 5, 		10, 		0.09281,		6.194,		2-2
3, 15, 1, 		10, 		0.09153,		6.216,		2-2
3, 15, 2, 		10, 		0.09257,		5.667,		2-2
3, 15, 3, 		10, 		0.08803,		5.934,		2-2
3, 15, 4, 		10, 		0.08874,		5.463,		2-2
3, 15, 5, 		10, 		0.08651,		5.419,		2-2
3, 16, 1, 		10, 		0.04430,		6.272,		1-1
3, 16, 2, 		10, 		0.04147,		13.78,		2-1
3, 16, 3, 		10, 		0.04353,		4.948,		1-1
3, 16, 4, 		10, 		0.04697,		10.23,		2-1
3, 16, 5, 		10, 		0.04966,		9.372,		2-1
4, 1, 1, 		10, 		0.01312,		0.7079,		1-1
4, 1, 2, 		10, 		0.01920,		2.766,		1-1
4, 1, 3, 		10, 		0.01109,		0.2362,		1-1
4, 1, 4, 		10, 		0.02119,		2.714,		1-1
4, 1, 5, 		10, 		0.02535,		3.477,		1-1
4, 2, 1, 		10, 		0.04937,		5.293,		2-2
4, 2, 2, 		10, 		0.04871,		4.943,		2-2
4, 2, 3, 		10, 		0.04080,		8.917,		3-2
4, 2, 4, 		10, 		0.04196,		4.441,		2-2
4, 2, 5, 		10, 		0.05222,		5.648,		2-2
4, 3, 1, 		10, 		0.05709,		3.551,		2-2
4, 3, 2, 		10, 		0.04644,		9.705,		3-2
4, 3, 3, 		10, 		0.04861,		6.208,		2-2
4, 3, 4, 		10, 		0.05358,		4.739,		2-2
4, 3, 5, 		10, 		0.05189,		6.101,		2-2
4, 4, 1, 		10, 		0.05107,		9.395,		3-2
4, 4, 2, 		10, 		0.05594,		5.210,		2-2
4, 4, 3, 		10, 		0.05266,		4.606,		2-2
4, 4, 4, 		10, 		0.04863,		9.341,		3-2
4, 4, 5, 		10, 		0.05390,		5.231,		2-2
4, 5, 1, 		10, 		0.05005,		9.378,		3-2
4, 5, 2, 		10, 		0.05023,		10.23,		3-2
4, 5, 3, 		10, 		0.04975,		9.197,		3-2
4, 5, 4, 		10, 		0.04637,		8.418,		3-2
4, 5, 5, 		10, 		0.04855,		9.706,		3-2
4, 6, 1, 		10, 		0.04821,		8.777,		3-2
4, 6, 2, 		10, 		0.04765,		7.370,		3-2
4, 6, 3, 		10, 		0.04812,		9.921,		3-2
4, 6, 4, 		10, 		0.04594,		10.42,		3-2
4, 6, 5, 		10, 		0.05226,		5.042,		2-2
4, 7, 1, 		10, 		0.04957,		4.794,		2-2
4, 7, 2, 		10, 		0.04702,		6.190,		3-2
4, 7, 3, 		10, 		0.04882,		3.747,		2-2
4, 7, 4, 		10, 		0.05469,		9.586,		2-2
4, 7, 5, 		10, 		0.05378,		6.657,		3-2
4, 8, 1, 		10, 		0.05845,		5.992,		3-3
4, 8, 2, 		10, 		0.05186,		5.477,		3-3
4, 8, 3, 		10, 		0.04861,		4.551,		3-3
4, 8, 4, 		10, 		0.06310,		5.363,		2-3
4, 8, 5, 		10, 		0.05977,		3.502,		3-3
4, 9, 1, 		10, 		0.07043,		6.588,		3-3
4, 9, 2, 		10, 		0.06021,		5.812,		3-3
4, 9, 3, 		10, 		0.05857,		4.266,		3-3
4, 9, 4, 		10, 		0.05876,		3.980,		3-3
4, 9, 5, 		10, 		0.06379,		4.187,		3-3
4, 10, 1, 		10, 		0.09643,		5.855,		2-2
4, 10, 2, 		10, 		0.09254,		10.71,		2-2
4, 10, 3, 		10, 		0.07238,		6.443,		3-2
4, 10, 4, 		10, 		0.08346,		9.477,		2-2
4, 10, 5, 		10, 		0.07393,		5.420,		3-2
4, 11, 1, 		10, 		0.09515,		3.526,		2-2
4, 11, 2, 		10, 		0.09295,		4.703,		2-2
4, 11, 3, 		10, 		0.08619,		4.388,		2-2
4, 11, 4, 		10, 		0.08313,		4.934,		2-2
4, 11, 5, 		10, 		0.08059,		6.942,		3-2
4, 12, 1, 		10, 		0.09420,		9.701,		3-2
4, 12, 2, 		10, 		0.09063,		5.354,		2-2
4, 12, 3, 		10, 		0.09018,		5.844,		2-2
4, 12, 4, 		10, 		0.08843,		7.188,		3-2
4, 12, 5, 		10, 		0.08652,		9.700,		3-2
4, 13, 1, 		10, 		0.09363,		7.147,		2-2
4, 13, 2, 		10, 		0.08866,		9.269,		3-2
4, 13, 3, 		10, 		0.08761,		6.806,		2-2
4, 13, 4, 		10, 		0.09003,		7.497,		2-2
4, 13, 5, 		10, 		0.09334,		10.19,		3-2
4, 14, 1, 		10, 		0.09506,		4.521,		2-2
4, 14, 2, 		10, 		0.08856,		6.176,		2-2
4, 14, 3, 		10, 		0.08963,		5.004,		2-2
4, 14, 4, 		10, 		0.09624,		4.421,		2-2
4, 14, 5, 		10, 		0.09402,		5.130,		2-2
4, 15, 1, 		10, 		0.08754,		4.432,		2-2
4, 15, 2, 		10, 		0.08328,		6.031,		2-2
4, 15, 3, 		10, 		0.08444,		3.565,		2-2
4, 15, 4, 		10, 		0.09072,		4.004,		2-2
4, 15, 5, 		10, 		0.08689,		9.446,		3-2
4, 16, 1, 		10, 		0.04669,		3.371,		1-1
4, 16, 2, 		10, 		0.04370,		5.003,		1-1
4, 16, 3, 		10, 		0.04535,		4.240,		1-1
4, 16, 4, 		10, 		0.05541,		4.836,		1-1
4, 16, 5, 		10, 		0.06302,		12.48,		2-1
5, 1, 1, 		10, 		0.08298,		13.92,		3-1
5, 1, 2, 		10, 		0.04417,		6.246,		2-2
5, 1, 3, 		10, 		0.04087,		6.129,		3-2
5, 1, 4, 		10, 		0.04027,		4.374,		2-2
5, 1, 5, 		10, 		0.04217,		5.004,		2-2
5, 2, 1, 		10, 		0.05090,		7.598,		3-2
5, 2, 2, 		10, 		0.04217,		8.197,		3-2
5, 2, 3, 		10, 		0.04356,		6.072,		2-2
5, 2, 4, 		10, 		0.04420,		5.357,		2-2
5, 2, 5, 		10, 		0.04711,		6.153,		3-2
5, 3, 1, 		10, 		0.05065,		8.115,		3-2
5, 3, 2, 		10, 		0.04363,		8.082,		3-2
5, 3, 3, 		10, 		0.04597,		8.124,		3-2
5, 3, 4, 		10, 		0.04763,		7.912,		3-2
5, 3, 5, 		10, 		0.05171,		5.990,		2-2
5, 4, 1, 		10, 		0.05272,		6.412,		3-2
5, 4, 2, 		10, 		0.05735,		4.192,		2-2
5, 4, 3, 		10, 		0.05203,		7.084,		3-2
5, 4, 4, 		10, 		0.05213,		5.796,		3-2
5, 4, 5, 		10, 		0.05148,		6.376,		2-2
5, 5, 1, 		10, 		0.05248,		9.006,		3-2
5, 5, 2, 		10, 		0.05173,		7.792,		3-2
5, 5, 3, 		10, 		0.05457,		4.625,		2-2
5, 5, 4, 		10, 		0.04754,		5.987,		2-2
5, 5, 5, 		10, 		0.04528,		7.693,		3-2
5, 6, 1, 		10, 		0.05237,		7.152,		3-2
5, 6, 2, 		10, 		0.04935,		8.877,		3-2
5, 6, 3, 		10, 		0.04572,		9.221,		3-2
5, 6, 4, 		10, 		0.04429,		10.01,		3-2
5, 6, 5, 		10, 		0.04656,		10.38,		3-2
5, 7, 1, 		10, 		0.04280,		6.848,		3-3
5, 7, 2, 		10, 		0.04253,		6.526,		3-3
5, 7, 3, 		10, 		0.04073,		6.050,		3-3
5, 7, 4, 		10, 		0.04029,		5.896,		3-3
5, 7, 5, 		10, 		0.04619,		6.430,		3-3
5, 8, 1, 		10, 		0.04650,		6.244,		3-3
5, 8, 2, 		10, 		0.04237,		6.252,		3-3
5, 8, 3, 		10, 		0.04086,		5.151,		3-3
5, 8, 4, 		10, 		0.04184,		3.803,		3-3
5, 8, 5, 		10, 		0.04568,		3.161,		3-3
5, 9, 1, 		10, 		0.05528,		6.173,		3-3
5, 9, 2, 		10, 		0.04555,		7.432,		3-3
5, 9, 3, 		10, 		0.06660,		13.00,		2-3
5, 9, 4, 		10, 		0.04665,		4.655,		3-3
5, 9, 5, 		10, 		0.08449,		13.34,		2-3
5, 10, 1, 		10, 		0.06698,		8.715,		3-3
5, 10, 2, 		10, 		0.06094,		7.899,		3-3
5, 10, 3, 		10, 		0.05749,		6.886,		3-3
5, 10, 4, 		10, 		0.05900,		7.080,		3-3
5, 10, 5, 		10, 		0.05807,		6.774,		3-3
5, 11, 1, 		10, 		0.07883,		4.631,		2-2
5, 11, 2, 		10, 		0.07728,		4.232,		2-2
5, 11, 3, 		10, 		0.07982,		4.480,		2-2
5, 11, 4, 		10, 		0.07712,		7.316,		3-2
5, 11, 5, 		10, 		0.08950,		6.864,		2-2
5, 12, 1, 		10, 		0.08812,		7.608,		3-2
5, 12, 2, 		10, 		0.09094,		5.124,		2-2
5, 12, 3, 		10, 		0.08918,		2.453,		3-2
5, 12, 4, 		10, 		0.08556,		5.775,		3-2
5, 12, 5, 		10, 		0.08350,		7.367,		3-2
5, 13, 1, 		10, 		0.09195,		5.863,		2-2
5, 13, 2, 		10, 		0.09342,		3.537,		2-2
5, 13, 3, 		10, 		0.08956,		8.723,		3-2
5, 13, 4, 		10, 		0.08813,		10.00,		3-2
5, 13, 5, 		10, 		0.09102,		9.382,		3-2
5, 14, 1, 		10, 		0.08796,		5.497,		2-2
5, 14, 2, 		10, 		0.09368,		4.849,		2-2
5, 14, 3, 		10, 		0.08749,		8.563,		3-2
5, 14, 4, 		10, 		0.08809,		10.41,		3-2
5, 14, 5, 		10, 		0.09309,		5.094,		2-2
5, 15, 1, 		10, 		0.07783,		4.484,		2-2
5, 15, 2, 		10, 		0.08328,		4.156,		2-2
5, 15, 3, 		10, 		0.08528,		6.806,		2-2
5, 15, 4, 		10, 		0.08278,		7.595,		3-2
5, 15, 5, 		10, 		0.08601,		8.186,		3-2
5, 16, 1, 		10, 		0.07612,		4.769,		2-2
5, 16, 2, 		10, 		0.07522,		5.610,		2-2
5, 16, 3, 		10, 		0.08025,		8.653,		3-2
5, 16, 4, 		10, 		0.07892,		9.752,		3-2
5, 16, 5, 		10, 		0.08789,		9.299,		2-1
6, 1, 1, 		10, 		0.08461,		13.47,		3-1
6, 1, 2, 		10, 		0.04343,		7.708,		3-2
6, 1, 3, 		10, 		0.03971,		8.530,		3-2
6, 1, 4, 		10, 		0.04281,		6.070,		2-2
6, 1, 5, 		10, 		0.05194,		7.265,		3-2
6, 2, 1, 		10, 		0.05300,		10.27,		3-2
6, 2, 2, 		10, 		0.04317,		8.695,		3-2
6, 2, 3, 		10, 		0.04016,		8.085,		3-2
6, 2, 4, 		10, 		0.04051,		2.741,		2-2
6, 2, 5, 		10, 		0.04361,		6.546,		3-2
6, 3, 1, 		10, 		0.05305,		8.469,		3-2
6, 3, 2, 		10, 		0.04699,		7.360,		3-2
6, 3, 3, 		10, 		0.05242,		3.936,		2-2
6, 3, 4, 		10, 		0.06596,		9.568,		2-2
6, 3, 5, 		10, 		0.04607,		6.988,		2-2
6, 4, 1, 		10, 		0.05627,		4.354,		2-2
6, 4, 2, 		10, 		0.05626,		3.442,		2-2
6, 4, 3, 		10, 		0.05292,		6.179,		3-2
6, 4, 4, 		10, 		0.05413,		6.732,		2-2
6, 4, 5, 		10, 		0.05013,		8.003,		3-2
6, 5, 1, 		10, 		0.05322,		5.465,		3-2
6, 5, 2, 		10, 		0.05775,		5.379,		2-2
6, 5, 3, 		10, 		0.05747,		3.572,		2-2
6, 5, 4, 		10, 		0.05321,		4.789,		2-2
6, 5, 5, 		10, 		0.05274,		7.780,		3-2
6, 6, 1, 		10, 		0.04309,		8.537,		3-3
6, 6, 2, 		10, 		0.04430,		2.684,		2-3
6, 6, 3, 		10, 		0.03807,		8.289,		3-3
6, 6, 4, 		10, 		0.04476,		3.941,		2-3
6, 6, 5, 		10, 		0.04679,		3.955,		2-3
6, 7, 1, 		10, 		0.03176,		8.638,		3-2
6, 7, 2, 		10, 		0.03260,		3.051,		2-2
6, 7, 3, 		10, 		0.03474,		5.397,		2-2
6, 7, 4, 		10, 		0.03220,		5.774,		2-2
6, 7, 5, 		10, 		0.04527,		8.244,		2-2
6, 8, 1, 		10, 		0.03397,		3.205,		2-2
6, 8, 2, 		10, 		0.03047,		3.455,		2-2
6, 8, 3, 		10, 		0.02911,		3.922,		2-2
6, 8, 4, 		10, 		0.02954,		3.214,		2-2
6, 8, 5, 		10, 		0.04165,		6.707,		2-2
6, 9, 1, 		10, 		0.03158,		9.586,		3-2
6, 9, 2, 		10, 		0.02987,		5.048,		3-2
6, 9, 3, 		10, 		0.02983,		8.132,		3-2
6, 9, 4, 		10, 		0.03188,		3.054,		2-2
6, 9, 5, 		10, 		0.03098,		3.649,		2-2
6, 10, 1, 		10, 		0.04371,		4.973,		2-2
6, 10, 2, 		10, 		0.03938,		9.419,		3-2
6, 10, 3, 		10, 		0.04238,		1.978,		2-2
6, 10, 4, 		10, 		0.03993,		3.488,		2-2
6, 10, 5, 		10, 		0.03563,		4.130,		2-2
6, 11, 1, 		10, 		0.05974,		4.548,		2-3
6, 11, 2, 		10, 		0.05592,		8.324,		2-3
6, 11, 3, 		10, 		0.05533,		3.718,		2-3
6, 11, 4, 		10, 		0.05602,		3.897,		2-3
6, 11, 5, 		10, 		0.05309,		4.520,		2-3
6, 12, 1, 		10, 		0.07436,		7.640,		3-2
6, 12, 2, 		10, 		0.07517,		8.812,		3-2
6, 12, 3, 		10, 		0.08225,		4.165,		2-2
6, 12, 4, 		10, 		0.07251,		10.53,		3-2
6, 12, 5, 		10, 		0.07542,		10.52,		3-2
6, 13, 1, 		10, 		0.08954,		5.473,		2-2
6, 13, 2, 		10, 		0.08874,		5.167,		2-2
6, 13, 3, 		10, 		0.08500,		8.874,		3-2
6, 13, 4, 		10, 		0.09929,		3.756,		2-2
6, 13, 5, 		10, 		0.08338,		8.899,		3-2
6, 14, 1, 		10, 		0.08065,		8.842,		3-2
6, 14, 2, 		10, 		0.08583,		6.921,		2-2
6, 14, 3, 		10, 		0.08891,		6.030,		2-2
6, 14, 4, 		10, 		0.08524,		9.784,		3-2
6, 14, 5, 		10, 		0.08876,		5.341,		2-2
6, 15, 1, 		10, 		0.07683,		5.327,		2-2
6, 15, 2, 		10, 		0.09002,		3.006,		2-2
6, 15, 3, 		10, 		0.07907,		8.434,		3-2
6, 15, 4, 		10, 		0.08587,		5.101,		2-2
6, 15, 5, 		10, 		0.08480,		8.745,		3-2
6, 16, 1, 		10, 		0.07840,		4.663,		2-2
6, 16, 2, 		10, 		0.07263,		5.670,		2-2
6, 16, 3, 		10, 		0.07053,		6.927,		3-2
6, 16, 4, 		10, 		0.07377,		5.547,		2-2
6, 16, 5, 		10, 		0.09020,		19.27,		3-1
7, 1, 1, 		10, 		0.07679,		14.76,		2-1
7, 1, 2, 		10, 		0.07484,		12.61,		3-1
7, 1, 3, 		10, 		0.07193,		16.29,		3-1
7, 1, 4, 		10, 		0.07682,		16.65,		3-1
7, 1, 5, 		10, 		0.07768,		13.58,		3-1
7, 2, 1, 		10, 		0.1298,		15.82,		2-1
7, 2, 2, 		10, 		0.05420,		10.43,		3-2
7, 2, 3, 		10, 		0.04727,		10.38,		3-2
7, 2, 4, 		10, 		0.04031,		9.191,		3-2
7, 2, 5, 		10, 		0.04715,		5.651,		3-2
7, 3, 1, 		10, 		0.05320,		5.443,		2-2
7, 3, 2, 		10, 		0.05346,		8.701,		3-2
7, 3, 3, 		10, 		0.05384,		7.019,		3-2
7, 3, 4, 		10, 		0.04839,		4.692,		2-2
7, 3, 5, 		10, 		0.05065,		7.048,		3-2
7, 4, 1, 		10, 		0.05329,		2.067,		3-2
7, 4, 2, 		10, 		0.05392,		7.135,		3-2
7, 4, 3, 		10, 		0.05565,		4.225,		3-2
7, 4, 4, 		10, 		0.05582,		3.535,		3-2
7, 4, 5, 		10, 		0.06047,		9.565,		2-2
7, 5, 1, 		10, 		0.05059,		4.965,		3-3
7, 5, 2, 		10, 		0.04967,		5.090,		3-3
7, 5, 3, 		10, 		0.04977,		5.807,		3-3
7, 5, 4, 		10, 		0.04854,		5.258,		3-3
7, 5, 5, 		10, 		0.08944,		7.698,		2-3
7, 6, 1, 		10, 		0.03821,		2.587,		2-2
7, 6, 2, 		10, 		0.03335,		2.784,		2-2
7, 6, 3, 		10, 		0.03566,		2.726,		2-2
7, 6, 4, 		10, 		0.03462,		4.452,		3-2
7, 6, 5, 		10, 		0.03814,		5.403,		3-2
7, 7, 1, 		10, 		0.03007,		4.504,		2-2
7, 7, 2, 		10, 		0.02598,		2.434,		2-2
7, 7, 3, 		10, 		0.02293,		4.275,		2-2
7, 7, 4, 		10, 		0.02743,		3.856,		2-2
7, 7, 5, 		10, 		0.02861,		5.281,		2-2
7, 8, 1, 		10, 		0.03499,		0.9351,		2-2
7, 8, 2, 		10, 		0.02410,		5.145,		2-2
7, 8, 3, 		10, 		0.02649,		4.119,		2-2
7, 8, 4, 		10, 		0.02336,		5.274,		2-2
7, 8, 5, 		10, 		0.03294,		4.556,		2-2
7, 9, 1, 		10, 		0.02334,		3.612,		2-2
7, 9, 2, 		10, 		0.02394,		4.134,		2-2
7, 9, 3, 		10, 		0.02354,		4.859,		2-2
7, 9, 4, 		10, 		0.02525,		5.943,		3-2
7, 9, 5, 		10, 		0.02611,		4.350,		2-2
7, 10, 1, 		10, 		0.02925,		4.022,		2-2
7, 10, 2, 		10, 		0.02603,		5.168,		2-2
7, 10, 3, 		10, 		0.02838,		7.791,		3-2
7, 10, 4, 		10, 		0.02999,		5.426,		2-2
7, 10, 5, 		10, 		0.02842,		5.302,		2-2
7, 11, 1, 		10, 		0.03786,		6.041,		2-2
7, 11, 2, 		10, 		0.03410,		3.879,		2-2
7, 11, 3, 		10, 		0.03879,		7.730,		2-2
7, 11, 4, 		10, 		0.03905,		9.951,		3-2
7, 11, 5, 		10, 		0.04145,		6.992,		2-2
7, 12, 1, 		10, 		0.05078,		6.519,		3-3
7, 12, 2, 		10, 		0.05378,		5.763,		3-3
7, 12, 3, 		10, 		0.06172,		6.083,		3-3
7, 12, 4, 		10, 		0.06145,		10.18,		3-3
7, 12, 5, 		10, 		0.06232,		5.881,		3-3
7, 13, 1, 		10, 		0.06980,		8.432,		3-2
7, 13, 2, 		10, 		0.07534,		13.32,		3-2
7, 13, 3, 		10, 		0.07823,		8.439,		3-2
7, 13, 4, 		10, 		0.08303,		7.537,		3-2
7, 13, 5, 		10, 		0.08738,		3.161,		2-2
7, 14, 1, 		10, 		0.08387,		8.175,		2-2
7, 14, 2, 		10, 		0.08506,		7.032,		2-2
7, 14, 3, 		10, 		0.08219,		12.85,		3-2
7, 14, 4, 		10, 		0.09186,		3.940,		2-2
7, 14, 5, 		10, 		0.08704,		8.553,		3-2
7, 15, 1, 		10, 		0.08686,		8.002,		3-2
7, 15, 2, 		10, 		0.08627,		9.144,		3-2
7, 15, 3, 		10, 		0.08760,		9.686,		3-2
7, 15, 4, 		10, 		0.09268,		6.209,		2-2
7, 15, 5, 		10, 		0.08131,		15.67,		3-1
7, 16, 1, 		10, 		0.07482,		14.23,		3-1
7, 16, 2, 		10, 		0.07044,		11.45,		3-1
7, 16, 3, 		10, 		0.07410,		16.79,		3-1
7, 16, 4, 		10, 		0.07911,		14.73,		3-1
7, 16, 5, 		10, 		0.07314,		19.45,		3-1
8, 1, 1, 		10, 		0.06583,		17.01,		3-1
8, 1, 2, 		10, 		0.06620,		18.22,		3-1
8, 1, 3, 		10, 		0.06499,		20.42,		3-1
8, 1, 4, 		10, 		0.06523,		21.49,		3-1
8, 1, 5, 		10, 		0.06336,		20.47,		3-1
8, 2, 1, 		10, 		0.06422,		15.21,		3-1
8, 2, 2, 		10, 		0.06608,		15.47,		3-1
8, 2, 3, 		10, 		0.06797,		18.38,		3-1
8, 2, 4, 		10, 		0.07118,		19.02,		3-1
8, 2, 5, 		10, 		0.07114,		16.04,		3-1
8, 3, 1, 		10, 		0.08107,		16.16,		3-1
8, 3, 2, 		10, 		0.08789,		24.85,		2-2
8, 3, 3, 		10, 		0.06259,		2.124,		3-2
8, 3, 4, 		10, 		0.05989,		3.728,		3-2
8, 3, 5, 		10, 		0.05772,		3.584,		3-2
8, 4, 1, 		10, 		0.06288,		2.437,		3-3
8, 4, 2, 		10, 		0.05521,		2.373,		3-3
8, 4, 3, 		10, 		0.05305,		2.063,		3-3
8, 4, 4, 		10, 		0.05259,		2.177,		3-3
8, 4, 5, 		10, 		0.05285,		1.490,		3-3
8, 5, 1, 		10, 		0.05244,		2.934,		3-3
8, 5, 2, 		10, 		0.04873,		3.736,		3-3
8, 5, 3, 		10, 		0.04632,		3.248,		3-3
8, 5, 4, 		10, 		0.04562,		2.795,		3-3
8, 5, 5, 		10, 		0.04460,		2.840,		3-3
8, 6, 1, 		10, 		0.03046,		2.877,		2-2
8, 6, 2, 		10, 		0.02681,		8.511,		3-2
8, 6, 3, 		10, 		0.02726,		3.484,		2-2
8, 6, 4, 		10, 		0.02931,		6.561,		3-2
8, 6, 5, 		10, 		0.03120,		3.295,		2-2
8, 7, 1, 		10, 		0.02368,		2.671,		2-2
8, 7, 2, 		10, 		0.02299,		4.624,		2-2
8, 7, 3, 		10, 		0.02240,		3.445,		2-2
8, 7, 4, 		10, 		0.02510,		5.309,		2-2
8, 7, 5, 		10, 		0.02567,		3.684,		2-2
8, 8, 1, 		10, 		0.02584,		6.141,		2-2
8, 8, 2, 		10, 		0.02390,		4.028,		2-2
8, 8, 3, 		10, 		0.02233,		3.387,		2-2
8, 8, 4, 		10, 		0.02210,		2.425,		2-2
8, 8, 5, 		10, 		0.02263,		1.565,		2-2
8, 9, 1, 		10, 		0.02429,		4.498,		2-2
8, 9, 2, 		10, 		0.02321,		4.789,		2-2
8, 9, 3, 		10, 		0.02202,		1.556,		2-2
8, 9, 4, 		10, 		0.02307,		3.931,		2-2
8, 9, 5, 		10, 		0.02108,		5.083,		2-2
8, 10, 1, 		10, 		0.02613,		5.283,		2-2
8, 10, 2, 		10, 		0.02442,		5.090,		2-2
8, 10, 3, 		10, 		0.02542,		7.168,		3-2
8, 10, 4, 		10, 		0.02726,		2.558,		2-2
8, 10, 5, 		10, 		0.02620,		0.4710,		2-2
8, 11, 1, 		10, 		0.03094,		3.430,		2-2
8, 11, 2, 		10, 		0.03085,		3.142,		2-2
8, 11, 3, 		10, 		0.03222,		3.340,		2-2
8, 11, 4, 		10, 		0.03078,		3.831,		2-2
8, 11, 5, 		10, 		0.03647,		5.016,		2-2
8, 12, 1, 		10, 		0.04397,		3.400,		3-3
8, 12, 2, 		10, 		0.04553,		2.983,		3-3
8, 12, 3, 		10, 		0.04874,		3.366,		3-3
8, 12, 4, 		10, 		0.05122,		5.059,		3-3
8, 12, 5, 		10, 		0.05789,		3.312,		3-3
8, 13, 1, 		10, 		0.05678,		2.361,		3-3
8, 13, 2, 		10, 		0.05865,		2.535,		3-3
8, 13, 3, 		10, 		0.06258,		2.984,		3-3
8, 13, 4, 		10, 		0.07186,		8.843,		3-3
8, 13, 5, 		10, 		0.07812,		3.778,		3-3
8, 14, 1, 		10, 		0.09317,		10.62,		2-2
8, 14, 2, 		10, 		0.08379,		4.462,		3-2
8, 14, 3, 		10, 		0.08041,		5.816,		3-2
8, 14, 4, 		10, 		0.08700,		8.992,		3-2
8, 14, 5, 		10, 		0.08430,		18.60,		3-1
8, 15, 1, 		10, 		0.07252,		15.46,		3-1
8, 15, 2, 		10, 		0.07042,		18.40,		3-1
8, 15, 3, 		10, 		0.07622,		18.27,		3-1
8, 15, 4, 		10, 		0.08183,		16.96,		3-1
8, 15, 5, 		10, 		0.07279,		20.18,		3-1
8, 16, 1, 		10, 		0.06414,		14.69,		3-1
8, 16, 2, 		10, 		0.06480,		18.60,		3-1
8, 16, 3, 		10, 		0.06940,		21.55,		3-1
8, 16, 4, 		10, 		0.07105,		21.78,		3-1
8, 16, 5, 		10, 		0.07067,		21.70,		3-1
9, 1, 1, 		10, 		0.06757,		20.67,		3-1
9, 1, 2, 		10, 		0.07301,		20.90,		3-1
9, 1, 3, 		10, 		0.07213,		17.32,		3-1
9, 1, 4, 		10, 		0.07070,		19.50,		3-1
9, 1, 5, 		10, 		0.07178,		17.03,		3-1
9, 2, 1, 		10, 		0.06584,		17.08,		3-1
9, 2, 2, 		10, 		0.07551,		14.61,		3-1
9, 2, 3, 		10, 		0.07700,		15.75,		3-1
9, 2, 4, 		10, 		0.07729,		15.33,		3-1
9, 2, 5, 		10, 		0.08192,		14.97,		3-1
9, 3, 1, 		10, 		0.08077,		12.62,		3-1
9, 3, 2, 		10, 		0.09296,		12.23,		3-2
9, 3, 3, 		10, 		0.08489,		2.222,		2-2
9, 3, 4, 		10, 		0.08028,		1.770,		2-2
9, 3, 5, 		10, 		0.07555,		1.060,		2-2
9, 4, 1, 		10, 		0.06963,		3.203,		3-3
9, 4, 2, 		10, 		0.06443,		4.296,		3-3
9, 4, 3, 		10, 		0.06030,		2.900,		3-3
9, 4, 4, 		10, 		0.05824,		3.644,		3-3
9, 4, 5, 		10, 		0.05691,		3.504,		3-3
9, 5, 1, 		10, 		0.05394,		3.066,		3-3
9, 5, 2, 		10, 		0.05134,		3.013,		3-3
9, 5, 3, 		10, 		0.04784,		4.499,		3-3
9, 5, 4, 		10, 		0.04606,		3.627,		3-3
9, 5, 5, 		10, 		0.04584,		4.073,		3-3
9, 6, 1, 		10, 		0.02924,		2.803,		2-2
9, 6, 2, 		10, 		0.02858,		2.691,		2-2
9, 6, 3, 		10, 		0.02867,		2.967,		2-2
9, 6, 4, 		10, 		0.03033,		3.128,		2-2
9, 6, 5, 		10, 		0.03017,		2.533,		2-2
9, 7, 1, 		10, 		0.02471,		7.509,		2-2
9, 7, 2, 		10, 		0.02299,		4.346,		2-2
9, 7, 3, 		10, 		0.02271,		8.934,		2-2
9, 7, 4, 		10, 		0.02589,		5.078,		2-2
9, 7, 5, 		10, 		0.02559,		4.597,		2-2
9, 8, 1, 		10, 		0.02402,		1.007,		2-2
9, 8, 2, 		10, 		0.02296,		3.687,		2-2
9, 8, 3, 		10, 		0.02195,		5.713,		2-2
9, 8, 4, 		10, 		0.02502,		4.809,		2-2
9, 8, 5, 		10, 		0.02178,		4.738,		2-2
9, 9, 1, 		10, 		0.02270,		6.686,		3-2
9, 9, 2, 		10, 		0.02078,		4.990,		2-2
9, 9, 3, 		10, 		0.01996,		4.659,		2-2
9, 9, 4, 		10, 		0.02230,		2.650,		2-2
9, 9, 5, 		10, 		0.02142,		4.130,		2-2
9, 10, 1, 		10, 		0.02370,		1.266,		2-2
9, 10, 2, 		10, 		0.02304,		4.516,		2-2
9, 10, 3, 		10, 		0.02077,		4.261,		2-2
9, 10, 4, 		10, 		0.02318,		3.002,		2-2
9, 10, 5, 		10, 		0.02378,		1.235,		2-2
9, 11, 1, 		10, 		0.03313,		4.559,		2-2
9, 11, 2, 		10, 		0.03282,		2.884,		2-2
9, 11, 3, 		10, 		0.03154,		3.614,		2-2
9, 11, 4, 		10, 		0.02938,		3.988,		2-2
9, 11, 5, 		10, 		0.03185,		4.117,		2-2
9, 12, 1, 		10, 		0.04856,		2.950,		3-3
9, 12, 2, 		10, 		0.04843,		2.467,		3-3
9, 12, 3, 		10, 		0.09149,		11.59,		2-3
9, 12, 4, 		10, 		0.05017,		2.859,		3-3
9, 12, 5, 		10, 		0.05565,		4.228,		3-3
9, 13, 1, 		10, 		0.05138,		5.079,		3-3
9, 13, 2, 		10, 		0.05396,		2.864,		3-3
9, 13, 3, 		10, 		0.1056,		13.56,		2-3
9, 13, 4, 		10, 		0.06349,		4.114,		3-3
9, 13, 5, 		10, 		0.06869,		3.731,		3-3
9, 14, 1, 		10, 		0.05932,		6.202,		3-2
9, 14, 2, 		10, 		0.06655,		6.553,		2-2
9, 14, 3, 		10, 		0.07211,		1.048,		3-2
9, 14, 4, 		10, 		0.07735,		2.786,		3-2
9, 14, 5, 		10, 		0.09571,		15.66,		2-1
9, 15, 1, 		10, 		0.07493,		14.95,		3-1
9, 15, 2, 		10, 		0.06419,		17.18,		3-1
9, 15, 3, 		10, 		0.06737,		19.21,		3-1
9, 15, 4, 		10, 		0.06893,		18.55,		3-1
9, 15, 5, 		10, 		0.09221,		13.32,		2-1
9, 16, 1, 		10, 		0.06751,		19.92,		3-1
9, 16, 2, 		10, 		0.06522,		17.32,		3-1
9, 16, 3, 		10, 		0.06875,		16.25,		3-1
9, 16, 4, 		10, 		0.06996,		16.66,		3-1
9, 16, 5, 		10, 		0.06983,		20.28,		3-1
10, 1, 1, 		10, 		0.08147,		19.22,		3-1
10, 1, 2, 		10, 		0.08079,		18.54,		3-1
10, 1, 3, 		10, 		0.07477,		16.22,		3-1
10, 1, 4, 		10, 		0.08019,		17.94,		3-1
10, 1, 5, 		10, 		0.08692,		17.26,		3-1
10, 2, 1, 		10, 		0.08320,		16.86,		3-1
10, 2, 2, 		10, 		0.09001,		5.787,		2-2
10, 2, 3, 		10, 		0.08826,		6.309,		2-2
10, 2, 4, 		10, 		0.09002,		10.40,		3-2
10, 2, 5, 		10, 		0.09117,		9.415,		3-2
10, 3, 1, 		10, 		0.08609,		8.365,		3-2
10, 3, 2, 		10, 		0.09105,		5.138,		2-2
10, 3, 3, 		10, 		0.08207,		9.795,		3-2
10, 3, 4, 		10, 		0.09086,		3.157,		2-2
10, 3, 5, 		10, 		0.08669,		6.171,		3-2
10, 4, 1, 		10, 		0.08940,		12.97,		2-2
10, 4, 2, 		10, 		0.08001,		9.473,		3-2
10, 4, 3, 		10, 		0.07897,		10.79,		3-2
10, 4, 4, 		10, 		0.07707,		5.938,		3-2
10, 4, 5, 		10, 		0.07699,		10.27,		3-2
10, 5, 1, 		10, 		0.05763,		6.419,		3-3
10, 5, 2, 		10, 		0.05877,		6.911,		3-3
10, 5, 3, 		10, 		0.05965,		6.675,		3-3
10, 5, 4, 		10, 		0.05819,		7.247,		3-3
10, 5, 5, 		10, 		0.05721,		7.947,		3-3
10, 6, 1, 		10, 		0.03508,		1.281,		2-2
10, 6, 2, 		10, 		0.03296,		2.486,		2-2
10, 6, 3, 		10, 		0.03241,		2.949,		2-2
10, 6, 4, 		10, 		0.04084,		7.710,		2-2
10, 6, 5, 		10, 		0.03600,		3.897,		2-2
10, 7, 1, 		10, 		0.02806,		4.523,		2-2
10, 7, 2, 		10, 		0.02516,		4.128,		2-2
10, 7, 3, 		10, 		0.02533,		4.696,		2-2
10, 7, 4, 		10, 		0.02880,		5.065,		2-2
10, 7, 5, 		10, 		0.03032,		7.395,		2-2
10, 8, 1, 		10, 		0.02601,		2.972,		2-2
10, 8, 2, 		10, 		0.02477,		1.217,		2-2
10, 8, 3, 		10, 		0.02533,		5.165,		2-2
10, 8, 4, 		10, 		0.02694,		3.629,		2-2
10, 8, 5, 		10, 		0.02974,		3.941,		2-2
10, 9, 1, 		10, 		0.02483,		6.777,		3-2
10, 9, 2, 		10, 		0.02311,		4.288,		2-2
10, 9, 3, 		10, 		0.02361,		4.370,		2-2
10, 9, 4, 		10, 		0.02369,		0.9357,		2-2
10, 9, 5, 		10, 		0.02580,		5.306,		2-2
10, 10, 1, 		10, 		0.02713,		3.611,		2-2
10, 10, 2, 		10, 		0.02533,		4.869,		2-2
10, 10, 3, 		10, 		0.02187,		3.803,		2-2
10, 10, 4, 		10, 		0.02525,		4.090,		2-2
10, 10, 5, 		10, 		0.02691,		5.084,		2-2
10, 11, 1, 		10, 		0.03494,		4.387,		2-2
10, 11, 2, 		10, 		0.03517,		7.874,		3-2
10, 11, 3, 		10, 		0.03298,		4.960,		2-2
10, 11, 4, 		10, 		0.03257,		2.795,		2-2
10, 11, 5, 		10, 		0.03770,		4.151,		2-2
10, 12, 1, 		10, 		0.05011,		6.708,		3-3
10, 12, 2, 		10, 		0.04907,		5.777,		3-3
10, 12, 3, 		10, 		0.05201,		5.184,		3-3
10, 12, 4, 		10, 		0.05077,		5.881,		3-3
10, 12, 5, 		10, 		0.05245,		6.903,		3-3
10, 13, 1, 		10, 		0.05203,		4.937,		3-2
10, 13, 2, 		10, 		0.05070,		4.591,		3-2
10, 13, 3, 		10, 		0.05673,		3.934,		3-2
10, 13, 4, 		10, 		0.05669,		4.180,		3-2
10, 13, 5, 		10, 		0.05949,		5.601,		3-2
10, 14, 1, 		10, 		0.05114,		8.891,		3-2
10, 14, 2, 		10, 		0.06724,		11.93,		2-2
10, 14, 3, 		10, 		0.05003,		8.723,		3-2
10, 14, 4, 		10, 		0.05089,		9.684,		3-2
10, 14, 5, 		10, 		0.09071,		11.26,		2-2
10, 15, 1, 		10, 		0.05279,		8.434,		3-2
10, 15, 2, 		10, 		0.04741,		8.811,		3-2
10, 15, 3, 		10, 		0.05177,		6.751,		2-2
10, 15, 4, 		10, 		0.04754,		10.07,		3-2
10, 15, 5, 		10, 		0.07629,		14.14,		3-1
10, 16, 1, 		10, 		0.07907,		12.60,		3-1
10, 16, 2, 		10, 		0.07038,		10.66,		3-1
10, 16, 3, 		10, 		0.07558,		15.42,		3-1
10, 16, 4, 		10, 		0.07610,		12.42,		3-1
10, 16, 5, 		10, 		0.07691,		15.99,		3-1
11, 1, 1, 		10, 		0.08853,		18.45,		3-1
11, 1, 2, 		10, 		0.08819,		6.149,		2-2
11, 1, 3, 		10, 		0.07825,		8.599,		3-2
11, 1, 4, 		10, 		0.08232,		8.452,		3-2
11, 1, 5, 		10, 		0.08947,		6.744,		2-2
11, 2, 1, 		10, 		0.1032,		3.929,		2-2
11, 2, 2, 		10, 		0.08342,		9.163,		3-2
11, 2, 3, 		10, 		0.08498,		6.083,		2-2
11, 2, 4, 		10, 		0.08693,		8.054,		3-2
11, 2, 5, 		10, 		0.09137,		9.027,		3-2
11, 3, 1, 		10, 		0.08235,		2.256,		2-2
11, 3, 2, 		10, 		0.08916,		6.888,		2-2
11, 3, 3, 		10, 		0.08531,		6.368,		2-2
11, 3, 4, 		10, 		0.08776,		6.356,		2-2
11, 3, 5, 		10, 		0.09500,		11.51,		3-2
11, 4, 1, 		10, 		0.08212,		7.121,		3-2
11, 4, 2, 		10, 		0.09018,		4.521,		2-2
11, 4, 3, 		10, 		0.08875,		5.737,		2-2
11, 4, 4, 		10, 		0.08945,		5.354,		2-2
11, 4, 5, 		10, 		0.08771,		10.80,		3-2
11, 5, 1, 		10, 		0.07648,		5.512,		2-2
11, 5, 2, 		10, 		0.07689,		10.66,		3-2
11, 5, 3, 		10, 		0.08308,		8.698,		3-2
11, 5, 4, 		10, 		0.08202,		5.703,		2-2
11, 5, 5, 		10, 		0.08394,		6.602,		2-2
11, 6, 1, 		10, 		0.06435,		2.145,		2-3
11, 6, 2, 		10, 		0.05378,		4.175,		2-3
11, 6, 3, 		10, 		0.05659,		5.012,		2-3
11, 6, 4, 		10, 		0.05988,		3.571,		2-3
11, 6, 5, 		10, 		0.05667,		3.054,		2-3
11, 7, 1, 		10, 		0.03817,		3.812,		2-2
11, 7, 2, 		10, 		0.03652,		5.288,		2-2
11, 7, 3, 		10, 		0.03460,		3.647,		2-2
11, 7, 4, 		10, 		0.03662,		3.806,		2-2
11, 7, 5, 		10, 		0.03639,		2.966,		2-2
11, 8, 1, 		10, 		0.03008,		3.399,		2-2
11, 8, 2, 		10, 		0.03151,		3.106,		2-2
11, 8, 3, 		10, 		0.03076,		3.991,		2-2
11, 8, 4, 		10, 		0.02965,		3.828,		2-2
11, 8, 5, 		10, 		0.03350,		3.547,		2-2
11, 9, 1, 		10, 		0.03248,		6.907,		2-2
11, 9, 2, 		10, 		0.03184,		3.238,		2-2
11, 9, 3, 		10, 		0.03608,		5.479,		2-2
11, 9, 4, 		10, 		0.03249,		6.567,		2-2
11, 9, 5, 		10, 		0.03051,		4.001,		2-2
11, 10, 1, 		10, 		0.03724,		2.923,		2-2
11, 10, 2, 		10, 		0.03338,		3.521,		2-2
11, 10, 3, 		10, 		0.02990,		9.040,		2-2
11, 10, 4, 		10, 		0.03531,		1.148,		2-2
11, 10, 5, 		10, 		0.03625,		5.782,		2-2
11, 11, 1, 		10, 		0.04632,		1.621,		2-3
11, 11, 2, 		10, 		0.04844,		2.288,		2-3
11, 11, 3, 		10, 		0.03826,		10.17,		3-3
11, 11, 4, 		10, 		0.03766,		9.173,		3-3
11, 11, 5, 		10, 		0.03712,		8.873,		3-3
11, 12, 1, 		10, 		0.05622,		5.998,		2-2
11, 12, 2, 		10, 		0.05416,		6.330,		3-2
11, 12, 3, 		10, 		0.05015,		9.662,		3-2
11, 12, 4, 		10, 		0.05377,		8.857,		3-2
11, 12, 5, 		10, 		0.05344,		9.052,		3-2
11, 13, 1, 		10, 		0.05691,		9.509,		3-2
11, 13, 2, 		10, 		0.05141,		8.104,		3-2
11, 13, 3, 		10, 		0.05570,		4.341,		2-2
11, 13, 4, 		10, 		0.05176,		8.004,		3-2
11, 13, 5, 		10, 		0.05822,		5.939,		2-2
11, 14, 1, 		10, 		0.04768,		7.833,		3-2
11, 14, 2, 		10, 		0.04511,		7.661,		3-2
11, 14, 3, 		10, 		0.04474,		7.601,		3-2
11, 14, 4, 		10, 		0.04963,		4.297,		2-2
11, 14, 5, 		10, 		0.04604,		8.904,		3-2
11, 15, 1, 		10, 		0.04440,		8.707,		3-2
11, 15, 2, 		10, 		0.04408,		4.895,		2-2
11, 15, 3, 		10, 		0.04597,		3.544,		2-2
11, 15, 4, 		10, 		0.03913,		7.739,		3-2
11, 15, 5, 		10, 		0.04556,		6.116,		2-2
11, 16, 1, 		10, 		0.05402,		3.961,		2-2
11, 16, 2, 		10, 		0.04134,		5.572,		2-2
11, 16, 3, 		10, 		0.03501,		6.623,		2-2
11, 16, 4, 		10, 		0.03912,		8.447,		3-2
11, 16, 5, 		10, 		0.09153,		17.28,		3-1
12, 1, 1, 		10, 		0.09512,		15.22,		2-1
12, 1, 2, 		10, 		0.07853,		5.872,		2-2
12, 1, 3, 		10, 		0.07896,		5.096,		2-2
12, 1, 4, 		10, 		0.07516,		5.885,		2-2
12, 1, 5, 		10, 		0.08738,		7.638,		3-2
12, 2, 1, 		10, 		0.09728,		4.623,		2-2
12, 2, 2, 		10, 		0.08965,		6.508,		2-2
12, 2, 3, 		10, 		0.1069,		1.053,		2-2
12, 2, 4, 		10, 		0.08873,		5.929,		2-2
12, 2, 5, 		10, 		0.08996,		6.372,		2-2
12, 3, 1, 		10, 		0.09844,		5.443,		2-2
12, 3, 2, 		10, 		0.08991,		5.247,		2-2
12, 3, 3, 		10, 		0.08889,		6.907,		2-2
12, 3, 4, 		10, 		0.09918,		6.955,		2-2
12, 3, 5, 		10, 		0.09769,		6.273,		2-2
12, 4, 1, 		10, 		0.08418,		9.284,		3-2
12, 4, 2, 		10, 		0.09179,		5.975,		2-2
12, 4, 3, 		10, 		0.09009,		9.022,		3-2
12, 4, 4, 		10, 		0.08721,		10.29,		3-2
12, 4, 5, 		10, 		0.08629,		9.135,		3-2
12, 5, 1, 		10, 		0.08734,		9.736,		3-2
12, 5, 2, 		10, 		0.08549,		7.108,		2-2
12, 5, 3, 		10, 		0.08654,		8.854,		3-2
12, 5, 4, 		10, 		0.08524,		9.469,		3-2
12, 5, 5, 		10, 		0.08710,		7.578,		3-2
12, 6, 1, 		10, 		0.08246,		5.346,		2-2
12, 6, 2, 		10, 		0.07414,		9.874,		3-2
12, 6, 3, 		10, 		0.07419,		8.289,		2-2
12, 6, 4, 		10, 		0.07305,		5.143,		2-2
12, 6, 5, 		10, 		0.08058,		8.056,		2-2
12, 7, 1, 		10, 		0.05595,		7.957,		3-3
12, 7, 2, 		10, 		0.05537,		6.881,		3-3
12, 7, 3, 		10, 		0.05479,		8.288,		3-3
12, 7, 4, 		10, 		0.05528,		7.229,		3-3
12, 7, 5, 		10, 		0.06602,		8.358,		3-3
12, 8, 1, 		10, 		0.04563,		4.178,		3-3
12, 8, 2, 		10, 		0.04891,		4.077,		3-3
12, 8, 3, 		10, 		0.09150,		10.48,		2-3
12, 8, 4, 		10, 		0.04765,		5.072,		3-3
12, 8, 5, 		10, 		0.05313,		5.060,		3-3
12, 9, 1, 		10, 		0.04508,		4.200,		3-3
12, 9, 2, 		10, 		0.04689,		4.316,		3-3
12, 9, 3, 		10, 		0.04547,		4.693,		3-3
12, 9, 4, 		10, 		0.04634,		4.327,		3-3
12, 9, 5, 		10, 		0.04755,		4.055,		3-3
12, 10, 1, 		10, 		0.05075,		6.410,		3-3
12, 10, 2, 		10, 		0.07322,		12.30,		2-3
12, 10, 3, 		10, 		0.04286,		6.313,		3-3
12, 10, 4, 		10, 		0.04382,		6.424,		3-3
12, 10, 5, 		10, 		0.04486,		5.948,		3-3
12, 11, 1, 		10, 		0.05942,		3.065,		2-2
12, 11, 2, 		10, 		0.04953,		8.575,		3-2
12, 11, 3, 		10, 		0.04460,		6.391,		3-2
12, 11, 4, 		10, 		0.04551,		5.716,		3-2
12, 11, 5, 		10, 		0.04385,		8.793,		3-2
12, 12, 1, 		10, 		0.05537,		4.848,		2-2
12, 12, 2, 		10, 		0.05013,		9.240,		3-2
12, 12, 3, 		10, 		0.05342,		5.640,		2-2
12, 12, 4, 		10, 		0.05024,		7.835,		3-2
12, 12, 5, 		10, 		0.04931,		8.327,		3-2
12, 13, 1, 		10, 		0.05142,		6.258,		3-2
12, 13, 2, 		10, 		0.05455,		4.880,		2-2
12, 13, 3, 		10, 		0.06099,		2.634,		2-2
12, 13, 4, 		10, 		0.05553,		4.887,		2-2
12, 13, 5, 		10, 		0.04927,		9.089,		3-2
12, 14, 1, 		10, 		0.04852,		6.601,		3-2
12, 14, 2, 		10, 		0.05058,		6.471,		3-2
12, 14, 3, 		10, 		0.07174,		4.793,		2-2
12, 14, 4, 		10, 		0.04454,		8.772,		3-2
12, 14, 5, 		10, 		0.04830,		5.138,		2-2
12, 15, 1, 		10, 		0.04316,		5.565,		2-2
12, 15, 2, 		10, 		0.04487,		6.352,		2-2
12, 15, 3, 		10, 		0.03885,		8.528,		3-2
12, 15, 4, 		10, 		0.04332,		2.437,		2-2
12, 15, 5, 		10, 		0.04489,		6.608,		3-2
12, 16, 1, 		10, 		0.03976,		5.358,		2-2
12, 16, 2, 		10, 		0.03928,		9.252,		3-2
12, 16, 3, 		10, 		0.03584,		6.605,		2-2
12, 16, 4, 		10, 		0.04000,		7.154,		2-2
12, 16, 5, 		10, 		0.09402,		17.50,		2-1
13, 1, 1, 		10, 		0.05057,		6.152,		1-1
13, 1, 2, 		10, 		0.05737,		5.894,		2-1
13, 1, 3, 		10, 		0.05826,		10.42,		2-1
13, 1, 4, 		10, 		0.05685,		8.057,		2-1
13, 1, 5, 		10, 		0.05433,		9.389,		2-1
13, 2, 1, 		10, 		0.1059,		5.564,		2-2
13, 2, 2, 		10, 		0.08950,		5.614,		2-2
13, 2, 3, 		10, 		0.09086,		4.898,		2-2
13, 2, 4, 		10, 		0.09062,		5.803,		2-2
13, 2, 5, 		10, 		0.08987,		5.515,		2-2
13, 3, 1, 		10, 		0.09081,		8.836,		3-2
13, 3, 2, 		10, 		0.08693,		8.073,		3-2
13, 3, 3, 		10, 		0.09357,		6.348,		2-2
13, 3, 4, 		10, 		0.09057,		9.076,		3-2
13, 3, 5, 		10, 		0.08907,		7.969,		3-2
13, 4, 1, 		10, 		0.08984,		7.596,		3-2
13, 4, 2, 		10, 		0.09049,		6.844,		2-2
13, 4, 3, 		10, 		0.09841,		5.993,		2-2
13, 4, 4, 		10, 		0.08614,		7.040,		3-2
13, 4, 5, 		10, 		0.08331,		6.329,		2-2
13, 5, 1, 		10, 		0.08851,		6.189,		3-2
13, 5, 2, 		10, 		0.09128,		6.471,		2-2
13, 5, 3, 		10, 		0.09102,		5.576,		2-2
13, 5, 4, 		10, 		0.08338,		9.290,		3-2
13, 5, 5, 		10, 		0.08061,		5.731,		3-2
13, 6, 1, 		10, 		0.08486,		9.336,		3-2
13, 6, 2, 		10, 		0.08202,		8.449,		3-2
13, 6, 3, 		10, 		0.08093,		4.129,		2-2
13, 6, 4, 		10, 		0.08863,		8.648,		2-2
13, 6, 5, 		10, 		0.08911,		4.021,		2-2
13, 7, 1, 		10, 		0.07529,		6.829,		3-2
13, 7, 2, 		10, 		0.09433,		6.500,		2-2
13, 7, 3, 		10, 		0.07468,		3.017,		2-2
13, 7, 4, 		10, 		0.07238,		10.84,		3-2
13, 7, 5, 		10, 		0.1008,		8.731,		2-2
13, 8, 1, 		10, 		0.05315,		4.264,		3-3
13, 8, 2, 		10, 		0.05874,		4.820,		3-3
13, 8, 3, 		10, 		0.05962,		3.764,		3-3
13, 8, 4, 		10, 		0.05686,		3.705,		3-3
13, 8, 5, 		10, 		0.05708,		6.412,		3-3
13, 9, 1, 		10, 		0.04624,		4.440,		3-3
13, 9, 2, 		10, 		0.05074,		4.331,		3-3
13, 9, 3, 		10, 		0.04991,		4.006,		3-3
13, 9, 4, 		10, 		0.04842,		3.497,		3-3
13, 9, 5, 		10, 		0.04797,		4.055,		3-3
13, 10, 1, 		10, 		0.04807,		6.981,		3-2
13, 10, 2, 		10, 		0.04970,		11.51,		3-2
13, 10, 3, 		10, 		0.04719,		6.604,		3-2
13, 10, 4, 		10, 		0.04416,		6.661,		3-2
13, 10, 5, 		10, 		0.04222,		6.572,		3-2
13, 11, 1, 		10, 		0.05277,		9.267,		3-2
13, 11, 2, 		10, 		0.05451,		4.461,		2-2
13, 11, 3, 		10, 		0.05148,		3.668,		2-2
13, 11, 4, 		10, 		0.04949,		6.540,		2-2
13, 11, 5, 		10, 		0.04919,		3.908,		2-2
13, 12, 1, 		10, 		0.05225,		9.106,		3-2
13, 12, 2, 		10, 		0.05270,		5.298,		2-2
13, 12, 3, 		10, 		0.05625,		6.353,		3-2
13, 12, 4, 		10, 		0.05946,		4.633,		2-2
13, 12, 5, 		10, 		0.04938,		8.142,		3-2
13, 13, 1, 		10, 		0.05000,		5.488,		2-2
13, 13, 2, 		10, 		0.05370,		4.281,		2-2
13, 13, 3, 		10, 		0.05209,		9.246,		3-2
13, 13, 4, 		10, 		0.05051,		9.401,		3-2
13, 13, 5, 		10, 		0.05025,		7.738,		3-2
13, 14, 1, 		10, 		0.04848,		5.411,		2-2
13, 14, 2, 		10, 		0.04871,		3.537,		2-2
13, 14, 3, 		10, 		0.06618,		6.700,		2-2
13, 14, 4, 		10, 		0.04544,		6.175,		3-2
13, 14, 5, 		10, 		0.05023,		2.909,		2-2
13, 15, 1, 		10, 		0.04384,		5.079,		2-2
13, 15, 2, 		10, 		0.04518,		5.577,		2-2
13, 15, 3, 		10, 		0.05741,		6.240,		2-2
13, 15, 4, 		10, 		0.04240,		6.840,		3-2
13, 15, 5, 		10, 		0.04627,		6.734,		3-2
13, 16, 1, 		10, 		0.01867,		4.332,		1-1
13, 16, 2, 		10, 		0.01382,		0.2305,		1-1
13, 16, 3, 		10, 		0.01834,		8.182,		2-1
13, 16, 4, 		10, 		0.01152,		0.3784,		1-1
13, 16, 5, 		10, 		0.01685,		2.250,		1-1
14, 1, 1, 		10, 		0.04809,		3.237,		1-1
14, 1, 2, 		10, 		0.04572,		6.151,		1-1
14, 1, 3, 		10, 		0.04714,		6.328,		1-1
14, 1, 4, 		10, 		0.04586,		11.99,		3-1
14, 1, 5, 		10, 		0.04373,		14.19,		2-1
14, 2, 1, 		10, 		0.1063,		8.163,		3-2
14, 2, 2, 		10, 		0.09379,		6.630,		2-2
14, 2, 3, 		10, 		0.08754,		7.282,		3-2
14, 2, 4, 		10, 		0.08773,		7.435,		3-2
14, 2, 5, 		10, 		0.08813,		6.531,		2-2
14, 3, 1, 		10, 		0.09158,		9.015,		3-2
14, 3, 2, 		10, 		0.09100,		6.340,		2-2
14, 3, 3, 		10, 		0.09026,		7.480,		2-2
14, 3, 4, 		10, 		0.09030,		6.578,		2-2
14, 3, 5, 		10, 		0.09224,		6.306,		2-2
14, 4, 1, 		10, 		0.08265,		5.873,		2-2
14, 4, 2, 		10, 		0.08511,		7.078,		3-2
14, 4, 3, 		10, 		0.08647,		7.398,		2-2
14, 4, 4, 		10, 		0.08544,		5.589,		2-2
14, 4, 5, 		10, 		0.08840,		5.932,		2-2
14, 5, 1, 		10, 		0.08176,		7.422,		3-2
14, 5, 2, 		10, 		0.08415,		5.181,		2-2
14, 5, 3, 		10, 		0.08381,		9.231,		3-2
14, 5, 4, 		10, 		0.08810,		6.967,		2-2
14, 5, 5, 		10, 		0.08234,		5.076,		2-2
14, 6, 1, 		10, 		0.08680,		5.573,		2-2
14, 6, 2, 		10, 		0.08412,		4.745,		2-2
14, 6, 3, 		10, 		0.08156,		5.828,		2-2
14, 6, 4, 		10, 		0.08837,		4.499,		2-2
14, 6, 5, 		10, 		0.08742,		3.066,		2-2
14, 7, 1, 		10, 		0.08664,		3.496,		2-2
14, 7, 2, 		10, 		0.09015,		3.620,		2-2
14, 7, 3, 		10, 		0.08096,		8.260,		3-2
14, 7, 4, 		10, 		0.08298,		2.725,		2-2
14, 7, 5, 		10, 		0.07918,		11.66,		3-2
14, 8, 1, 		10, 		0.08667,		17.61,		3-1
14, 8, 2, 		10, 		0.08355,		4.651,		3-2
14, 8, 3, 		10, 		0.07803,		2.793,		2-2
14, 8, 4, 		10, 		0.07787,		4.443,		3-2
14, 8, 5, 		10, 		0.08007,		9.061,		3-2
14, 9, 1, 		10, 		0.05596,		5.754,		3-2
14, 9, 2, 		10, 		0.06016,		4.199,		3-2
14, 9, 3, 		10, 		0.05989,		5.681,		3-2
14, 9, 4, 		10, 		0.06117,		4.834,		3-2
14, 9, 5, 		10, 		0.09908,		16.73,		2-1
14, 10, 1, 		10, 		0.04846,		9.334,		3-2
14, 10, 2, 		10, 		0.04869,		10.38,		3-2
14, 10, 3, 		10, 		0.05745,		2.702,		2-2
14, 10, 4, 		10, 		0.04750,		7.476,		3-2
14, 10, 5, 		10, 		0.04826,		5.843,		2-2
14, 11, 1, 		10, 		0.05363,		6.655,		2-2
14, 11, 2, 		10, 		0.05058,		5.807,		2-2
14, 11, 3, 		10, 		0.05294,		4.228,		2-2
14, 11, 4, 		10, 		0.04724,		9.350,		3-2
14, 11, 5, 		10, 		0.04171,		8.746,		3-2
14, 12, 1, 		10, 		0.04767,		7.788,		3-2
14, 12, 2, 		10, 		0.04390,		7.842,		3-2
14, 12, 3, 		10, 		0.07673,		7.536,		2-2
14, 12, 4, 		10, 		0.04714,		6.920,		3-2
14, 12, 5, 		10, 		0.04807,		7.523,		3-2
14, 13, 1, 		10, 		0.06100,		6.778,		2-2
14, 13, 2, 		10, 		0.04298,		7.400,		3-2
14, 13, 3, 		10, 		0.04767,		5.089,		2-2
14, 13, 4, 		10, 		0.05543,		2.204,		2-2
14, 13, 5, 		10, 		0.04764,		1.577,		2-2
14, 14, 1, 		10, 		0.04379,		5.056,		2-2
14, 14, 2, 		10, 		0.04470,		5.921,		2-2
14, 14, 3, 		10, 		0.04797,		5.533,		2-2
14, 14, 4, 		10, 		0.04146,		8.276,		3-2
14, 14, 5, 		10, 		0.04134,		6.310,		2-2
14, 15, 1, 		10, 		0.04485,		5.607,		2-2
14, 15, 2, 		10, 		0.04269,		8.019,		3-2
14, 15, 3, 		10, 		0.04432,		5.921,		2-2
14, 15, 4, 		10, 		0.04188,		8.053,		3-2
14, 15, 5, 		10, 		0.04233,		3.984,		2-2
14, 16, 1, 		10, 		0.01065,		3.815,		1-1
14, 16, 2, 		10, 		0.009366,		0.06132,		1-1
14, 16, 3, 		10, 		0.008944,		0.1000,		1-1
14, 16, 4, 		10, 		0.01409,		6.698,		2-1
14, 16, 5, 		10, 		0.01141,		0.5180,		1-1
15, 1, 1, 		10, 		0.03791,		12.88,		2-1
15, 1, 2, 		10, 		0.03895,		6.500,		1-1
15, 1, 3, 		10, 		0.03671,		13.16,		2-1
15, 1, 4, 		10, 		0.03818,		13.57,		2-1
15, 1, 5, 		10, 		0.04188,		11.97,		2-1
15, 2, 1, 		10, 		0.04636,		9.813,		2-1
15, 2, 2, 		10, 		0.04815,		10.60,		2-1
15, 2, 3, 		10, 		0.05191,		6.272,		2-1
15, 2, 4, 		10, 		0.05398,		9.790,		2-1
15, 2, 5, 		10, 		0.05422,		4.445,		1-1
15, 3, 1, 		10, 		0.09511,		5.653,		2-2
15, 3, 2, 		10, 		0.09026,		5.304,		2-2
15, 3, 3, 		10, 		0.09262,		5.792,		2-2
15, 3, 4, 		10, 		0.08621,		6.670,		2-2
15, 3, 5, 		10, 		0.09112,		6.903,		3-2
15, 4, 1, 		10, 		0.08514,		3.370,		2-2
15, 4, 2, 		10, 		0.08545,		9.769,		3-2
15, 4, 3, 		10, 		0.09232,		6.452,		2-2
15, 4, 4, 		10, 		0.08495,		2.726,		2-2
15, 4, 5, 		10, 		0.08705,		8.196,		3-2
15, 5, 1, 		10, 		0.09200,		3.765,		2-2
15, 5, 2, 		10, 		0.08995,		9.531,		3-2
15, 5, 3, 		10, 		0.08996,		5.269,		2-2
15, 5, 4, 		10, 		0.08635,		4.648,		2-2
15, 5, 5, 		10, 		0.08834,		5.953,		2-2
15, 6, 1, 		10, 		0.09623,		5.891,		2-2
15, 6, 2, 		10, 		0.08958,		6.824,		2-2
15, 6, 3, 		10, 		0.08500,		4.898,		2-2
15, 6, 4, 		10, 		0.08556,		3.117,		2-2
15, 6, 5, 		10, 		0.08458,		3.178,		2-2
15, 7, 1, 		10, 		0.09685,		14.25,		3-1
15, 7, 2, 		10, 		0.07815,		8.928,		3-2
15, 7, 3, 		10, 		0.07443,		9.329,		3-2
15, 7, 4, 		10, 		0.09622,		8.595,		2-2
15, 7, 5, 		10, 		0.07318,		8.704,		3-2
15, 8, 1, 		10, 		0.07869,		20.09,		3-1
15, 8, 2, 		10, 		0.08238,		19.39,		3-1
15, 8, 3, 		10, 		0.08396,		17.33,		3-1
15, 8, 4, 		10, 		0.08276,		15.64,		3-1
15, 8, 5, 		10, 		0.08328,		17.08,		3-1
15, 9, 1, 		10, 		0.06766,		21.53,		3-1
15, 9, 2, 		10, 		0.06920,		19.36,		3-1
15, 9, 3, 		10, 		0.07825,		18.21,		3-1
15, 9, 4, 		10, 		0.07972,		19.61,		3-1
15, 9, 5, 		10, 		0.07803,		15.61,		3-1
15, 10, 1, 		10, 		0.04976,		9.158,		3-2
15, 10, 2, 		10, 		0.04973,		10.23,		3-2
15, 10, 3, 		10, 		0.04967,		9.167,		3-2
15, 10, 4, 		10, 		0.05475,		7.344,		2-2
15, 10, 5, 		10, 		0.08311,		13.69,		3-1
15, 11, 1, 		10, 		0.05437,		4.344,		2-2
15, 11, 2, 		10, 		0.04963,		4.106,		2-2
15, 11, 3, 		10, 		0.04779,		9.551,		3-2
15, 11, 4, 		10, 		0.04726,		6.644,		3-2
15, 11, 5, 		10, 		0.04577,		7.951,		3-2
15, 12, 1, 		10, 		0.04072,		8.374,		3-2
15, 12, 2, 		10, 		0.04144,		8.986,		3-2
15, 12, 3, 		10, 		0.04357,		3.965,		2-2
15, 12, 4, 		10, 		0.07439,		4.963,		2-2
15, 12, 5, 		10, 		0.04774,		4.903,		2-2
15, 13, 1, 		10, 		0.03866,		8.324,		3-2
15, 13, 2, 		10, 		0.04049,		7.277,		3-2
15, 13, 3, 		10, 		0.04395,		2.525,		2-2
15, 13, 4, 		10, 		0.04723,		7.131,		2-2
15, 13, 5, 		10, 		0.04519,		3.958,		2-2
15, 14, 1, 		10, 		0.06081,		6.503,		2-2
15, 14, 2, 		10, 		0.03940,		6.472,		3-2
15, 14, 3, 		10, 		0.04160,		9.871,		3-2
15, 14, 4, 		10, 		0.04490,		8.097,		3-2
15, 14, 5, 		10, 		0.07463,		6.601,		2-2
15, 15, 1, 		10, 		0.02014,		4.500,		1-1
15, 15, 2, 		10, 		0.01737,		4.863,		2-1
15, 15, 3, 		10, 		0.007404,		0.1897,		1-1
15, 15, 4, 		10, 		0.01296,		3.942,		1-1
15, 15, 5, 		10, 		0.01752,		3.756,		1-1
15, 16, 1, 		10, 		0.01039,		0.3877,		1-1
15, 16, 2, 		10, 		0.01526,		10.81,		2-1
15, 16, 3, 		10, 		0.01275,		7.091,		2-1
15, 16, 4, 		10, 		0.006759,		0.2210,		1-1
15, 16, 5, 		10, 		0.008459,		0.2885,		1-1
16, 1, 1, 		10, 		0.02989,		10.58,		2-1
16, 1, 2, 		10, 		0.02894,		15.04,		3-1
16, 1, 3, 		10, 		0.03190,		11.98,		2-1
16, 1, 4, 		10, 		0.03505,		8.851,		2-1
16, 1, 5, 		10, 		0.04270,		15.28,		2-1
16, 2, 1, 		10, 		0.03621,		11.54,		2-1
16, 2, 2, 		10, 		0.03764,		6.629,		2-1
16, 2, 3, 		10, 		0.03737,		12.09,		2-1
16, 2, 4, 		10, 		0.04447,		4.638,		1-1
16, 2, 5, 		10, 		0.04343,		12.69,		3-1
16, 3, 1, 		10, 		0.04581,		11.44,		2-1
16, 3, 2, 		10, 		0.04832,		10.70,		2-1
16, 3, 3, 		10, 		0.05236,		7.077,		2-1
16, 3, 4, 		10, 		0.04861,		2.983,		1-1
16, 3, 5, 		10, 		0.04955,		7.145,		2-1
16, 4, 1, 		10, 		0.05460,		4.088,		1-1
16, 4, 2, 		10, 		0.05543,		5.654,		2-1
16, 4, 3, 		10, 		0.05359,		7.482,		2-1
16, 4, 4, 		10, 		0.05435,		12.13,		2-1
16, 4, 5, 		10, 		0.06138,		4.228,		1-1
16, 5, 1, 		10, 		0.09859,		12.94,		2-1
16, 5, 2, 		10, 		0.08606,		3.239,		2-2
16, 5, 3, 		10, 		0.08352,		5.472,		2-2
16, 5, 4, 		10, 		0.08137,		10.37,		3-2
16, 5, 5, 		10, 		0.08461,		8.155,		3-2
16, 6, 1, 		10, 		0.08617,		17.68,		3-1
16, 6, 2, 		10, 		0.08240,		8.514,		3-2
16, 6, 3, 		10, 		0.08744,		2.863,		2-2
16, 6, 4, 		10, 		0.07964,		9.792,		3-2
16, 6, 5, 		10, 		0.08861,		6.078,		2-2
16, 7, 1, 		10, 		0.08171,		20.85,		3-1
16, 7, 2, 		10, 		0.08201,		16.45,		3-1
16, 7, 3, 		10, 		0.08219,		18.88,		3-1
16, 7, 4, 		10, 		0.07861,		19.12,		3-1
16, 7, 5, 		10, 		0.08435,		17.15,		3-1
16, 8, 1, 		10, 		0.07264,		22.56,		3-1
16, 8, 2, 		10, 		0.07229,		22.96,		3-1
16, 8, 3, 		10, 		0.07292,		17.75,		3-1
16, 8, 4, 		10, 		0.07199,		18.93,		3-1
16, 8, 5, 		10, 		0.07916,		17.67,		3-1
16, 9, 1, 		10, 		0.06995,		21.44,		3-1
16, 9, 2, 		10, 		0.06707,		19.97,		3-1
16, 9, 3, 		10, 		0.07590,		21.55,		3-1
16, 9, 4, 		10, 		0.07309,		19.12,		3-1
16, 9, 5, 		10, 		0.08016,		21.43,		3-1
16, 10, 1, 		10, 		0.07867,		18.60,		3-1
16, 10, 2, 		10, 		0.06972,		17.07,		3-1
16, 10, 3, 		10, 		0.08251,		19.57,		3-1
16, 10, 4, 		10, 		0.07982,		18.11,		3-1
16, 10, 5, 		10, 		0.07583,		20.64,		3-1
16, 11, 1, 		10, 		0.04902,		8.891,		3-2
16, 11, 2, 		10, 		0.06379,		3.129,		2-2
16, 11, 3, 		10, 		0.04859,		6.767,		2-2
16, 11, 4, 		10, 		0.05502,		6.593,		2-2
16, 11, 5, 		10, 		0.08364,		13.62,		3-1
16, 12, 1, 		10, 		0.04165,		6.579,		3-2
16, 12, 2, 		10, 		0.04295,		8.704,		3-2
16, 12, 3, 		10, 		0.04379,		4.828,		2-2
16, 12, 4, 		10, 		0.04433,		6.780,		2-2
16, 12, 5, 		10, 		0.07962,		15.11,		3-1
16, 13, 1, 		10, 		0.03174,		6.764,		2-1
16, 13, 2, 		10, 		0.01490,		0.5060,		1-1
16, 13, 3, 		10, 		0.01238,		0.5063,		1-1
16, 13, 4, 		10, 		0.01231,		4.073,		1-1
16, 13, 5, 		10, 		0.02408,		4.851,		2-1
16, 14, 1, 		10, 		0.01398,		4.118,		1-1
16, 14, 2, 		10, 		0.01110,		0.2393,		1-1
16, 14, 3, 		10, 		0.008585,		4.305,		1-1
16, 14, 4, 		10, 		0.009144,		0.8457,		1-1
16, 14, 5, 		10, 		0.01070,		0.5753,		1-1
16, 15, 1, 		10, 		0.01668,		8.076,		2-1
16, 15, 2, 		10, 		0.01721,		5.676,		2-1
16, 15, 3, 		10, 		0.01504,		4.229,		2-1
16, 15, 4, 		10, 		0.01347,		3.973,		1-1
16, 15, 5, 		10, 		0.01706,		6.749,		2-1
16, 16, 1, 		10, 		0.01670,		6.664,		2-1
16, 16, 2, 		10, 		0.01712,		3.701,		1-1
16, 16, 3, 		10, 		0.01069,		0.3736,		1-1
16, 16, 4, 		10, 		0.01041,		0.09635,		1-1
16, 16, 5, 		10, 		0.01147,		0.4300,		1-1
