1, 1, 1, 		0.1311,		5.440,		1-1
1, 2, 1, 		0.1432,		3.263,		1-1
1, 3, 1, 		0.1257,		0.5623,		1-1
1, 4, 1, 		0.09125,		4.434,		1-1
1, 5, 1, 		0.1078,		2.721,		1-1
1, 6, 1, 		0.2111,		18.37,		3-1
1, 7, 1, 		0.2769,		4.335,		2-2
1, 8, 1, 		0.2855,		4.841,		2-2
1, 9, 1, 		0.2334,		9.450,		3-2
1, 10, 1, 		0.1693,		5.228,		2-2
2, 1, 1, 		0.1340,		4.741,		1-1
2, 2, 1, 		0.1375,		1.797,		1-1
2, 3, 1, 		0.1121,		4.958,		1-1
2, 4, 1, 		0.1404,		8.639,		3-2
2, 5, 1, 		0.1878,		0.6511,		2-2
2, 6, 1, 		0.1795,		10.38,		2-1
2, 7, 1, 		0.2350,		7.818,		2-2
2, 8, 1, 		0.2196,		1.667,		2-2
2, 9, 1, 		0.1629,		2.984,		2-2
2, 10, 1, 		0.2302,		4.284,		2-2
3, 1, 1, 		0.1393,		1.623,		1-1
3, 2, 1, 		0.1277,		2.846,		1-1
3, 3, 1, 		0.2267,		8.129,		3-2
3, 4, 1, 		0.2759,		7.705,		2-2
3, 5, 1, 		0.1922,		3.832,		2-2
3, 6, 1, 		0.1950,		2.611,		2-2
3, 7, 1, 		0.3161,		3.493,		2-2
3, 8, 1, 		0.1946,		6.076,		2-2
3, 9, 1, 		0.2021,		11.44,		3-2
3, 10, 1, 		0.1791,		8.252,		3-2
4, 1, 1, 		0.1604,		5.376,		2-2
4, 2, 1, 		0.2011,		8.356,		3-2
4, 3, 1, 		0.1776,		7.206,		3-2
4, 4, 1, 		0.2332,		2.062,		2-2
4, 5, 1, 		0.1574,		3.957,		2-2
4, 6, 1, 		0.2168,		5.793,		2-2
4, 7, 1, 		0.2338,		1.902,		2-2
4, 8, 1, 		0.1839,		8.880,		3-2
4, 9, 1, 		0.2201,		5.997,		2-2
4, 10, 1, 		0.1821,		2.649,		2-2
5, 1, 1, 		0.1342,		7.424,		3-2
5, 2, 1, 		0.1272,		10.40,		3-2
5, 3, 1, 		0.2290,		13.96,		3-2
5, 4, 1, 		0.2019,		5.891,		2-2
5, 5, 1, 		0.2074,		5.808,		3-3
5, 6, 1, 		0.2239,		5.519,		3-3
5, 7, 1, 		0.3213,		5.643,		3-3
5, 8, 1, 		0.2279,		4.835,		3-3
5, 9, 1, 		0.1452,		6.319,		3-3
5, 10, 1, 		0.1751,		10.82,		3-2
6, 1, 1, 		0.1929,		3.933,		2-2
6, 2, 1, 		0.1750,		5.865,		2-2
6, 3, 1, 		0.1817,		14.13,		3-2
6, 4, 1, 		0.1809,		2.679,		2-2
6, 5, 1, 		0.2333,		9.423,		3-3
6, 6, 1, 		0.2529,		5.166,		3-3
6, 7, 1, 		0.2500,		2.069,		3-3
6, 8, 1, 		0.1383,		8.805,		3-2
6, 9, 1, 		0.1154,		3.781,		2-2
6, 10, 1, 		0.1620,		7.678,		3-2
7, 1, 1, 		0.1907,		13.55,		3-2
7, 2, 1, 		0.1719,		7.924,		3-2
7, 3, 1, 		0.2261,		3.071,		2-2
7, 4, 1, 		0.2336,		7.062,		2-2
7, 5, 1, 		0.1742,		6.795,		3-3
7, 6, 1, 		0.1753,		11.00,		3-2
7, 7, 1, 		0.2172,		2.454,		2-2
7, 8, 1, 		0.1354,		6.860,		2-2
7, 9, 1, 		0.1037,		3.830,		2-2
7, 10, 1, 		0.1455,		8.438,		3-2
8, 1, 1, 		0.1152,		16.31,		3-2
8, 2, 1, 		0.1410,		7.098,		2-2
8, 3, 1, 		0.1360,		15.89,		3-2
8, 4, 1, 		0.1397,		3.281,		1-1
8, 5, 1, 		0.1428,		1.027,		2-2
8, 6, 1, 		0.1838,		3.489,		2-2
8, 7, 1, 		0.2050,		7.823,		2-2
8, 8, 1, 		0.2045,		3.799,		2-2
8, 9, 1, 		0.1719,		4.070,		2-2
8, 10, 1, 		0.2119,		10.31,		3-2
9, 1, 1, 		0.1183,		17.16,		3-2
9, 2, 1, 		0.1441,		3.123,		1-2
9, 3, 1, 		0.1427,		4.695,		1-1
9, 4, 1, 		0.1664,		1.585,		1-1
9, 5, 1, 		0.1469,		4.305,		2-2
9, 6, 1, 		0.07246,		4.850,		1-1
9, 7, 1, 		0.1553,		7.068,		3-2
9, 8, 1, 		0.1902,		3.840,		3-2
9, 9, 1, 		0.1678,		3.789,		2-2
9, 10, 1, 		0.2363,		7.339,		2-2
10, 1, 1, 		0.1169,		2.855,		1-1
10, 2, 1, 		0.1457,		2.662,		1-1
10, 3, 1, 		0.1817,		1.369,		1-1
10, 4, 1, 		0.1266,		2.511,		1-1
10, 5, 1, 		0.1543,		12.29,		3-2
10, 6, 1, 		0.1428,		1.696,		1-1
10, 7, 1, 		0.2373,		3.323,		2-2
10, 8, 1, 		0.2483,		9.690,		3-2
10, 9, 1, 		0.1468,		4.804,		2-2
10, 10, 1, 		0.1280,		5.147,		2-2
