1, 1, 1, 		10, 		0.05743,		7.471,		2-1
1, 2, 1, 		10, 		0.04755,		0.1708,		1-1
1, 3, 1, 		10, 		0.06464,		8.463,		2-1
1, 4, 1, 		10, 		0.04251,		2.085,		1-1
1, 5, 1, 		10, 		0.05183,		3.332,		1-1
1, 6, 1, 		10, 		0.09391,		12.35,		2-1
1, 7, 1, 		10, 		0.09897,		5.956,		2-2
1, 8, 1, 		10, 		0.09882,		6.639,		2-2
1, 9, 1, 		10, 		0.1095,		11.77,		3-2
1, 10, 1, 		10, 		0.1238,		5.249,		2-2
2, 1, 1, 		10, 		0.04627,		1.823,		1-1
2, 2, 1, 		10, 		0.06596,		3.936,		1-1
2, 3, 1, 		10, 		0.06597,		3.830,		1-1
2, 4, 1, 		10, 		0.07336,		6.373,		2-2
2, 5, 1, 		10, 		0.08888,		6.566,		3-2
2, 6, 1, 		10, 		0.1160,		7.744,		1-1
2, 7, 1, 		10, 		0.08269,		8.020,		3-2
2, 8, 1, 		10, 		0.1164,		2.828,		2-2
2, 9, 1, 		10, 		0.1093,		7.889,		3-2
2, 10, 1, 		10, 		0.1018,		9.600,		3-2
3, 1, 1, 		10, 		0.05649,		1.195,		1-1
3, 2, 1, 		10, 		0.06474,		0.8301,		1-1
3, 3, 1, 		10, 		0.1075,		4.693,		3-2
3, 4, 1, 		10, 		0.1122,		4.151,		2-2
3, 5, 1, 		10, 		0.1015,		0.8772,		2-2
3, 6, 1, 		10, 		0.08757,		5.739,		2-2
3, 7, 1, 		10, 		0.1088,		4.895,		2-2
3, 8, 1, 		10, 		0.1400,		6.576,		2-2
3, 9, 1, 		10, 		0.1243,		5.644,		2-2
3, 10, 1, 		10, 		0.1122,		2.974,		2-2
4, 1, 1, 		10, 		0.08520,		7.579,		2-2
4, 2, 1, 		10, 		0.1093,		6.005,		2-2
4, 3, 1, 		10, 		0.1080,		10.46,		2-2
4, 4, 1, 		10, 		0.1270,		6.606,		2-2
4, 5, 1, 		10, 		0.1192,		5.595,		2-2
4, 6, 1, 		10, 		0.08786,		1.313,		2-2
4, 7, 1, 		10, 		0.07527,		3.440,		2-2
4, 8, 1, 		10, 		0.1245,		11.41,		3-2
4, 9, 1, 		10, 		0.1202,		6.502,		2-2
4, 10, 1, 		10, 		0.1553,		7.394,		2-2
5, 1, 1, 		10, 		0.1086,		7.639,		2-2
5, 2, 1, 		10, 		0.1069,		6.360,		2-2
5, 3, 1, 		10, 		0.1217,		5.527,		2-2
5, 4, 1, 		10, 		0.1266,		7.488,		2-2
5, 5, 1, 		10, 		0.1848,		3.897,		3-3
5, 6, 1, 		10, 		0.1475,		2.754,		3-3
5, 7, 1, 		10, 		0.1655,		3.434,		3-3
5, 8, 1, 		10, 		0.09069,		4.177,		3-3
5, 9, 1, 		10, 		0.09033,		3.165,		3-3
5, 10, 1, 		10, 		0.06996,		3.523,		2-2
6, 1, 1, 		10, 		0.06982,		8.249,		3-2
6, 2, 1, 		10, 		0.08715,		7.222,		2-2
6, 3, 1, 		10, 		0.1138,		5.694,		2-2
6, 4, 1, 		10, 		0.08143,		4.260,		2-2
6, 5, 1, 		10, 		0.1151,		6.483,		3-3
6, 6, 1, 		10, 		0.1017,		2.699,		3-3
6, 7, 1, 		10, 		0.1600,		4.078,		3-3
6, 8, 1, 		10, 		0.07393,		5.176,		2-2
6, 9, 1, 		10, 		0.07221,		4.392,		2-2
6, 10, 1, 		10, 		0.07012,		5.100,		2-2
7, 1, 1, 		10, 		0.07293,		4.210,		2-2
7, 2, 1, 		10, 		0.08564,		3.190,		2-2
7, 3, 1, 		10, 		0.08822,		3.971,		2-2
7, 4, 1, 		10, 		0.08436,		3.797,		2-2
7, 5, 1, 		10, 		0.1644,		3.330,		3-3
7, 6, 1, 		10, 		0.08997,		6.092,		2-2
7, 7, 1, 		10, 		0.1350,		11.72,		3-2
7, 8, 1, 		10, 		0.05019,		3.875,		2-2
7, 9, 1, 		10, 		0.1052,		6.158,		3-2
7, 10, 1, 		10, 		0.06236,		2.454,		2-2
8, 1, 1, 		10, 		0.09571,		15.36,		2-2
8, 2, 1, 		10, 		0.06830,		7.268,		2-2
8, 3, 1, 		10, 		0.07511,		5.539,		2-2
8, 4, 1, 		10, 		0.05001,		3.682,		1-1
8, 5, 1, 		10, 		0.04595,		3.320,		2-2
8, 6, 1, 		10, 		0.05343,		3.969,		2-2
8, 7, 1, 		10, 		0.05903,		7.829,		3-2
8, 8, 1, 		10, 		0.07500,		5.487,		2-2
8, 9, 1, 		10, 		0.07268,		5.397,		2-2
8, 10, 1, 		10, 		0.09089,		5.939,		2-2
9, 1, 1, 		10, 		0.08946,		2.728,		1-2
9, 2, 1, 		10, 		0.06851,		11.04,		2-2
9, 3, 1, 		10, 		0.05314,		1.397,		1-1
9, 4, 1, 		10, 		0.06975,		3.697,		1-1
9, 5, 1, 		10, 		0.05444,		3.621,		2-2
9, 6, 1, 		10, 		0.03931,		0.8589,		1-1
9, 7, 1, 		10, 		0.06173,		6.132,		2-2
9, 8, 1, 		10, 		0.09853,		5.375,		2-2
9, 9, 1, 		10, 		0.08322,		8.481,		2-2
9, 10, 1, 		10, 		0.07357,		4.512,		2-2
10, 1, 1, 		10, 		0.05897,		2.537,		1-1
10, 2, 1, 		10, 		0.05221,		4.598,		1-1
10, 3, 1, 		10, 		0.05351,		10.06,		2-1
10, 4, 1, 		10, 		0.06481,		5.239,		1-1
10, 5, 1, 		10, 		0.05971,		4.087,		2-2
10, 6, 1, 		10, 		0.02803,		0.6919,		1-1
10, 7, 1, 		10, 		0.06198,		4.984,		2-2
10, 8, 1, 		10, 		0.1133,		5.559,		2-2
10, 9, 1, 		10, 		0.09776,		4.382,		2-2
10, 10, 1, 		10, 		0.1248,		1.477,		2-2
