1, 1, 1, 		10, 		0.1271,		1.049,		1-1
1, 1, 2, 		10, 		0.08877,	1.796,		1-1
1, 1, 3, 		10, 		0.1061,		3.021,		1-1
1, 1, 4, 		10, 		0.1285,		2.340,		1-1
1, 1, 5, 		10, 		0.1389,		1.980,		1-1
1, 2, 1, 		10, 		0.1153,		1.976,		1-1
1, 2, 2, 		10, 		0.06471,	3.345,		1-1
1, 2, 3, 		10, 		0.09550,	0.1716,		1-1
1, 2, 4, 		10, 		0.1068,		8.079,		2-1
1, 2, 5, 		10, 		0.08236,	2.180,		1-1
1, 3, 1, 		10, 		0.1119,		5.135,		2-1
1, 3, 2, 		10, 		0.1198,		0.9075,		1-1
1, 3, 3, 		10, 		0.09081,	4.117,		1-1
1, 3, 4, 		10, 		0.09900,	3.168,		1-1
1, 3, 5, 		10, 		0.1433,		4.216,		1-1
1, 4, 1, 		10, 		0.1031,		4.429,		1-1
1, 4, 2, 		10, 		0.09046,	2.649,		1-1
1, 4, 3, 		10, 		0.1169,		2.425,		1-1
1, 4, 4, 		10, 		0.08542,	5.152,		1-1
1, 4, 5, 		10, 		0.08880,	2.026,		1-1
1, 5, 1, 		10, 		0.1411,		9.509,		2-1
1, 5, 2, 		10, 		0.1411,		2.364,		2-2
1, 5, 3, 		10, 		0.1220,		5.198,		2-2
1, 5, 4, 		10, 		0.1057,		3.910,		2-2
1, 5, 5, 		10, 		0.1382,		12.48,		2-2
1, 6, 1, 		10, 		0.1844,		8.096,		2-1
1, 6, 2, 		10, 		0.1423,		10.06,		3-2
1, 6, 3, 		10, 		0.1844,		10.37,		2-2
1, 6, 4, 		10, 		0.1816,		3.874,		2-2
1, 6, 5, 		10, 		0.1928,		6.270,		2-2
1, 7, 1, 		10, 		0.1988,		15.27,		2-1
1, 7, 2, 		10, 		0.1634,		4.428,		1-1
1, 7, 3, 		10, 		0.1982,		10.13,		2-1
1, 7, 4, 		10, 		0.1246,		16.59,		2-1
1, 7, 5, 		10, 		0.1624,		10.59,		3-1
1, 8, 1, 		10, 		0.1377,		13.00,		2-1
1, 8, 2, 		10, 		0.1677,		15.12,		2-1
1, 8, 3, 		10, 		0.2177,		5.354,		1-1
1, 8, 4, 		10, 		0.1360,		11.93,		3-1
1, 8, 5, 		10, 		0.1041,		18.11,		3-1
1, 9, 1, 		10, 		0.1841,		17.81,		2-1
1, 9, 2, 		10, 		0.1630,		16.28,		3-1
1, 9, 3, 		10, 		0.1468,		14.76,		3-1
1, 9, 4, 		10, 		0.2041,		12.54,		2-1
1, 9, 5, 		10, 		0.2465,		3.445,		1-1
1, 10, 1, 		10, 		0.2032,		5.654,		1-1
1, 10, 2, 		10, 		0.2294,		10.05,		2-1
1, 10, 3, 		10, 		0.1975,		2.466,		1-1
1, 10, 4, 		10, 		0.2223,		14.28,		2-1
1, 10, 5, 		10, 		0.1957,		13.29,		2-1
1, 11, 1, 		10, 		0.2118,		7.080,		2-2
1, 11, 2, 		10, 		0.1877,		6.297,		3-2
1, 11, 3, 		10, 		0.1797,		3.830,		2-2
1, 11, 4, 		10, 		0.1705,		4.302,		2-2
1, 11, 5, 		10, 		0.1770,		17.64,		2-1
1, 12, 1, 		10, 		0.1407,		5.306,		2-2
1, 12, 2, 		10, 		0.1919,		1.999,		2-2
1, 12, 3, 		10, 		0.2099,		10.90,		3-2
1, 12, 4, 		10, 		0.2160,		3.690,		2-2
1, 12, 5, 		10, 		0.1585,		14.96,		2-1
1, 13, 1, 		10, 		0.1363,		2.574,		1-1
1, 13, 2, 		10, 		0.1572,		5.895,		1-1
1, 13, 3, 		10, 		0.1082,		3.385,		1-1
1, 13, 4, 		10, 		0.1120,		11.44,		2-1
1, 13, 5, 		10, 		0.1404,		4.544,		1-1
1, 14, 1, 		10, 		0.1322,		5.246,		1-1
1, 14, 2, 		10, 		0.1409,		11.24,		2-1
1, 14, 3, 		10, 		0.1178,		5.010,		1-1
1, 14, 4, 		10, 		0.1765,		0.8633,		1-1
1, 14, 5, 		10, 		0.1193,		8.244,		1-1
1, 15, 1, 		10, 		0.1233,		3.993,		1-1
1, 15, 2, 		10, 		0.1778,		6.437,		2-1
1, 15, 3, 		10, 		0.09811,		6.081,		1-1
1, 15, 4, 		10, 		0.1271,		12.91,		2-1
1, 15, 5, 		10, 		0.1741,		2.564,		1-1
1, 16, 1, 		10, 		0.1253,		9.914,		2-1
1, 16, 2, 		10, 		0.1157,		4.831,		1-1
1, 16, 3, 		10, 		0.1380,		6.361,		1-1
1, 16, 4, 		10, 		0.1420,		3.224,		1-1
1, 16, 5, 		10, 		0.1138,		6.112,		1-1
2, 1, 1, 		10, 		0.08763,		4.214,		1-1
2, 1, 2, 		10, 		0.1013,		0.9229,		1-1
2, 1, 3, 		10, 		0.1013,		1.795,		1-1
2, 1, 4, 		10, 		0.1176,		4.851,		1-1
2, 1, 5, 		10, 		0.1251,		2.394,		1-1
2, 2, 1, 		10, 		0.09096,		1.193,		1-1
2, 2, 2, 		10, 		0.1322,		3.529,		1-1
2, 2, 3, 		10, 		0.1305,		3.341,		1-1
2, 2, 4, 		10, 		0.08295,		1.234,		1-1
2, 2, 5, 		10, 		0.1502,		4.148,		1-1
2, 3, 1, 		10, 		0.1346,		6.863,		3-2
2, 3, 2, 		10, 		0.1751,		1.914,		2-2
2, 3, 3, 		10, 		0.1285,		2.578,		2-2
2, 3, 4, 		10, 		0.1975,		6.115,		3-2
2, 3, 5, 		10, 		0.1759,		4.700,		2-2
2, 4, 1, 		10, 		0.1473,		3.845,		2-2
2, 4, 2, 		10, 		0.1566,		13.50,		3-2
2, 4, 3, 		10, 		0.1841,		7.419,		3-2
2, 4, 4, 		10, 		0.1367,		12.07,		3-2
2, 4, 5, 		10, 		0.1348,		7.465,		2-2
2, 5, 1, 		10, 		0.1530,		8.505,		3-2
2, 5, 2, 		10, 		0.1525,		4.465,		2-2
2, 5, 3, 		10, 		0.1675,		3.306,		2-2
2, 5, 4, 		10, 		0.1611,		6.238,		2-2
2, 5, 5, 		10, 		0.1651,		8.469,		3-2
2, 6, 1, 		10, 		0.1525,		2.968,		2-2
2, 6, 2, 		10, 		0.2028,		8.326,		2-2
2, 6, 3, 		10, 		0.1637,		3.350,		2-2
2, 6, 4, 		10, 		0.1592,		6.651,		2-2
2, 6, 5, 		10, 		0.1900,		5.877,		2-2
2, 7, 1, 		10, 		0.1876,		5.387,		1-1
2, 7, 2, 		10, 		0.1580,		9.852,		2-2
2, 7, 3, 		10, 		0.1444,		6.795,		2-2
2, 7, 4, 		10, 		0.1718,		4.247,		2-2
2, 7, 5, 		10, 		0.1568,		0.7372,		2-2
2, 8, 1, 		10, 		0.2066,		15.08,		2-1
2, 8, 2, 		10, 		0.2192,		17.52,		2-1
2, 8, 3, 		10, 		0.2320,		13.54,		2-1
2, 8, 4, 		10, 		0.1453,		6.665,		2-1
2, 8, 5, 		10, 		0.2085,		15.73,		2-1
2, 9, 1, 		10, 		0.1417,		13.93,		2-1
2, 9, 2, 		10, 		0.1556,		13.50,		2-1
2, 9, 3, 		10, 		0.1645,		19.17,		3-1
2, 9, 4, 		10, 		0.1737,		4.534,		1-1
2, 9, 5, 		10, 		0.1714,		0.6156,		1-1
2, 10, 1, 		10, 		0.1782,		1.975,		2-2
2, 10, 2, 		10, 		0.1490,		12.16,		3-2
2, 10, 3, 		10, 		0.1946,		3.585,		2-2
2, 10, 4, 		10, 		0.2017,		6.768,		2-2
2, 10, 5, 		10, 		0.1242,		5.047,		2-1
2, 11, 1, 		10, 		0.2094,		13.44,		3-2
2, 11, 2, 		10, 		0.1498,		5.900,		2-2
2, 11, 3, 		10, 		0.1535,		6.721,		3-2
2, 11, 4, 		10, 		0.1683,		5.645,		2-2
2, 11, 5, 		10, 		0.1589,		11.02,		3-2
2, 12, 1, 		10, 		0.2006,		13.85,		3-2
2, 12, 2, 		10, 		0.1594,		12.17,		3-2
2, 12, 3, 		10, 		0.2202,		1.405,		2-2
2, 12, 4, 		10, 		0.1860,		7.142,		2-2
2, 12, 5, 		10, 		0.1916,		2.646,		2-2
2, 13, 1, 		10, 		0.1796,		8.154,		3-2
2, 13, 2, 		10, 		0.1622,		11.29,		2-2
2, 13, 3, 		10, 		0.2256,		8.213,		2-2
2, 13, 4, 		10, 		0.1501,		3.673,		2-2
2, 13, 5, 		10, 		0.1447,		6.132,		2-2
2, 14, 1, 		10, 		0.1711,		2.857,		2-2
2, 14, 2, 		10, 		0.1897,		4.160,		2-2
2, 14, 3, 		10, 		0.2104,		10.05,		3-2
2, 14, 4, 		10, 		0.1711,		8.854,		3-2
2, 14, 5, 		10, 		0.2471,		18.80,		3-2
2, 15, 1, 		10, 		0.1519,		4.731,		1-1
2, 15, 2, 		10, 		0.1461,		2.876,		1-1
2, 15, 3, 		10, 		0.1450,		2.904,		1-1
2, 15, 4, 		10, 		0.1417,		0.8953,		1-1
2, 15, 5, 		10, 		0.1294,		16.35,		2-1
2, 16, 1, 		10, 		0.1521,		7.926,		1-1
2, 16, 2, 		10, 		0.1520,		2.057,		1-1
2, 16, 3, 		10, 		0.1473,		5.626,		1-1
2, 16, 4, 		10, 		0.1241,		3.481,		1-1
2, 16, 5, 		10, 		0.1459,		2.213,		1-1
3, 1, 1, 		10, 		0.1079,		1.214,		1-1
3, 1, 2, 		10, 		0.1347,		2.948,		1-1
3, 1, 3, 		10, 		0.1039,		5.043,		2-1
3, 1, 4, 		10, 		0.09452,		2.415,		1-1
3, 1, 5, 		10, 		0.1036,		6.786,		2-1
3, 2, 1, 		10, 		0.1457,		5.170,		2-2
3, 2, 2, 		10, 		0.2069,		6.639,		3-2
3, 2, 3, 		10, 		0.1624,		6.796,		2-2
3, 2, 4, 		10, 		0.1461,		10.05,		3-2
3, 2, 5, 		10, 		0.1177,		9.758,		3-2
3, 3, 1, 		10, 		0.1411,		3.521,		2-2
3, 3, 2, 		10, 		0.1980,		2.292,		2-2
3, 3, 3, 		10, 		0.1775,		6.829,		2-2
3, 3, 4, 		10, 		0.1109,		6.792,		2-2
3, 3, 5, 		10, 		0.1693,		11.58,		3-2
3, 4, 1, 		10, 		0.1491,		7.134,		2-2
3, 4, 2, 		10, 		0.1656,		2.756,		2-2
3, 4, 3, 		10, 		0.2007,		6.058,		2-2
3, 4, 4, 		10, 		0.1648,		4.618,		2-2
3, 4, 5, 		10, 		0.1972,		9.429,		3-2
3, 5, 1, 		10, 		0.1615,		1.501,		2-2
3, 5, 2, 		10, 		0.1470,		7.467,		2-2
3, 5, 3, 		10, 		0.1691,		7.763,		2-2
3, 5, 4, 		10, 		0.1738,		8.571,		2-2
3, 5, 5, 		10, 		0.1046,		6.776,		2-2
3, 6, 1, 		10, 		0.1305,		3.906,		2-2
3, 6, 2, 		10, 		0.1182,		9.675,		2-2
3, 6, 3, 		10, 		0.1252,		6.263,		2-2
3, 6, 4, 		10, 		0.1432,		4.710,		2-2
3, 6, 5, 		10, 		0.1674,		12.17,		3-2
3, 7, 1, 		10, 		0.1137,		2.884,		2-2
3, 7, 2, 		10, 		0.1768,		8.372,		2-2
3, 7, 3, 		10, 		0.1329,		8.996,		2-2
3, 7, 4, 		10, 		0.1701,		0.7520,		2-2
3, 7, 5, 		10, 		0.1255,		6.331,		2-2
3, 8, 1, 		10, 		0.1754,		2.901,		1-1
3, 8, 2, 		10, 		0.1756,		11.68,		2-2
3, 8, 3, 		10, 		0.1402,		11.96,		3-2
3, 8, 4, 		10, 		0.1407,		12.83,		3-2
3, 8, 5, 		10, 		0.1470,		4.051,		2-2
3, 9, 1, 		10, 		0.2156,		10.78,		3-2
3, 9, 2, 		10, 		0.2095,		7.873,		3-2
3, 9, 3, 		10, 		0.2131,		6.033,		2-2
3, 9, 4, 		10, 		0.2155,		12.22,		3-2
3, 9, 5, 		10, 		0.1661,		11.73,		2-1
3, 10, 1, 		10, 		0.1606,		2.788,		2-2
3, 10, 2, 		10, 		0.1572,		12.35,		3-2
3, 10, 3, 		10, 		0.2071,		6.832,		2-2
3, 10, 4, 		10, 		0.1584,		6.396,		2-2
3, 10, 5, 		10, 		0.2417,		6.131,		2-2
3, 11, 1, 		10, 		0.2085,		4.823,		2-2
3, 11, 2, 		10, 		0.1828,		3.942,		2-2
3, 11, 3, 		10, 		0.2077,		9.694,		2-2
3, 11, 4, 		10, 		0.1552,		3.207,		2-2
3, 11, 5, 		10, 		0.1366,		5.144,		2-2
3, 12, 1, 		10, 		0.1715,		8.861,		3-2
3, 12, 2, 		10, 		0.2233,		6.663,		2-2
3, 12, 3, 		10, 		0.1442,		4.737,		2-2
3, 12, 4, 		10, 		0.1452,		8.027,		2-2
3, 12, 5, 		10, 		0.1730,		4.675,		2-2
3, 13, 1, 		10, 		0.2059,		6.375,		2-2
3, 13, 2, 		10, 		0.2967,		3.887,		2-2
3, 13, 3, 		10, 		0.1635,		8.368,		2-2
3, 13, 4, 		10, 		0.1395,		11.06,		3-2
3, 13, 5, 		10, 		0.2099,		5.457,		2-2
3, 14, 1, 		10, 		0.1541,		8.842,		3-2
3, 14, 2, 		10, 		0.2045,		6.449,		2-2
3, 14, 3, 		10, 		0.2184,		7.560,		2-2
3, 14, 4, 		10, 		0.1980,		7.658,		2-2
3, 14, 5, 		10, 		0.1766,		11.58,		3-2
3, 15, 1, 		10, 		0.2154,		3.253,		2-2
3, 15, 2, 		10, 		0.2176,		7.122,		2-2
3, 15, 3, 		10, 		0.2189,		4.645,		2-2
3, 15, 4, 		10, 		0.1530,		2.107,		2-2
3, 15, 5, 		10, 		0.1912,		11.53,		3-2
3, 16, 1, 		10, 		0.1355,		9.322,		2-1
3, 16, 2, 		10, 		0.1911,		5.632,		1-1
3, 16, 3, 		10, 		0.1469,		1.116,		1-1
3, 16, 4, 		10, 		0.1280,		7.832,		2-1
3, 16, 5, 		10, 		0.1201,		2.571,		1-1
4, 1, 1, 		10, 		0.1057,		1.284,		1-1
4, 1, 2, 		10, 		0.1245,		1.584,		1-1
4, 1, 3, 		10, 		0.08387,		3.392,		1-1
4, 1, 4, 		10, 		0.09656,		0.3272,		1-1
4, 1, 5, 		10, 		0.1205,		4.273,		1-1
4, 2, 1, 		10, 		0.1410,		8.146,		2-2
4, 2, 2, 		10, 		0.1513,		5.286,		2-2
4, 2, 3, 		10, 		0.1311,		7.287,		2-2
4, 2, 4, 		10, 		0.1304,		3.927,		2-2
4, 2, 5, 		10, 		0.1465,		9.368,		2-2
4, 3, 1, 		10, 		0.1675,		4.767,		2-2
4, 3, 2, 		10, 		0.1275,		6.386,		2-2
4, 3, 3, 		10, 		0.1412,		8.834,		3-2
4, 3, 4, 		10, 		0.1968,		6.921,		3-2
4, 3, 5, 		10, 		0.1720,		7.403,		2-2
4, 4, 1, 		10, 		0.1694,		5.792,		2-2
4, 4, 2, 		10, 		0.1260,		7.428,		2-2
4, 4, 3, 		10, 		0.2094,		5.628,		2-2
4, 4, 4, 		10, 		0.1572,		7.087,		2-2
4, 4, 5, 		10, 		0.1293,		2.582,		2-2
4, 5, 1, 		10, 		0.1872,		9.112,		3-2
4, 5, 2, 		10, 		0.1437,		5.277,		2-2
4, 5, 3, 		10, 		0.1570,		3.776,		2-2
4, 5, 4, 		10, 		0.1614,		6.628,		2-2
4, 5, 5, 		10, 		0.1405,		6.654,		2-2
4, 6, 1, 		10, 		0.1629,		3.002,		2-2
4, 6, 2, 		10, 		0.1846,		8.670,		2-2
4, 6, 3, 		10, 		0.1047,		3.522,		2-2
4, 6, 4, 		10, 		0.1342,		3.918,		2-2
4, 6, 5, 		10, 		0.1285,		9.928,		2-2
4, 7, 1, 		10, 		0.1502,		3.634,		2-2
4, 7, 2, 		10, 		0.1377,		4.907,		2-2
4, 7, 3, 		10, 		0.1401,		5.575,		2-2
4, 7, 4, 		10, 		0.1361,		4.230,		2-2
4, 7, 5, 		10, 		0.1432,		7.313,		2-2
4, 8, 1, 		10, 		0.1296,		5.691,		3-3
4, 8, 2, 		10, 		0.1729,		14.65,		2-3
4, 8, 3, 		10, 		0.1735,		8.283,		3-3
4, 8, 4, 		10, 		0.1522,		6.168,		3-3
4, 8, 5, 		10, 		0.1568,		8.995,		3-3
4, 9, 1, 		10, 		0.1957,		14.80,		3-3
4, 9, 2, 		10, 		0.2241,		9.636,		3-3
4, 9, 3, 		10, 		0.1421,		19.99,		3-3
4, 9, 4, 		10, 		0.1726,		13.63,		2-3
4, 9, 5, 		10, 		0.2251,		10.57,		2-3
4, 10, 1, 		10, 		0.2288,		7.253,		3-2
4, 10, 2, 		10, 		0.1283,		5.442,		2-2
4, 10, 3, 		10, 		0.1419,		3.802,		2-2
4, 10, 4, 		10, 		0.1903,		4.983,		2-2
4, 10, 5, 		10, 		0.1662,		4.343,		2-2
4, 11, 1, 		10, 		0.1536,		10.86,		2-2
4, 11, 2, 		10, 		0.1736,		13.80,		3-2
4, 11, 3, 		10, 		0.1567,		5.285,		2-2
4, 11, 4, 		10, 		0.1659,		12.13,		3-2
4, 11, 5, 		10, 		0.1872,		4.939,		2-2
4, 12, 1, 		10, 		0.1590,		11.36,		3-2
4, 12, 2, 		10, 		0.1760,		6.522,		2-2
4, 12, 3, 		10, 		0.1415,		4.737,		2-2
4, 12, 4, 		10, 		0.1981,		5.906,		2-2
4, 12, 5, 		10, 		0.1916,		7.293,		2-2
4, 13, 1, 		10, 		0.2109,		7.053,		2-2
4, 13, 2, 		10, 		0.1418,		10.52,		3-2
4, 13, 3, 		10, 		0.1951,		5.391,		3-2
4, 13, 4, 		10, 		0.2461,		12.58,		3-2
4, 13, 5, 		10, 		0.1409,		10.33,		3-2
4, 14, 1, 		10, 		0.2136,		4.938,		2-2
4, 14, 2, 		10, 		0.1627,		2.545,		2-2
4, 14, 3, 		10, 		0.1769,		12.86,		3-2
4, 14, 4, 		10, 		0.1997,		4.332,		2-2
4, 14, 5, 		10, 		0.1323,		4.847,		2-2
4, 15, 1, 		10, 		0.1649,		6.375,		2-2
4, 15, 2, 		10, 		0.1953,		7.239,		3-2
4, 15, 3, 		10, 		0.1606,		8.281,		3-2
4, 15, 4, 		10, 		0.1875,		8.292,		3-2
4, 15, 5, 		10, 		0.2226,		4.791,		2-2
4, 16, 1, 		10, 		0.1338,		4.840,		1-1
4, 16, 2, 		10, 		0.1504,		6.963,		1-1
4, 16, 3, 		10, 		0.1391,		1.278,		1-1
4, 16, 4, 		10, 		0.1091,		10.76,		2-1
4, 16, 5, 		10, 		0.1307,		5.114,		1-1
5, 1, 1, 		10, 		0.1426,		21.64,		3-1
5, 1, 2, 		10, 		0.1357,		4.648,		2-2
5, 1, 3, 		10, 		0.1499,		10.84,		3-2
5, 1, 4, 		10, 		0.2339,		5.849,		2-2
5, 1, 5, 		10, 		0.1772,		10.97,		3-2
5, 2, 1, 		10, 		0.1136,		5.456,		2-2
5, 2, 2, 		10, 		0.1440,		8.402,		2-2
5, 2, 3, 		10, 		0.1989,		3.197,		2-2
5, 2, 4, 		10, 		0.1541,		5.015,		2-2
5, 2, 5, 		10, 		0.1597,		6.770,		3-2
5, 3, 1, 		10, 		0.1393,		5.428,		2-2
5, 3, 2, 		10, 		0.1873,		5.612,		2-2
5, 3, 3, 		10, 		0.1232,		6.512,		2-2
5, 3, 4, 		10, 		0.2221,		8.466,		2-2
5, 3, 5, 		10, 		0.1910,		1.561,		2-2
5, 4, 1, 		10, 		0.1618,		9.671,		3-2
5, 4, 2, 		10, 		0.1456,		6.617,		3-2
5, 4, 3, 		10, 		0.1705,		4.660,		2-2
5, 4, 4, 		10, 		0.1273,		6.990,		2-2
5, 4, 5, 		10, 		0.1409,		6.049,		2-2
5, 5, 1, 		10, 		0.1305,		9.704,		2-2
5, 5, 2, 		10, 		0.1442,		4.662,		2-2
5, 5, 3, 		10, 		0.1393,		5.417,		2-2
5, 5, 4, 		10, 		0.1815,		5.184,		2-2
5, 5, 5, 		10, 		0.1969,		7.295,		3-2
5, 6, 1, 		10, 		0.1508,		7.817,		3-2
5, 6, 2, 		10, 		0.1696,		2.397,		2-2
5, 6, 3, 		10, 		0.1481,		5.517,		2-2
5, 6, 4, 		10, 		0.1876,		2.386,		2-2
5, 6, 5, 		10, 		0.1364,		5.944,		2-2
5, 7, 1, 		10, 		0.1988,		10.23,		3-3
5, 7, 2, 		10, 		0.1394,		11.27,		2-3
5, 7, 3, 		10, 		0.1317,		7.264,		3-3
5, 7, 4, 		10, 		0.1498,		13.87,		2-3
5, 7, 5, 		10, 		0.1657,		10.59,		3-3
5, 8, 1, 		10, 		0.1514,		3.235,		3-3
5, 8, 2, 		10, 		0.1575,		14.70,		3-3
5, 8, 3, 		10, 		0.1797,		9.994,		2-3
5, 8, 4, 		10, 		0.2612,		13.67,		2-3
5, 8, 5, 		10, 		0.1798,		9.044,		3-3
5, 9, 1, 		10, 		0.1556,		12.77,		3-3
5, 9, 2, 		10, 		0.1864,		15.76,		3-3
5, 9, 3, 		10, 		0.2014,		9.364,		3-3
5, 9, 4, 		10, 		0.1595,		6.816,		3-3
5, 9, 5, 		10, 		0.1782,		15.91,		3-3
5, 10, 1, 		10, 		0.1896,		3.888,		2-3
5, 10, 2, 		10, 		0.1857,		7.708,		2-3
5, 10, 3, 		10, 		0.2356,		3.670,		2-3
5, 10, 4, 		10, 		0.1341,		8.254,		3-3
5, 10, 5, 		10, 		0.2242,		6.874,		3-3
5, 11, 1, 		10, 		0.1865,		2.387,		2-2
5, 11, 2, 		10, 		0.1506,		10.04,		3-2
5, 11, 3, 		10, 		0.1979,		6.232,		2-2
5, 11, 4, 		10, 		0.1723,		14.07,		3-2
5, 11, 5, 		10, 		0.2038,		8.530,		3-2
5, 12, 1, 		10, 		0.2473,		14.95,		3-2
5, 12, 2, 		10, 		0.1968,		8.628,		3-2
5, 12, 3, 		10, 		0.2251,		7.226,		2-2
5, 12, 4, 		10, 		0.1611,		4.741,		2-2
5, 12, 5, 		10, 		0.1847,		9.840,		3-2
5, 13, 1, 		10, 		0.2085,		4.514,		2-2
5, 13, 2, 		10, 		0.2581,		3.948,		2-2
5, 13, 3, 		10, 		0.2023,		4.617,		2-2
5, 13, 4, 		10, 		0.1768,		11.17,		3-2
5, 13, 5, 		10, 		0.1816,		4.571,		2-2
5, 14, 1, 		10, 		0.2609,		4.168,		2-2
5, 14, 2, 		10, 		0.1927,		9.278,		3-2
5, 14, 3, 		10, 		0.1614,		4.716,		2-2
5, 14, 4, 		10, 		0.1681,		15.65,		3-2
5, 14, 5, 		10, 		0.2290,		6.272,		2-2
5, 15, 1, 		10, 		0.2157,		4.386,		2-2
5, 15, 2, 		10, 		0.2026,		7.674,		2-2
5, 15, 3, 		10, 		0.2107,		11.46,		3-2
5, 15, 4, 		10, 		0.1656,		5.193,		2-2
5, 15, 5, 		10, 		0.1954,		2.497,		2-2
5, 16, 1, 		10, 		0.1721,		5.228,		2-2
5, 16, 2, 		10, 		0.1775,		6.302,		2-2
5, 16, 3, 		10, 		0.2083,		9.205,		3-2
5, 16, 4, 		10, 		0.1559,		11.64,		3-2
5, 16, 5, 		10, 		0.1656,		12.23,		2-1
6, 1, 1, 		10, 		0.1667,		9.808,		2-1
6, 1, 2, 		10, 		0.1449,		9.306,		2-2
6, 1, 3, 		10, 		0.1847,		4.086,		2-2
6, 1, 4, 		10, 		0.1787,		8.142,		2-2
6, 1, 5, 		10, 		0.1648,		3.574,		2-2
6, 2, 1, 		10, 		0.1203,		1.558,		2-2
6, 2, 2, 		10, 		0.1317,		5.067,		2-2
6, 2, 3, 		10, 		0.09461,		4.291,		2-2
6, 2, 4, 		10, 		0.2209,		6.701,		2-2
6, 2, 5, 		10, 		0.1090,		11.09,		3-2
6, 3, 1, 		10, 		0.1668,		9.702,		3-2
6, 3, 2, 		10, 		0.1188,		4.615,		2-2
6, 3, 3, 		10, 		0.1826,		3.597,		2-2
6, 3, 4, 		10, 		0.1989,		4.011,		2-2
6, 3, 5, 		10, 		0.1727,		6.271,		2-2
6, 4, 1, 		10, 		0.1251,		6.368,		2-2
6, 4, 2, 		10, 		0.1615,		3.289,		2-2
6, 4, 3, 		10, 		0.1367,		5.187,		2-2
6, 4, 4, 		10, 		0.2029,		7.691,		2-2
6, 4, 5, 		10, 		0.1808,		5.119,		2-2
6, 5, 1, 		10, 		0.1446,		5.927,		2-2
6, 5, 2, 		10, 		0.1843,		5.580,		2-2
6, 5, 3, 		10, 		0.2202,		5.308,		2-2
6, 5, 4, 		10, 		0.1438,		3.910,		2-2
6, 5, 5, 		10, 		0.1742,		5.899,		2-2
6, 6, 1, 		10, 		0.1395,		10.93,		3-3
6, 6, 2, 		10, 		0.1688,		15.74,		3-3
6, 6, 3, 		10, 		0.1614,		4.871,		2-3
6, 6, 4, 		10, 		0.2021,		6.252,		2-3
6, 6, 5, 		10, 		0.1545,		3.298,		2-3
6, 7, 1, 		10, 		0.1711,		5.841,		2-2
6, 7, 2, 		10, 		0.1663,		4.524,		2-2
6, 7, 3, 		10, 		0.1128,		9.985,		3-2
6, 7, 4, 		10, 		0.1258,		2.535,		2-2
6, 7, 5, 		10, 		0.1101,		3.522,		2-2
6, 8, 1, 		10, 		0.1374,		6.798,		3-2
6, 8, 2, 		10, 		0.09727,		2.630,		2-2
6, 8, 3, 		10, 		0.1107,		6.988,		2-2
6, 8, 4, 		10, 		0.1394,		5.280,		2-2
6, 8, 5, 		10, 		0.1391,		8.296,		2-2
6, 9, 1, 		10, 		0.1207,		7.929,		2-2
6, 9, 2, 		10, 		0.08893,		5.843,		2-2
6, 9, 3, 		10, 		0.1806,		5.876,		2-2
6, 9, 4, 		10, 		0.1029,		5.501,		2-2
6, 9, 5, 		10, 		0.1114,		4.057,		2-2
6, 10, 1, 		10, 		0.1524,		2.084,		2-2
6, 10, 2, 		10, 		0.1503,		3.149,		2-2
6, 10, 3, 		10, 		0.1543,		8.475,		2-2
6, 10, 4, 		10, 		0.1199,		7.902,		2-2
6, 10, 5, 		10, 		0.1053,		9.170,		3-2
6, 11, 1, 		10, 		0.1711,		8.519,		2-3
6, 11, 2, 		10, 		0.1156,		2.037,		2-3
6, 11, 3, 		10, 		0.1488,		10.31,		3-3
6, 11, 4, 		10, 		0.1758,		7.540,		2-3
6, 11, 5, 		10, 		0.1597,		4.109,		2-3
6, 12, 1, 		10, 		0.1667,		7.140,		3-2
6, 12, 2, 		10, 		0.2288,		11.06,		3-2
6, 12, 3, 		10, 		0.1694,		10.70,		3-2
6, 12, 4, 		10, 		0.2429,		9.005,		2-2
6, 12, 5, 		10, 		0.1990,		5.827,		2-2
6, 13, 1, 		10, 		0.1430,		4.046,		2-2
6, 13, 2, 		10, 		0.2207,		1.673,		2-2
6, 13, 3, 		10, 		0.1898,		5.130,		2-2
6, 13, 4, 		10, 		0.2093,		3.975,		2-2
6, 13, 5, 		10, 		0.3046,		4.230,		2-2
6, 14, 1, 		10, 		0.2084,		10.74,		3-2
6, 14, 2, 		10, 		0.2467,		9.005,		2-2
6, 14, 3, 		10, 		0.1872,		6.193,		2-2
6, 14, 4, 		10, 		0.1864,		5.437,		2-2
6, 14, 5, 		10, 		0.1664,		4.081,		2-2
6, 15, 1, 		10, 		0.2049,		2.641,		2-2
6, 15, 2, 		10, 		0.2600,		3.556,		2-2
6, 15, 3, 		10, 		0.2257,		9.648,		2-2
6, 15, 4, 		10, 		0.1419,		7.589,		2-2
6, 15, 5, 		10, 		0.2079,		7.527,		2-2
6, 16, 1, 		10, 		0.1568,		4.125,		2-2
6, 16, 2, 		10, 		0.2031,		15.65,		3-2
6, 16, 3, 		10, 		0.1879,		5.214,		2-2
6, 16, 4, 		10, 		0.1737,		7.224,		3-2
6, 16, 5, 		10, 		0.1550,		11.96,		3-1
7, 1, 1, 		10, 		0.1955,		4.543,		1-1
7, 1, 2, 		10, 		0.2028,		9.304,		2-1
7, 1, 3, 		10, 		0.2273,		15.23,		2-1
7, 1, 4, 		10, 		0.1922,		13.87,		2-1
7, 1, 5, 		10, 		0.1545,		7.887,		2-1
7, 2, 1, 		10, 		0.1363,		13.15,		2-1
7, 2, 2, 		10, 		0.1273,		1.280,		2-2
7, 2, 3, 		10, 		0.1161,		7.396,		2-2
7, 2, 4, 		10, 		0.1477,		6.856,		2-2
7, 2, 5, 		10, 		0.1356,		5.166,		2-2
7, 3, 1, 		10, 		0.1253,		1.967,		2-2
7, 3, 2, 		10, 		0.1564,		4.654,		2-2
7, 3, 3, 		10, 		0.1698,		6.710,		2-2
7, 3, 4, 		10, 		0.1337,		8.473,		2-2
7, 3, 5, 		10, 		0.1769,		9.177,		2-2
7, 4, 1, 		10, 		0.1298,		3.647,		2-2
7, 4, 2, 		10, 		0.1648,		10.83,		3-2
7, 4, 3, 		10, 		0.1788,		8.721,		3-2
7, 4, 4, 		10, 		0.1029,		6.534,		2-2
7, 4, 5, 		10, 		0.1721,		10.46,		3-2
7, 5, 1, 		10, 		0.1871,		6.491,		2-3
7, 5, 2, 		10, 		0.1718,		11.05,		2-3
7, 5, 3, 		10, 		0.1320,		6.043,		2-3
7, 5, 4, 		10, 		0.2029,		8.378,		2-3
7, 5, 5, 		10, 		0.1828,		13.04,		3-3
7, 6, 1, 		10, 		0.1111,		3.685,		2-2
7, 6, 2, 		10, 		0.1574,		4.937,		2-2
7, 6, 3, 		10, 		0.1972,		5.673,		2-2
7, 6, 4, 		10, 		0.1101,		2.935,		2-2
7, 6, 5, 		10, 		0.1254,		7.621,		3-2
7, 7, 1, 		10, 		0.1275,		3.333,		2-2
7, 7, 2, 		10, 		0.1611,		4.501,		2-2
7, 7, 3, 		10, 		0.1533,		6.611,		2-2
7, 7, 4, 		10, 		0.1183,		8.992,		2-2
7, 7, 5, 		10, 		0.1302,		2.074,		2-2
7, 8, 1, 		10, 		0.1639,		7.715,		2-2
7, 8, 2, 		10, 		0.1531,		9.077,		3-2
7, 8, 3, 		10, 		0.1127,		2.797,		2-2
7, 8, 4, 		10, 		0.1634,		3.429,		2-2
7, 8, 5, 		10, 		0.1263,		4.226,		2-2
7, 9, 1, 		10, 		0.1346,		3.787,		2-2
7, 9, 2, 		10, 		0.1304,		7.250,		2-2
7, 9, 3, 		10, 		0.1373,		7.876,		3-2
7, 9, 4, 		10, 		0.1268,		4.936,		2-2
7, 9, 5, 		10, 		0.1549,		9.028,		2-2
7, 10, 1, 		10, 		0.1388,		3.089,		2-2
7, 10, 2, 		10, 		0.1461,		6.860,		2-2
7, 10, 3, 		10, 		0.1083,		2.118,		2-2
7, 10, 4, 		10, 		0.1839,		5.270,		2-2
7, 10, 5, 		10, 		0.1872,		1.793,		2-2
7, 11, 1, 		10, 		0.1475,		2.818,		2-2
7, 11, 2, 		10, 		0.09634,		6.692,		2-2
7, 11, 3, 		10, 		0.1592,		8.857,		2-2
7, 11, 4, 		10, 		0.1555,		6.150,		2-2
7, 11, 5, 		10, 		0.1283,		7.725,		3-2
7, 12, 1, 		10, 		0.2221,		15.59,		3-3
7, 12, 2, 		10, 		0.1180,		12.12,		2-3
7, 12, 3, 		10, 		0.1866,		11.00,		2-3
7, 12, 4, 		10, 		0.1712,		12.21,		3-3
7, 12, 5, 		10, 		0.1332,		4.429,		2-3
7, 13, 1, 		10, 		0.2232,		6.424,		2-2
7, 13, 2, 		10, 		0.2084,		7.808,		2-2
7, 13, 3, 		10, 		0.2041,		6.530,		2-2
7, 13, 4, 		10, 		0.1645,		8.419,		2-2
7, 13, 5, 		10, 		0.1910,		4.667,		2-2
7, 14, 1, 		10, 		0.2000,		7.220,		2-2
7, 14, 2, 		10, 		0.1950,		9.309,		3-2
7, 14, 3, 		10, 		0.1663,		9.884,		3-2
7, 14, 4, 		10, 		0.1595,		12.86,		3-2
7, 14, 5, 		10, 		0.1699,		6.237,		2-2
7, 15, 1, 		10, 		0.2226,		12.26,		3-2
7, 15, 2, 		10, 		0.1987,		5.978,		2-2
7, 15, 3, 		10, 		0.2085,		8.631,		2-2
7, 15, 4, 		10, 		0.2436,		3.909,		2-2
7, 15, 5, 		10, 		0.1468,		14.26,		2-1
7, 16, 1, 		10, 		0.1951,		16.11,		3-1
7, 16, 2, 		10, 		0.1770,		17.19,		3-1
7, 16, 3, 		10, 		0.1594,		14.49,		2-1
7, 16, 4, 		10, 		0.2156,		4.615,		1-1
7, 16, 5, 		10, 		0.2546,		15.40,		2-1
8, 1, 1, 		10, 		0.1652,		16.72,		2-1
8, 1, 2, 		10, 		0.1418,		16.89,		3-1
8, 1, 3, 		10, 		0.1632,		15.36,		2-1
8, 1, 4, 		10, 		0.1482,		8.822,		2-1
8, 1, 5, 		10, 		0.1478,		9.313,		2-1
8, 2, 1, 		10, 		0.1573,		9.858,		2-1
8, 2, 2, 		10, 		0.1676,		15.35,		2-1
8, 2, 3, 		10, 		0.1664,		10.00,		3-1
8, 2, 4, 		10, 		0.1577,		10.57,		2-1
8, 2, 5, 		10, 		0.1770,		12.20,		2-1
8, 3, 1, 		10, 		0.1253,		7.944,		2-1
8, 3, 2, 		10, 		0.1325,		8.526,		2-2
8, 3, 3, 		10, 		0.1312,		8.355,		2-2
8, 3, 4, 		10, 		0.1495,		10.94,		2-2
8, 3, 5, 		10, 		0.1259,		5.186,		2-2
8, 4, 1, 		10, 		0.1625,		18.86,		3-3
8, 4, 2, 		10, 		0.1684,		8.108,		3-3
8, 4, 3, 		10, 		0.1538,		19.41,		3-3
8, 4, 4, 		10, 		0.2328,		9.382,		2-3
8, 4, 5, 		10, 		0.1562,		12.08,		2-3
8, 5, 1, 		10, 		0.1121,		10.76,		3-3
8, 5, 2, 		10, 		0.2416,		27.93,		3-3
8, 5, 3, 		10, 		0.1950,		11.20,		3-3
8, 5, 4, 		10, 		0.2178,		16.35,		2-3
8, 5, 5, 		10, 		0.1210,		13.65,		3-3
8, 6, 1, 		10, 		0.1537,		1.637,		2-2
8, 6, 2, 		10, 		0.1347,		4.719,		2-2
8, 6, 3, 		10, 		0.09787,		4.858,		2-2
8, 6, 4, 		10, 		0.1545,		4.458,		2-2
8, 6, 5, 		10, 		0.1411,		6.884,		2-2
8, 7, 1, 		10, 		0.1805,		5.205,		2-2
8, 7, 2, 		10, 		0.1436,		7.574,		2-2
8, 7, 3, 		10, 		0.1685,		3.839,		2-2
8, 7, 4, 		10, 		0.1196,		7.940,		2-2
8, 7, 5, 		10, 		0.1437,		6.350,		2-2
8, 8, 1, 		10, 		0.1658,		4.085,		2-2
8, 8, 2, 		10, 		0.1049,		6.766,		2-2
8, 8, 3, 		10, 		0.1415,		5.633,		2-2
8, 8, 4, 		10, 		0.1947,		4.787,		2-2
8, 8, 5, 		10, 		0.1425,		3.483,		2-2
8, 9, 1, 		10, 		0.1433,		5.348,		2-2
8, 9, 2, 		10, 		0.1226,		3.204,		2-2
8, 9, 3, 		10, 		0.1092,		2.646,		2-2
8, 9, 4, 		10, 		0.1237,		2.247,		2-2
8, 9, 5, 		10, 		0.1327,		5.169,		2-2
8, 10, 1, 		10, 		0.1338,		6.823,		2-2
8, 10, 2, 		10, 		0.1539,		10.69,		3-2
8, 10, 3, 		10, 		0.1360,		2.885,		2-2
8, 10, 4, 		10, 		0.1036,		10.74,		2-2
8, 10, 5, 		10, 		0.1449,		7.714,		2-2
8, 11, 1, 		10, 		0.1244,		6.575,		2-2
8, 11, 2, 		10, 		0.1091,		2.830,		2-2
8, 11, 3, 		10, 		0.1184,		4.664,		2-2
8, 11, 4, 		10, 		0.1358,		6.403,		3-2
8, 11, 5, 		10, 		0.1527,		4.988,		2-2
8, 12, 1, 		10, 		0.2252,		11.14,		2-3
8, 12, 2, 		10, 		0.1606,		9.070,		2-3
8, 12, 3, 		10, 		0.2080,		19.24,		3-3
8, 12, 4, 		10, 		0.2215,		13.89,		2-3
8, 12, 5, 		10, 		0.1698,		6.488,		2-3
8, 13, 1, 		10, 		0.1801,		7.719,		3-3
8, 13, 2, 		10, 		0.2084,		10.79,		3-3
8, 13, 3, 		10, 		0.1574,		11.74,		3-3
8, 13, 4, 		10, 		0.1876,		17.62,		2-3
8, 13, 5, 		10, 		0.1468,		10.74,		2-3
8, 14, 1, 		10, 		0.1435,		3.258,		2-2
8, 14, 2, 		10, 		0.1738,		9.977,		3-2
8, 14, 3, 		10, 		0.1512,		7.958,		3-2
8, 14, 4, 		10, 		0.2623,		14.54,		3-2
8, 14, 5, 		10, 		0.2174,		8.152,		2-1
8, 15, 1, 		10, 		0.1472,		8.147,		2-1
8, 15, 2, 		10, 		0.1752,		8.140,		2-1
8, 15, 3, 		10, 		0.2191,		3.931,		1-1
8, 15, 4, 		10, 		0.2087,		22.59,		3-1
8, 15, 5, 		10, 		0.1714,		8.524,		2-1
8, 16, 1, 		10, 		0.1695,		10.87,		2-1
8, 16, 2, 		10, 		0.1698,		13.86,		3-1
8, 16, 3, 		10, 		0.1643,		9.911,		2-1
8, 16, 4, 		10, 		0.1665,		17.83,		2-1
8, 16, 5, 		10, 		0.1586,		12.85,		2-1
9, 1, 1, 		10, 		0.1695,		16.18,		3-1
9, 1, 2, 		10, 		0.1634,		15.61,		2-1
9, 1, 3, 		10, 		0.2052,		4.798,		1-1
9, 1, 4, 		10, 		0.1886,		9.052,		2-1
9, 1, 5, 		10, 		0.1914,		4.523,		2-1
9, 2, 1, 		10, 		0.1345,		15.84,		3-1
9, 2, 2, 		10, 		0.1435,		9.911,		2-1
9, 2, 3, 		10, 		0.1600,		12.04,		3-1
9, 2, 4, 		10, 		0.2376,		9.562,		2-1
9, 2, 5, 		10, 		0.2114,		7.991,		2-1
9, 3, 1, 		10, 		0.1279,		20.49,		3-1
9, 3, 2, 		10, 		0.1594,		6.941,		2-2
9, 3, 3, 		10, 		0.1318,		6.191,		2-2
9, 3, 4, 		10, 		0.2153,		4.661,		2-2
9, 3, 5, 		10, 		0.1582,		9.461,		2-2
9, 4, 1, 		10, 		0.1432,		11.46,		3-3
9, 4, 2, 		10, 		0.1249,		4.152,		3-3
9, 4, 3, 		10, 		0.1871,		16.96,		3-3
9, 4, 4, 		10, 		0.1867,		13.54,		3-3
9, 4, 5, 		10, 		0.1733,		7.166,		3-3
9, 5, 1, 		10, 		0.2602,		10.83,		2-3
9, 5, 2, 		10, 		0.1694,		20.22,		3-3
9, 5, 3, 		10, 		0.1508,		15.47,		3-3
9, 5, 4, 		10, 		0.1459,		17.21,		3-3
9, 5, 5, 		10, 		0.2302,		23.18,		3-3
9, 6, 1, 		10, 		0.09808,		3.789,		2-2
9, 6, 2, 		10, 		0.1454,		8.043,		3-2
9, 6, 3, 		10, 		0.1319,		6.192,		3-2
9, 6, 4, 		10, 		0.1287,		4.672,		2-2
9, 6, 5, 		10, 		0.1923,		7.912,		2-2
9, 7, 1, 		10, 		0.1779,		5.179,		2-2
9, 7, 2, 		10, 		0.09867,		4.955,		2-2
9, 7, 3, 		10, 		0.1359,		9.844,		3-2
9, 7, 4, 		10, 		0.1839,		5.367,		2-2
9, 7, 5, 		10, 		0.1427,		6.542,		2-2
9, 8, 1, 		10, 		0.1222,		7.276,		2-2
9, 8, 2, 		10, 		0.08618,		2.514,		2-2
9, 8, 3, 		10, 		0.1635,		12.39,		3-2
9, 8, 4, 		10, 		0.1455,		7.913,		2-2
9, 8, 5, 		10, 		0.1284,		7.657,		3-2
9, 9, 1, 		10, 		0.1201,		2.319,		2-2
9, 9, 2, 		10, 		0.1243,		10.05,		3-2
9, 9, 3, 		10, 		0.1501,		5.101,		2-2
9, 9, 4, 		10, 		0.1512,		6.074,		2-2
9, 9, 5, 		10, 		0.1283,		6.238,		2-2
9, 10, 1, 		10, 		0.1593,		3.862,		2-2
9, 10, 2, 		10, 		0.1453,		5.874,		2-2
9, 10, 3, 		10, 		0.1392,		3.517,		2-2
9, 10, 4, 		10, 		0.1569,		10.58,		2-2
9, 10, 5, 		10, 		0.1201,		3.970,		2-2
9, 11, 1, 		10, 		0.1352,		7.037,		2-2
9, 11, 2, 		10, 		0.1576,		6.843,		2-2
9, 11, 3, 		10, 		0.1018,		9.458,		3-2
9, 11, 4, 		10, 		0.1128,		3.265,		2-2
9, 11, 5, 		10, 		0.1504,		7.828,		3-2
9, 12, 1, 		10, 		0.1399,		13.95,		2-3
9, 12, 2, 		10, 		0.1714,		9.813,		3-3
9, 12, 3, 		10, 		0.1482,		8.583,		3-3
9, 12, 4, 		10, 		0.1564,		12.04,		2-3
9, 12, 5, 		10, 		0.1800,		12.52,		3-3
9, 13, 1, 		10, 		0.1202,		19.38,		2-3
9, 13, 2, 		10, 		0.1487,		14.73,		2-3
9, 13, 3, 		10, 		0.1739,		8.732,		3-3
9, 13, 4, 		10, 		0.1163,		12.52,		3-3
9, 13, 5, 		10, 		0.1673,		4.848,		3-3
9, 14, 1, 		10, 		0.1632,		4.280,		2-2
9, 14, 2, 		10, 		0.1602,		11.67,		2-2
9, 14, 3, 		10, 		0.09519,		5.052,		2-2
9, 14, 4, 		10, 		0.1250,		4.159,		2-2
9, 14, 5, 		10, 		0.1728,		13.06,		2-1
9, 15, 1, 		10, 		0.1586,		14.50,		2-1
9, 15, 2, 		10, 		0.1582,		13.80,		2-1
9, 15, 3, 		10, 		0.2144,		16.33,		3-1
9, 15, 4, 		10, 		0.1770,		18.07,		3-1
9, 15, 5, 		10, 		0.1917,		16.72,		2-1
9, 16, 1, 		10, 		0.1599,		2.426,		1-1
9, 16, 2, 		10, 		0.1640,		16.91,		2-1
9, 16, 3, 		10, 		0.2275,		6.074,		1-1
9, 16, 4, 		10, 		0.1798,		19.46,		2-1
9, 16, 5, 		10, 		0.1900,		7.761,		2-1
10, 1, 1, 		10, 		0.1750,		9.558,		2-1
10, 1, 2, 		10, 		0.1752,		16.58,		2-1
10, 1, 3, 		10, 		0.1861,		8.440,		2-1
10, 1, 4, 		10, 		0.1592,		5.621,		2-1
10, 1, 5, 		10, 		0.1144,		19.80,		3-1
10, 2, 1, 		10, 		0.1198,		17.48,		2-1
10, 2, 2, 		10, 		0.1375,		3.063,		2-2
10, 2, 3, 		10, 		0.1971,		7.778,		2-2
10, 2, 4, 		10, 		0.2172,		2.749,		2-2
10, 2, 5, 		10, 		0.2087,		6.839,		2-2
10, 3, 1, 		10, 		0.1538,		11.51,		3-2
10, 3, 2, 		10, 		0.2476,		8.374,		2-2
10, 3, 3, 		10, 		0.1873,		5.848,		2-2
10, 3, 4, 		10, 		0.1612,		5.287,		2-2
10, 3, 5, 		10, 		0.2325,		8.869,		2-2
10, 4, 1, 		10, 		0.1613,		3.975,		2-2
10, 4, 2, 		10, 		0.1769,		7.483,		2-2
10, 4, 3, 		10, 		0.1553,		12.53,		2-2
10, 4, 4, 		10, 		0.1819,		2.598,		2-2
10, 4, 5, 		10, 		0.1457,		4.683,		2-2
10, 5, 1, 		10, 		0.1163,		8.543,		3-3
10, 5, 2, 		10, 		0.1746,		11.98,		3-3
10, 5, 3, 		10, 		0.1735,		23.27,		3-3
10, 5, 4, 		10, 		0.2015,		9.087,		2-3
10, 5, 5, 		10, 		0.1426,		5.864,		2-3
10, 6, 1, 		10, 		0.1371,		3.693,		2-2
10, 6, 2, 		10, 		0.1423,		3.570,		2-2
10, 6, 3, 		10, 		0.08386,		5.325,		2-2
10, 6, 4, 		10, 		0.1978,		10.30,		3-2
10, 6, 5, 		10, 		0.1092,		6.491,		2-2
10, 7, 1, 		10, 		0.1390,		2.610,		2-2
10, 7, 2, 		10, 		0.1385,		7.103,		2-2
10, 7, 3, 		10, 		0.1063,		8.167,		2-2
10, 7, 4, 		10, 		0.1877,		3.500,		2-2
10, 7, 5, 		10, 		0.1445,		3.857,		2-2
10, 8, 1, 		10, 		0.1296,		4.325,		2-2
10, 8, 2, 		10, 		0.1437,		8.785,		3-2
10, 8, 3, 		10, 		0.1006,		10.02,		2-2
10, 8, 4, 		10, 		0.1466,		3.839,		2-2
10, 8, 5, 		10, 		0.1320,		5.570,		2-2
10, 9, 1, 		10, 		0.1723,		1.228,		2-2
10, 9, 2, 		10, 		0.1167,		1.368,		2-2
10, 9, 3, 		10, 		0.1158,		7.007,		2-2
10, 9, 4, 		10, 		0.09840,		8.463,		3-2
10, 9, 5, 		10, 		0.1289,		3.487,		2-2
10, 10, 1, 		10, 		0.1133,		5.069,		3-2
10, 10, 2, 		10, 		0.1118,		9.753,		3-2
10, 10, 3, 		10, 		0.1684,		5.022,		2-2
10, 10, 4, 		10, 		0.1542,		3.410,		2-2
10, 10, 5, 		10, 		0.1315,		4.433,		2-2
10, 11, 1, 		10, 		0.1787,		5.016,		2-2
10, 11, 2, 		10, 		0.09921,		9.318,		3-2
10, 11, 3, 		10, 		0.1389,		2.421,		2-2
10, 11, 4, 		10, 		0.1421,		3.514,		2-2
10, 11, 5, 		10, 		0.1501,		3.697,		2-2
10, 12, 1, 		10, 		0.2206,		5.738,		2-3
10, 12, 2, 		10, 		0.1781,		6.547,		2-3
10, 12, 3, 		10, 		0.1839,		29.96,		3-3
10, 12, 4, 		10, 		0.1460,		10.38,		3-3
10, 12, 5, 		10, 		0.1370,		9.016,		2-3
10, 13, 1, 		10, 		0.1930,		1.302,		2-2
10, 13, 2, 		10, 		0.1573,		12.81,		2-2
10, 13, 3, 		10, 		0.1294,		9.325,		3-2
10, 13, 4, 		10, 		0.1591,		3.557,		2-2
10, 13, 5, 		10, 		0.1260,		5.415,		2-2
10, 14, 1, 		10, 		0.1196,		5.667,		2-2
10, 14, 2, 		10, 		0.1399,		6.706,		2-2
10, 14, 3, 		10, 		0.1616,		5.844,		2-2
10, 14, 4, 		10, 		0.1555,		3.398,		2-2
10, 14, 5, 		10, 		0.1653,		4.527,		2-2
10, 15, 1, 		10, 		0.1513,		5.567,		3-2
10, 15, 2, 		10, 		0.1452,		11.92,		3-2
10, 15, 3, 		10, 		0.1492,		4.450,		2-2
10, 15, 4, 		10, 		0.1908,		4.815,		2-2
10, 15, 5, 		10, 		0.1911,		10.89,		2-1
10, 16, 1, 		10, 		0.1587,		9.053,		2-1
10, 16, 2, 		10, 		0.1403,		14.66,		2-1
10, 16, 3, 		10, 		0.1745,		8.444,		2-1
10, 16, 4, 		10, 		0.1688,		5.866,		1-1
10, 16, 5, 		10, 		0.1398,		12.90,		2-1
11, 1, 1, 		10, 		0.2057,		20.03,		3-1
11, 1, 2, 		10, 		0.1632,		6.757,		2-2
11, 1, 3, 		10, 		0.1838,		8.554,		3-2
11, 1, 4, 		10, 		0.1868,		4.743,		2-2
11, 1, 5, 		10, 		0.1822,		4.684,		2-2
11, 2, 1, 		10, 		0.1544,		5.267,		2-2
11, 2, 2, 		10, 		0.1557,		3.241,		2-2
11, 2, 3, 		10, 		0.1242,		7.751,		3-2
11, 2, 4, 		10, 		0.1692,		11.87,		3-2
11, 2, 5, 		10, 		0.1683,		6.438,		2-2
11, 3, 1, 		10, 		0.1715,		8.092,		2-2
11, 3, 2, 		10, 		0.2283,		7.378,		3-2
11, 3, 3, 		10, 		0.2107,		3.940,		2-2
11, 3, 4, 		10, 		0.1916,		8.100,		3-2
11, 3, 5, 		10, 		0.1690,		15.21,		3-2
11, 4, 1, 		10, 		0.1566,		6.918,		2-2
11, 4, 2, 		10, 		0.2471,		4.451,		2-2
11, 4, 3, 		10, 		0.2308,		6.459,		2-2
11, 4, 4, 		10, 		0.2092,		3.818,		2-2
11, 4, 5, 		10, 		0.2026,		4.408,		2-2
11, 5, 1, 		10, 		0.2390,		7.902,		3-2
11, 5, 2, 		10, 		0.2041,		8.881,		3-2
11, 5, 3, 		10, 		0.1939,		12.05,		3-2
11, 5, 4, 		10, 		0.1919,		8.268,		2-2
11, 5, 5, 		10, 		0.2231,		12.40,		3-2
11, 6, 1, 		10, 		0.1825,		6.463,		2-3
11, 6, 2, 		10, 		0.1260,		3.406,		2-3
11, 6, 3, 		10, 		0.1504,		6.875,		2-3
11, 6, 4, 		10, 		0.1972,		9.688,		2-3
11, 6, 5, 		10, 		0.1477,		23.16,		3-3
11, 7, 1, 		10, 		0.1308,		7.933,		2-2
11, 7, 2, 		10, 		0.1526,		10.96,		3-2
11, 7, 3, 		10, 		0.1263,		2.261,		2-2
11, 7, 4, 		10, 		0.1319,		4.864,		2-2
11, 7, 5, 		10, 		0.1141,		3.045,		2-2
11, 8, 1, 		10, 		0.2133,		5.236,		2-2
11, 8, 2, 		10, 		0.1237,		5.014,		2-2
11, 8, 3, 		10, 		0.1197,		8.327,		2-2
11, 8, 4, 		10, 		0.1587,		3.053,		2-2
11, 8, 5, 		10, 		0.1403,		5.770,		2-2
11, 9, 1, 		10, 		0.1205,		6.322,		2-2
11, 9, 2, 		10, 		0.1442,		7.991,		2-2
11, 9, 3, 		10, 		0.1245,		10.78,		3-2
11, 9, 4, 		10, 		0.1245,		8.091,		2-2
11, 9, 5, 		10, 		0.1191,		4.411,		2-2
11, 10, 1, 		10, 		0.08978,		13.91,		3-2
11, 10, 2, 		10, 		0.1332,		4.000,		2-2
11, 10, 3, 		10, 		0.1252,		1.683,		2-2
11, 10, 4, 		10, 		0.1178,		6.701,		2-2
11, 10, 5, 		10, 		0.1335,		4.503,		2-2
11, 11, 1, 		10, 		0.1610,		1.882,		2-3
11, 11, 2, 		10, 		0.1635,		13.82,		3-3
11, 11, 3, 		10, 		0.2118,		4.831,		2-3
11, 11, 4, 		10, 		0.1575,		2.923,		2-3
11, 11, 5, 		10, 		0.1516,		2.301,		2-3
11, 12, 1, 		10, 		0.1508,		5.488,		2-2
11, 12, 2, 		10, 		0.1506,		7.079,		2-2
11, 12, 3, 		10, 		0.1066,		3.443,		2-2
11, 12, 4, 		10, 		0.1614,		5.783,		2-2
11, 12, 5, 		10, 		0.1384,		6.462,		3-2
11, 13, 1, 		10, 		0.1408,		7.765,		3-2
11, 13, 2, 		10, 		0.1626,		4.688,		2-2
11, 13, 3, 		10, 		0.1866,		5.984,		2-2
11, 13, 4, 		10, 		0.1162,		5.322,		3-2
11, 13, 5, 		10, 		0.1817,		15.63,		3-2
11, 14, 1, 		10, 		0.1610,		5.899,		2-2
11, 14, 2, 		10, 		0.1393,		9.266,		3-2
11, 14, 3, 		10, 		0.1569,		9.593,		3-2
11, 14, 4, 		10, 		0.1988,		6.121,		2-2
11, 14, 5, 		10, 		0.1491,		6.073,		2-2
11, 15, 1, 		10, 		0.1398,		2.842,		2-2
11, 15, 2, 		10, 		0.1844,		12.16,		3-2
11, 15, 3, 		10, 		0.1208,		13.60,		3-2
11, 15, 4, 		10, 		0.1484,		10.93,		3-2
11, 15, 5, 		10, 		0.1020,		7.629,		2-2
11, 16, 1, 		10, 		0.1474,		5.117,		2-2
11, 16, 2, 		10, 		0.1910,		1.565,		2-2
11, 16, 3, 		10, 		0.1165,		6.279,		2-2
11, 16, 4, 		10, 		0.1832,		7.076,		2-2
11, 16, 5, 		10, 		0.1168,		17.02,		2-1
12, 1, 1, 		10, 		0.1572,		11.15,		2-1
12, 1, 2, 		10, 		0.1704,		8.751,		3-2
12, 1, 3, 		10, 		0.1568,		9.250,		3-2
12, 1, 4, 		10, 		0.1667,		12.05,		3-2
12, 1, 5, 		10, 		0.2064,		11.95,		3-2
12, 2, 1, 		10, 		0.1883,		8.983,		2-2
12, 2, 2, 		10, 		0.1386,		5.566,		2-2
12, 2, 3, 		10, 		0.2103,		10.28,		2-2
12, 2, 4, 		10, 		0.1696,		8.493,		2-2
12, 2, 5, 		10, 		0.1492,		9.997,		3-2
12, 3, 1, 		10, 		0.1370,		4.586,		2-2
12, 3, 2, 		10, 		0.1404,		11.47,		3-2
12, 3, 3, 		10, 		0.2107,		8.841,		2-2
12, 3, 4, 		10, 		0.2035,		6.692,		2-2
12, 3, 5, 		10, 		0.2208,		9.409,		3-2
12, 4, 1, 		10, 		0.1558,		4.464,		2-2
12, 4, 2, 		10, 		0.2666,		16.04,		3-2
12, 4, 3, 		10, 		0.2058,		5.138,		2-2
12, 4, 4, 		10, 		0.2430,		2.311,		2-2
12, 4, 5, 		10, 		0.1889,		6.082,		2-2
12, 5, 1, 		10, 		0.2110,		8.616,		3-2
12, 5, 2, 		10, 		0.1323,		3.401,		2-2
12, 5, 3, 		10, 		0.2284,		10.26,		3-2
12, 5, 4, 		10, 		0.1534,		6.923,		2-2
12, 5, 5, 		10, 		0.1729,		8.002,		3-2
12, 6, 1, 		10, 		0.1806,		6.013,		2-2
12, 6, 2, 		10, 		0.2164,		3.272,		2-2
12, 6, 3, 		10, 		0.2593,		1.855,		2-2
12, 6, 4, 		10, 		0.2033,		8.967,		3-2
12, 6, 5, 		10, 		0.2243,		3.701,		2-2
12, 7, 1, 		10, 		0.2331,		8.764,		2-3
12, 7, 2, 		10, 		0.1783,		11.82,		2-3
12, 7, 3, 		10, 		0.1761,		7.968,		3-3
12, 7, 4, 		10, 		0.1623,		7.776,		2-3
12, 7, 5, 		10, 		0.09625,		4.488,		2-3
12, 8, 1, 		10, 		0.1668,		7.113,		2-3
12, 8, 2, 		10, 		0.1668,		6.288,		2-3
12, 8, 3, 		10, 		0.2272,		28.19,		3-3
12, 8, 4, 		10, 		0.2510,		16.18,		2-3
12, 8, 5, 		10, 		0.1708,		8.671,		3-3
12, 9, 1, 		10, 		0.1566,		13.45,		3-3
12, 9, 2, 		10, 		0.3161,		27.98,		3-3
12, 9, 3, 		10, 		0.2285,		19.45,		3-3
12, 9, 4, 		10, 		0.2303,		12.13,		2-3
12, 9, 5, 		10, 		0.1822,		24.52,		3-3
12, 10, 1, 		10, 		0.1852,		14.05,		2-3
12, 10, 2, 		10, 		0.1299,		10.15,		3-3
12, 10, 3, 		10, 		0.1877,		8.034,		3-3
12, 10, 4, 		10, 		0.1952,		16.04,		2-3
12, 10, 5, 		10, 		0.2242,		14.54,		2-3
12, 11, 1, 		10, 		0.1745,		8.457,		2-2
12, 11, 2, 		10, 		0.1330,		5.755,		2-2
12, 11, 3, 		10, 		0.1558,		9.528,		3-2
12, 11, 4, 		10, 		0.1560,		9.148,		3-2
12, 11, 5, 		10, 		0.1742,		8.863,		3-2
12, 12, 1, 		10, 		0.1807,		6.185,		2-2
12, 12, 2, 		10, 		0.2017,		11.47,		3-2
12, 12, 3, 		10, 		0.09773,		3.195,		2-2
12, 12, 4, 		10, 		0.1943,		6.242,		3-2
12, 12, 5, 		10, 		0.1831,		6.872,		2-2
12, 13, 1, 		10, 		0.2044,		1.151,		2-2
12, 13, 2, 		10, 		0.1290,		3.987,		2-2
12, 13, 3, 		10, 		0.2308,		9.214,		3-2
12, 13, 4, 		10, 		0.1872,		4.502,		2-2
12, 13, 5, 		10, 		0.1318,		8.744,		3-2
12, 14, 1, 		10, 		0.1581,		9.036,		3-2
12, 14, 2, 		10, 		0.1358,		8.199,		3-2
12, 14, 3, 		10, 		0.1180,		8.020,		3-2
12, 14, 4, 		10, 		0.2187,		4.816,		2-2
12, 14, 5, 		10, 		0.1637,		9.607,		3-2
12, 15, 1, 		10, 		0.1201,		3.990,		2-2
12, 15, 2, 		10, 		0.1343,		7.375,		2-2
12, 15, 3, 		10, 		0.1291,		3.297,		2-2
12, 15, 4, 		10, 		0.1592,		11.34,		3-2
12, 15, 5, 		10, 		0.1755,		5.310,		3-2
12, 16, 1, 		10, 		0.1364,		4.061,		2-2
12, 16, 2, 		10, 		0.1521,		6.533,		2-2
12, 16, 3, 		10, 		0.1795,		6.234,		2-2
12, 16, 4, 		10, 		0.1120,		6.070,		2-2
12, 16, 5, 		10, 		0.1419,		6.946,		1-1
13, 1, 1, 		10, 		0.1193,		1.285,		1-1
13, 1, 2, 		10, 		0.1603,		2.432,		1-1
13, 1, 3, 		10, 		0.1696,		7.327,		1-1
13, 1, 4, 		10, 		0.1184,		12.20,		2-1
13, 1, 5, 		10, 		0.1423,		2.637,		1-1
13, 2, 1, 		10, 		0.2011,		7.217,		2-2
13, 2, 2, 		10, 		0.3122,		7.718,		2-2
13, 2, 3, 		10, 		0.1327,		10.09,		3-2
13, 2, 4, 		10, 		0.1931,		3.257,		2-2
13, 2, 5, 		10, 		0.2188,		5.908,		2-2
13, 3, 1, 		10, 		0.1840,		8.824,		3-2
13, 3, 2, 		10, 		0.2383,		11.29,		3-2
13, 3, 3, 		10, 		0.1937,		3.267,		2-2
13, 3, 4, 		10, 		0.2185,		6.619,		2-2
13, 3, 5, 		10, 		0.2126,		4.526,		2-2
13, 4, 1, 		10, 		0.1725,		7.099,		3-2
13, 4, 2, 		10, 		0.1833,		7.771,		3-2
13, 4, 3, 		10, 		0.2898,		9.424,		2-2
13, 4, 4, 		10, 		0.1907,		9.294,		3-2
13, 4, 5, 		10, 		0.1932,		10.12,		3-2
13, 5, 1, 		10, 		0.2158,		10.28,		3-2
13, 5, 2, 		10, 		0.1604,		7.908,		2-2
13, 5, 3, 		10, 		0.1355,		15.98,		3-2
13, 5, 4, 		10, 		0.1726,		6.102,		2-2
13, 5, 5, 		10, 		0.1295,		8.547,		3-2
13, 6, 1, 		10, 		0.1968,		4.296,		2-2
13, 6, 2, 		10, 		0.2033,		14.69,		3-2
13, 6, 3, 		10, 		0.1911,		12.98,		3-2
13, 6, 4, 		10, 		0.2173,		5.275,		2-2
13, 6, 5, 		10, 		0.1852,		5.925,		2-2
13, 7, 1, 		10, 		0.2339,		11.54,		3-2
13, 7, 2, 		10, 		0.1378,		3.291,		2-2
13, 7, 3, 		10, 		0.1910,		5.949,		2-2
13, 7, 4, 		10, 		0.1364,		9.527,		2-2
13, 7, 5, 		10, 		0.2071,		8.045,		2-2
13, 8, 1, 		10, 		0.1737,		6.821,		3-3
13, 8, 2, 		10, 		0.2188,		13.25,		2-3
13, 8, 3, 		10, 		0.1701,		6.546,		3-3
13, 8, 4, 		10, 		0.1994,		14.68,		2-3
13, 8, 5, 		10, 		0.1276,		4.552,		2-3
13, 9, 1, 		10, 		0.2190,		9.959,		2-3
13, 9, 2, 		10, 		0.1905,		9.646,		3-3
13, 9, 3, 		10, 		0.1840,		7.885,		3-3
13, 9, 4, 		10, 		0.1620,		8.664,		3-3
13, 9, 5, 		10, 		0.1837,		14.48,		2-3
13, 10, 1, 		10, 		0.1760,		1.894,		2-2
13, 10, 2, 		10, 		0.1184,		5.428,		2-2
13, 10, 3, 		10, 		0.1398,		3.462,		2-2
13, 10, 4, 		10, 		0.1527,		8.511,		3-2
13, 10, 5, 		10, 		0.1491,		6.197,		2-2
13, 11, 1, 		10, 		0.1543,		14.80,		3-2
13, 11, 2, 		10, 		0.1754,		7.642,		2-2
13, 11, 3, 		10, 		0.1870,		7.162,		2-2
13, 11, 4, 		10, 		0.1584,		9.121,		2-2
13, 11, 5, 		10, 		0.1502,		9.994,		2-2
13, 12, 1, 		10, 		0.1160,		6.462,		2-2
13, 12, 2, 		10, 		0.1894,		5.636,		2-2
13, 12, 3, 		10, 		0.1346,		8.227,		2-2
13, 12, 4, 		10, 		0.1759,		3.266,		2-2
13, 12, 5, 		10, 		0.1930,		3.389,		2-2
13, 13, 1, 		10, 		0.1888,		7.241,		2-2
13, 13, 2, 		10, 		0.1970,		4.063,		2-2
13, 13, 3, 		10, 		0.1756,		6.369,		2-2
13, 13, 4, 		10, 		0.2148,		10.27,		3-2
13, 13, 5, 		10, 		0.1602,		6.479,		2-2
13, 14, 1, 		10, 		0.1761,		2.661,		2-2
13, 14, 2, 		10, 		0.1557,		9.001,		2-2
13, 14, 3, 		10, 		0.1424,		4.238,		2-2
13, 14, 4, 		10, 		0.1638,		7.696,		3-2
13, 14, 5, 		10, 		0.1781,		11.72,		3-2
13, 15, 1, 		10, 		0.1434,		3.350,		2-2
13, 15, 2, 		10, 		0.1304,		6.150,		2-2
13, 15, 3, 		10, 		0.1565,		6.209,		2-2
13, 15, 4, 		10, 		0.1437,		2.083,		2-2
13, 15, 5, 		10, 		0.1408,		10.64,		3-2
13, 16, 1, 		10, 		0.07424,		3.303,		1-1
13, 16, 2, 		10, 		0.1173,		0.7012,		1-1
13, 16, 3, 		10, 		0.1364,		2.148,		1-1
13, 16, 4, 		10, 		0.1159,		2.119,		1-1
13, 16, 5, 		10, 		0.1280,		0.5175,		1-1
14, 1, 1, 		10, 		0.2089,		3.291,		1-1
14, 1, 2, 		10, 		0.1048,		4.900,		1-1
14, 1, 3, 		10, 		0.09156,		2.390,		1-1
14, 1, 4, 		10, 		0.1265,		11.27,		2-1
14, 1, 5, 		10, 		0.1038,		15.76,		2-1
14, 2, 1, 		10, 		0.2745,		8.075,		2-2
14, 2, 2, 		10, 		0.1769,		4.951,		2-2
14, 2, 3, 		10, 		0.1616,		6.250,		2-2
14, 2, 4, 		10, 		0.1589,		8.883,		3-2
14, 2, 5, 		10, 		0.1975,		3.438,		2-2
14, 3, 1, 		10, 		0.1737,		2.235,		2-2
14, 3, 2, 		10, 		0.1961,		10.75,		3-2
14, 3, 3, 		10, 		0.1930,		10.88,		3-2
14, 3, 4, 		10, 		0.2210,		3.592,		2-2
14, 3, 5, 		10, 		0.2233,		8.389,		3-2
14, 4, 1, 		10, 		0.1715,		4.588,		2-2
14, 4, 2, 		10, 		0.1912,		4.719,		2-2
14, 4, 3, 		10, 		0.2423,		8.969,		3-2
14, 4, 4, 		10, 		0.2689,		8.597,		2-2
14, 4, 5, 		10, 		0.2104,		12.09,		3-2
14, 5, 1, 		10, 		0.2669,		7.306,		2-2
14, 5, 2, 		10, 		0.1578,		11.75,		3-2
14, 5, 3, 		10, 		0.2605,		3.393,		2-2
14, 5, 4, 		10, 		0.2044,		10.74,		3-2
14, 5, 5, 		10, 		0.1769,		4.417,		2-2
14, 6, 1, 		10, 		0.2017,		10.81,		3-2
14, 6, 2, 		10, 		0.1696,		5.971,		2-2
14, 6, 3, 		10, 		0.2348,		3.936,		2-2
14, 6, 4, 		10, 		0.2211,		8.677,		2-2
14, 6, 5, 		10, 		0.1783,		3.747,		2-2
14, 7, 1, 		10, 		0.1660,		9.008,		2-2
14, 7, 2, 		10, 		0.1631,		13.56,		3-2
14, 7, 3, 		10, 		0.2265,		2.054,		2-2
14, 7, 4, 		10, 		0.1566,		2.254,		2-2
14, 7, 5, 		10, 		0.1822,		4.815,		2-2
14, 8, 1, 		10, 		0.2232,		11.80,		2-1
14, 8, 2, 		10, 		0.1399,		9.191,		2-2
14, 8, 3, 		10, 		0.1585,		5.434,		2-2
14, 8, 4, 		10, 		0.1340,		13.16,		3-2
14, 8, 5, 		10, 		0.1545,		2.245,		2-2
14, 9, 1, 		10, 		0.1495,		2.465,		2-2
14, 9, 2, 		10, 		0.1543,		4.592,		2-2
14, 9, 3, 		10, 		0.1894,		5.640,		2-2
14, 9, 4, 		10, 		0.1299,		9.280,		2-2
14, 9, 5, 		10, 		0.1743,		15.91,		3-1
14, 10, 1, 		10, 		0.1222,		7.561,		3-2
14, 10, 2, 		10, 		0.1842,		9.431,		2-2
14, 10, 3, 		10, 		0.1571,		9.862,		3-2
14, 10, 4, 		10, 		0.1505,		1.620,		2-2
14, 10, 5, 		10, 		0.1740,		5.783,		2-2
14, 11, 1, 		10, 		0.1877,		11.19,		3-2
14, 11, 2, 		10, 		0.1338,		7.343,		3-2
14, 11, 3, 		10, 		0.1720,		7.163,		2-2
14, 11, 4, 		10, 		0.1589,		3.704,		2-2
14, 11, 5, 		10, 		0.1412,		17.11,		3-2
14, 12, 1, 		10, 		0.1219,		6.385,		2-2
14, 12, 2, 		10, 		0.1746,		4.966,		2-2
14, 12, 3, 		10, 		0.1721,		8.974,		3-2
14, 12, 4, 		10, 		0.1555,		8.575,		2-2
14, 12, 5, 		10, 		0.1567,		10.02,		2-2
14, 13, 1, 		10, 		0.1371,		3.962,		2-2
14, 13, 2, 		10, 		0.1431,		10.45,		3-2
14, 13, 3, 		10, 		0.1949,		10.03,		2-2
14, 13, 4, 		10, 		0.1546,		11.54,		3-2
14, 13, 5, 		10, 		0.1923,		1.256,		2-2
14, 14, 1, 		10, 		0.1724,		6.309,		2-2
14, 14, 2, 		10, 		0.2192,		10.39,		3-2
14, 14, 3, 		10, 		0.1257,		1.044,		2-2
14, 14, 4, 		10, 		0.2100,		1.542,		2-2
14, 14, 5, 		10, 		0.1520,		7.822,		3-2
14, 15, 1, 		10, 		0.1855,		13.20,		3-2
14, 15, 2, 		10, 		0.1915,		7.022,		2-2
14, 15, 3, 		10, 		0.1778,		12.53,		3-2
14, 15, 4, 		10, 		0.1001,		6.105,		2-2
14, 15, 5, 		10, 		0.1643,		3.861,		2-2
14, 16, 1, 		10, 		0.1146,		10.09,		2-1
14, 16, 2, 		10, 		0.09586,		2.880,		1-1
14, 16, 3, 		10, 		0.08088,		0.7758,		1-1
14, 16, 4, 		10, 		0.08018,		1.314,		1-1
14, 16, 5, 		10, 		0.09432,		0.9767,		1-1
15, 1, 1, 		10, 		0.1771,		9.762,		2-1
15, 1, 2, 		10, 		0.1311,		5.325,		1-1
15, 1, 3, 		10, 		0.1473,		10.92,		2-1
15, 1, 4, 		10, 		0.1506,		0.8015,		1-1
15, 1, 5, 		10, 		0.1459,		4.681,		1-1
15, 2, 1, 		10, 		0.1306,		12.45,		2-1
15, 2, 2, 		10, 		0.1030,		9.003,		1-1
15, 2, 3, 		10, 		0.1174,		1.722,		1-1
15, 2, 4, 		10, 		0.1277,		3.399,		1-1
15, 2, 5, 		10, 		0.1451,		12.20,		2-1
15, 3, 1, 		10, 		0.1801,		8.253,		3-2
15, 3, 2, 		10, 		0.2430,		3.621,		2-2
15, 3, 3, 		10, 		0.1925,		5.960,		2-2
15, 3, 4, 		10, 		0.1507,		11.27,		3-2
15, 3, 5, 		10, 		0.1778,		8.250,		2-2
15, 4, 1, 		10, 		0.3234,		6.558,		2-2
15, 4, 2, 		10, 		0.1485,		9.976,		3-2
15, 4, 3, 		10, 		0.2107,		11.43,		3-2
15, 4, 4, 		10, 		0.1743,		5.451,		2-2
15, 4, 5, 		10, 		0.1893,		7.015,		3-2
15, 5, 1, 		10, 		0.2417,		9.402,		3-2
15, 5, 2, 		10, 		0.1820,		10.06,		2-2
15, 5, 3, 		10, 		0.2153,		3.678,		2-2
15, 5, 4, 		10, 		0.2165,		6.197,		2-2
15, 5, 5, 		10, 		0.2264,		9.286,		3-2
15, 6, 1, 		10, 		0.2365,		6.153,		2-2
15, 6, 2, 		10, 		0.1628,		12.45,		3-2
15, 6, 3, 		10, 		0.1389,		6.244,		2-2
15, 6, 4, 		10, 		0.1880,		6.182,		2-2
15, 6, 5, 		10, 		0.1680,		5.975,		2-2
15, 7, 1, 		10, 		0.1273,		10.81,		2-1
15, 7, 2, 		10, 		0.1764,		4.306,		2-2
15, 7, 3, 		10, 		0.1423,		7.143,		2-2
15, 7, 4, 		10, 		0.1503,		12.12,		3-2
15, 7, 5, 		10, 		0.1864,		5.334,		2-2
15, 8, 1, 		10, 		0.1613,		3.818,		1-1
15, 8, 2, 		10, 		0.1596,		15.15,		3-1
15, 8, 3, 		10, 		0.1594,		15.21,		3-1
15, 8, 4, 		10, 		0.2043,		17.61,		2-1
15, 8, 5, 		10, 		0.1598,		16.01,		3-1
15, 9, 1, 		10, 		0.1876,		15.06,		2-1
15, 9, 2, 		10, 		0.1158,		7.244,		1-1
15, 9, 3, 		10, 		0.1270,		13.64,		2-1
15, 9, 4, 		10, 		0.1505,		11.76,		2-1
15, 9, 5, 		10, 		0.1624,		9.861,		2-1
15, 10, 1, 		10, 		0.1764,		15.16,		3-2
15, 10, 2, 		10, 		0.1482,		8.488,		2-2
15, 10, 3, 		10, 		0.1754,		5.168,		2-2
15, 10, 4, 		10, 		0.1413,		7.829,		2-2
15, 10, 5, 		10, 		0.1881,		8.303,		2-1
15, 11, 1, 		10, 		0.1445,		10.57,		3-2
15, 11, 2, 		10, 		0.1752,		6.715,		2-2
15, 11, 3, 		10, 		0.2009,		4.779,		2-2
15, 11, 4, 		10, 		0.1612,		7.791,		2-2
15, 11, 5, 		10, 		0.1217,		10.74,		3-2
15, 12, 1, 		10, 		0.1354,		13.98,		2-2
15, 12, 2, 		10, 		0.1193,		4.320,		2-2
15, 12, 3, 		10, 		0.1858,		7.337,		2-2
15, 12, 4, 		10, 		0.09529,		5.249,		2-2
15, 12, 5, 		10, 		0.1813,		11.08,		3-2
15, 13, 1, 		10, 		0.1900,		4.984,		2-2
15, 13, 2, 		10, 		0.1619,		5.977,		2-2
15, 13, 3, 		10, 		0.1529,		3.167,		2-2
15, 13, 4, 		10, 		0.1417,		6.648,		2-2
15, 13, 5, 		10, 		0.1433,		5.656,		2-2
15, 14, 1, 		10, 		0.2038,		6.239,		2-2
15, 14, 2, 		10, 		0.1831,		7.110,		2-2
15, 14, 3, 		10, 		0.1292,		6.084,		2-2
15, 14, 4, 		10, 		0.2047,		4.164,		2-2
15, 14, 5, 		10, 		0.1628,		8.422,		3-2
15, 15, 1, 		10, 		0.1716,		1.741,		1-1
15, 15, 2, 		10, 		0.1295,		1.692,		1-1
15, 15, 3, 		10, 		0.1117,		4.754,		1-1
15, 15, 4, 		10, 		0.08357,		1.071,		1-1
15, 15, 5, 		10, 		0.1107,		1.772,		1-1
15, 16, 1, 		10, 		0.08644,		1.785,		1-1
15, 16, 2, 		10, 		0.09160,		2.394,		1-1
15, 16, 3, 		10, 		0.09807,		1.240,		1-1
15, 16, 4, 		10, 		0.1122,		5.303,		1-1
15, 16, 5, 		10, 		0.05995,		8.292,		2-1
16, 1, 1, 		10, 		0.1459,		4.877,		2-1
16, 1, 2, 		10, 		0.1532,		10.38,		2-1
16, 1, 3, 		10, 		0.1588,		8.050,		2-1
16, 1, 4, 		10, 		0.1749,		9.628,		2-1
16, 1, 5, 		10, 		0.1645,		5.991,		1-1
16, 2, 1, 		10, 		0.1292,		3.079,		1-1
16, 2, 2, 		10, 		0.1236,		5.401,		1-1
16, 2, 3, 		10, 		0.1719,		4.219,		1-1
16, 2, 4, 		10, 		0.1167,		2.896,		1-1
16, 2, 5, 		10, 		0.1530,		2.473,		1-1
16, 3, 1, 		10, 		0.1722,		3.483,		1-1
16, 3, 2, 		10, 		0.1082,		5.514,		1-1
16, 3, 3, 		10, 		0.1633,		9.415,		2-1
16, 3, 4, 		10, 		0.1116,		3.146,		1-1
16, 3, 5, 		10, 		0.1126,		9.223,		2-1
16, 4, 1, 		10, 		0.1459,		11.96,		2-1
16, 4, 2, 		10, 		0.1413,		9.056,		2-1
16, 4, 3, 		10, 		0.1666,		1.134,		1-1
16, 4, 4, 		10, 		0.1479,		2.713,		1-1
16, 4, 5, 		10, 		0.1471,		6.050,		1-1
16, 5, 1, 		10, 		0.1048,		21.01,		3-1
16, 5, 2, 		10, 		0.1567,		4.703,		2-2
16, 5, 3, 		10, 		0.2204,		6.043,		2-2
16, 5, 4, 		10, 		0.2188,		12.01,		3-2
16, 5, 5, 		10, 		0.1818,		4.683,		2-2
16, 6, 1, 		10, 		0.2036,		14.77,		2-1
16, 6, 2, 		10, 		0.1430,		2.569,		2-2
16, 6, 3, 		10, 		0.1653,		5.916,		2-2
16, 6, 4, 		10, 		0.1853,		5.932,		2-2
16, 6, 5, 		10, 		0.1648,		6.851,		2-2
16, 7, 1, 		10, 		0.1806,		8.363,		2-1
16, 7, 2, 		10, 		0.1395,		16.32,		3-1
16, 7, 3, 		10, 		0.2011,		16.36,		2-1
16, 7, 4, 		10, 		0.1852,		8.671,		2-1
16, 7, 5, 		10, 		0.1797,		13.24,		3-1
16, 8, 1, 		10, 		0.2600,		9.171,		2-1
16, 8, 2, 		10, 		0.2113,		9.854,		2-1
16, 8, 3, 		10, 		0.1470,		3.710,		1-1
16, 8, 4, 		10, 		0.1805,		3.168,		1-1
16, 8, 5, 		10, 		0.1979,		15.34,		2-1
16, 9, 1, 		10, 		0.2043,		14.79,		2-1
16, 9, 2, 		10, 		0.2014,		15.41,		2-1
16, 9, 3, 		10, 		0.1761,		4.254,		1-1
16, 9, 4, 		10, 		0.1780,		7.042,		2-1
16, 9, 5, 		10, 		0.2389,		12.86,		2-1
16, 10, 1, 		10, 		0.1814,		10.62,		2-1
16, 10, 2, 		10, 		0.1643,		16.23,		3-1
16, 10, 3, 		10, 		0.1744,		12.32,		2-1
16, 10, 4, 		10, 		0.1757,		12.39,		2-1
16, 10, 5, 		10, 		0.1750,		14.94,		2-1
16, 11, 1, 		10, 		0.1132,		9.408,		3-2
16, 11, 2, 		10, 		0.1090,		5.052,		2-2
16, 11, 3, 		10, 		0.1488,		5.664,		2-2
16, 11, 4, 		10, 		0.1361,		12.01,		3-2
16, 11, 5, 		10, 		0.1706,		14.44,		2-1
16, 12, 1, 		10, 		0.1437,		4.797,		2-2
16, 12, 2, 		10, 		0.1633,		12.11,		3-2
16, 12, 3, 		10, 		0.1713,		7.998,		2-2
16, 12, 4, 		10, 		0.1611,		6.431,		3-2
16, 12, 5, 		10, 		0.1947,		19.05,		2-1
16, 13, 1, 		10, 		0.1163,		2.388,		1-1
16, 13, 2, 		10, 		0.1090,		3.355,		1-1
16, 13, 3, 		10, 		0.1384,		12.69,		2-1
16, 13, 4, 		10, 		0.09276,		2.036,		1-1
16, 13, 5, 		10, 		0.1001,		0.7216,		1-1
16, 14, 1, 		10, 		0.1321,		0.1034,		1-1
16, 14, 2, 		10, 		0.1056,		5.182,		2-1
16, 14, 3, 		10, 		0.1349,		0.8659,		1-1
16, 14, 4, 		10, 		0.1205,		1.899,		1-1
16, 14, 5, 		10, 		0.1339,		2.366,		1-1
16, 15, 1, 		10, 		0.1266,		0.7333,		1-1
16, 15, 2, 		10, 		0.1057,		3.402,		1-1
16, 15, 3, 		10, 		0.09386,		0.5769,		1-1
16, 15, 4, 		10, 		0.1557,		6.664,		2-1
16, 15, 5, 		10, 		0.1166,		0.7854,		1-1
16, 16, 1, 		10, 		0.1036,		7.611,		1-1
16, 16, 2, 		10, 		0.1260,		6.044,		1-1
16, 16, 3, 		10, 		0.1113,		0.6924,		1-1
16, 16, 4, 		10, 		0.1492,		2.197,		1-1
16, 16, 5, 		10, 		0.08626,		1.504,		1-1
