1, 1, 1, 		10, 		0.1817,		3.129,		1-1
1, 1, 2, 		10, 		0.1111,		1.684,		1-1
1, 1, 3, 		10, 		0.1125,		0.9844,		1-1
1, 1, 4, 		10, 		0.07458,		0.8034,		1-1
1, 1, 5, 		10, 		0.07961,		0.1355,		1-1
1, 2, 1, 		10, 		0.09651,		2.304,		2-1
1, 2, 2, 		10, 		0.06420,		1.535,		1-1
1, 2, 3, 		10, 		0.06760,		1.768,		1-1
1, 2, 4, 		10, 		0.06569,		2.037,		1-1
1, 2, 5, 		10, 		0.08327,		1.314,		2-1
1, 3, 1, 		10, 		0.1475,		3.642,		2-1
1, 3, 2, 		10, 		0.1077,		1.677,		1-1
1, 3, 3, 		10, 		0.1233,		2.573,		1-1
1, 3, 4, 		10, 		0.1346,		2.207,		1-1
1, 3, 5, 		10, 		0.1869,		2.033,		1-1
1, 4, 1, 		10, 		0.1518,		2.731,		2-1
1, 4, 2, 		10, 		0.1189,		1.935,		1-1
1, 4, 3, 		10, 		0.1920,		3.447,		2-1
1, 4, 4, 		10, 		0.1498,		1.496,		1-1
1, 4, 5, 		10, 		0.2412,		1.276,		1-1
1, 5, 1, 		10, 		0.4379,		12.81,		2-1
1, 5, 2, 		10, 		0.2013,		13.41,		3-2
1, 5, 3, 		10, 		0.1477,		1.643,		2-2
1, 5, 4, 		10, 		0.2725,		9.721,		2-2
1, 5, 5, 		10, 		0.2221,		5.817,		3-2
1, 6, 1, 		10, 		0.3913,		1.418,		1-1
1, 6, 2, 		10, 		0.2632,		3.320,		2-2
1, 6, 3, 		10, 		0.1995,		3.750,		2-2
1, 6, 4, 		10, 		0.2543,		15.95,		2-2
1, 6, 5, 		10, 		0.3122,		21.88,		3-2
1, 7, 1, 		10, 		0.2972,		14.17,		2-1
1, 7, 2, 		10, 		0.2506,		10.84,		2-1
1, 7, 3, 		10, 		0.2313,		7.916,		2-1
1, 7, 4, 		10, 		0.1874,		14.51,		2-1
1, 7, 5, 		10, 		0.3312,		17.69,		2-1
1, 8, 1, 		10, 		0.2287,		8.717,		2-1
1, 8, 2, 		10, 		0.1799,		8.652,		2-1
1, 8, 3, 		10, 		0.1971,		15.89,		2-1
1, 8, 4, 		10, 		0.2606,		7.676,		2-1
1, 8, 5, 		10, 		0.2851,		10.84,		2-1
1, 9, 1, 		10, 		0.2282,		15.80,		2-1
1, 9, 2, 		10, 		0.1975,		2.275,		1-1
1, 9, 3, 		10, 		0.1748,		1.059,		1-1
1, 9, 4, 		10, 		0.1866,		6.536,		1-1
1, 9, 5, 		10, 		0.2428,		4.576,		1-1
1, 10, 1, 		10, 		0.3222,		17.54,		3-1
1, 10, 2, 		10, 		0.2224,		4.713,		1-1
1, 10, 3, 		10, 		0.2772,		5.299,		1-1
1, 10, 4, 		10, 		0.2785,		7.467,		1-1
1, 10, 5, 		10, 		0.2047,		10.12,		2-1
1, 11, 1, 		10, 		0.3303,		8.447,		2-2
1, 11, 2, 		10, 		0.2492,		5.905,		2-2
1, 11, 3, 		10, 		0.2925,		3.840,		2-2
1, 11, 4, 		10, 		0.1989,		6.437,		2-2
1, 11, 5, 		10, 		0.2455,		11.98,		2-1
1, 12, 1, 		10, 		0.3032,		6.836,		2-2
1, 12, 2, 		10, 		0.2169,		3.570,		2-2
1, 12, 3, 		10, 		0.2188,		4.789,		2-2
1, 12, 4, 		10, 		0.2111,		4.678,		2-2
1, 12, 5, 		10, 		0.4285,		4.633,		1-1
1, 13, 1, 		10, 		0.2270,		4.278,		1-1
1, 13, 2, 		10, 		0.1249,		2.905,		1-1
1, 13, 3, 		10, 		0.2561,		4.539,		1-1
1, 13, 4, 		10, 		0.1950,		2.718,		1-1
1, 13, 5, 		10, 		0.3512,		3.199,		1-1
1, 14, 1, 		10, 		0.2853,		5.466,		1-1
1, 14, 2, 		10, 		0.1791,		0.9582,		1-1
1, 14, 3, 		10, 		0.2035,		2.457,		1-1
1, 14, 4, 		10, 		0.1970,		9.789,		2-1
1, 14, 5, 		10, 		0.1595,		3.826,		1-1
1, 15, 1, 		10, 		0.1938,		16.15,		2-1
1, 15, 2, 		10, 		0.1395,		9.295,		2-1
1, 15, 3, 		10, 		0.1179,		0.7108,		1-1
1, 15, 4, 		10, 		0.1312,		1.534,		1-1
1, 15, 5, 		10, 		0.1410,		1.681,		1-1
1, 16, 1, 		10, 		0.1732,		2.300,		1-1
1, 16, 2, 		10, 		0.1987,		2.247,		1-1
1, 16, 3, 		10, 		0.1375,		1.687,		1-1
1, 16, 4, 		10, 		0.1554,		0.3107,		1-1
1, 16, 5, 		10, 		0.1915,		5.771,		1-1
2, 1, 1, 		10, 		0.09732,		2.919,		1-1
2, 1, 2, 		10, 		0.07183,		2.047,		1-1
2, 1, 3, 		10, 		0.07796,		0.6529,		1-1
2, 1, 4, 		10, 		0.07728,		0.7227,		1-1
2, 1, 5, 		10, 		0.07473,		0.4357,		1-1
2, 2, 1, 		10, 		0.1023,		3.221,		2-1
2, 2, 2, 		10, 		0.07886,		1.898,		1-1
2, 2, 3, 		10, 		0.06822,		1.179,		1-1
2, 2, 4, 		10, 		0.07646,		0.6543,		1-1
2, 2, 5, 		10, 		0.09265,		1.576,		1-1
2, 3, 1, 		10, 		0.2283,		8.766,		3-2
2, 3, 2, 		10, 		0.1587,		10.05,		3-2
2, 3, 3, 		10, 		0.2059,		8.491,		3-2
2, 3, 4, 		10, 		0.2056,		8.017,		3-2
2, 3, 5, 		10, 		0.2478,		5.924,		2-2
2, 4, 1, 		10, 		0.1573,		7.084,		3-2
2, 4, 2, 		10, 		0.1112,		7.559,		3-2
2, 4, 3, 		10, 		0.1370,		1.826,		2-2
2, 4, 4, 		10, 		0.1946,		2.726,		2-2
2, 4, 5, 		10, 		0.1684,		5.806,		2-2
2, 5, 1, 		10, 		0.1868,		7.910,		2-2
2, 5, 2, 		10, 		0.1305,		5.211,		2-2
2, 5, 3, 		10, 		0.1731,		3.775,		2-2
2, 5, 4, 		10, 		0.1447,		4.405,		2-2
2, 5, 5, 		10, 		0.1715,		7.011,		2-2
2, 6, 1, 		10, 		0.2210,		6.121,		2-2
2, 6, 2, 		10, 		0.1317,		3.341,		2-2
2, 6, 3, 		10, 		0.1379,		5.212,		2-2
2, 6, 4, 		10, 		0.1516,		9.415,		2-2
2, 6, 5, 		10, 		0.1528,		7.417,		2-2
2, 7, 1, 		10, 		0.3169,		16.29,		2-1
2, 7, 2, 		10, 		0.1858,		4.573,		2-2
2, 7, 3, 		10, 		0.1500,		4.040,		2-2
2, 7, 4, 		10, 		0.1506,		7.554,		2-2
2, 7, 5, 		10, 		0.1910,		2.515,		2-2
2, 8, 1, 		10, 		0.3811,		3.434,		1-1
2, 8, 2, 		10, 		0.2432,		15.77,		2-1
2, 8, 3, 		10, 		0.2001,		6.810,		2-1
2, 8, 4, 		10, 		0.2300,		2.951,		1-1
2, 8, 5, 		10, 		0.3452,		8.428,		2-1
2, 9, 1, 		10, 		0.2987,		3.975,		1-1
2, 9, 2, 		10, 		0.2427,		3.498,		1-1
2, 9, 3, 		10, 		0.1796,		0.6896,		1-1
2, 9, 4, 		10, 		0.1930,		5.620,		1-1
2, 9, 5, 		10, 		0.3360,		13.58,		2-1
2, 10, 1, 		10, 		0.2633,		6.362,		2-2
2, 10, 2, 		10, 		0.3282,		7.691,		2-2
2, 10, 3, 		10, 		0.2032,		6.544,		2-2
2, 10, 4, 		10, 		0.2118,		3.934,		2-2
2, 10, 5, 		10, 		0.2660,		6.297,		2-1
2, 11, 1, 		10, 		0.3118,		12.16,		2-2
2, 11, 2, 		10, 		0.1862,		6.998,		2-2
2, 11, 3, 		10, 		0.2631,		5.166,		2-2
2, 11, 4, 		10, 		0.1693,		5.703,		2-2
2, 11, 5, 		10, 		0.2995,		13.48,		3-2
2, 12, 1, 		10, 		0.2925,		3.507,		2-2
2, 12, 2, 		10, 		0.1843,		4.495,		2-2
2, 12, 3, 		10, 		0.2837,		5.542,		2-2
2, 12, 4, 		10, 		0.2186,		6.003,		2-2
2, 12, 5, 		10, 		0.3678,		18.49,		3-2
2, 13, 1, 		10, 		0.1960,		3.046,		2-2
2, 13, 2, 		10, 		0.2396,		6.942,		2-2
2, 13, 3, 		10, 		0.2006,		9.218,		3-2
2, 13, 4, 		10, 		0.2043,		4.364,		2-2
2, 13, 5, 		10, 		0.2741,		6.046,		2-2
2, 14, 1, 		10, 		0.3660,		4.002,		2-2
2, 14, 2, 		10, 		0.6020,		3.511,		2-2
2, 14, 3, 		10, 		0.2179,		5.633,		2-2
2, 14, 4, 		10, 		0.1946,		5.848,		2-2
2, 14, 5, 		10, 		0.2330,		6.040,		2-2
2, 15, 1, 		10, 		0.3171,		13.37,		2-1
2, 15, 2, 		10, 		0.1508,		7.038,		1-1
2, 15, 3, 		10, 		0.1413,		0.6414,		1-1
2, 15, 4, 		10, 		0.1344,		1.192,		1-1
2, 15, 5, 		10, 		0.2320,		5.327,		1-1
2, 16, 1, 		10, 		0.1324,		2.588,		1-1
2, 16, 2, 		10, 		0.1162,		2.372,		1-1
2, 16, 3, 		10, 		0.1496,		3.380,		1-1
2, 16, 4, 		10, 		0.1668,		5.129,		1-1
2, 16, 5, 		10, 		0.1890,		4.703,		1-1
3, 1, 1, 		10, 		0.1590,		2.043,		1-1
3, 1, 2, 		10, 		0.1035,		2.021,		2-1
3, 1, 3, 		10, 		0.1092,		1.849,		1-1
3, 1, 4, 		10, 		0.1450,		1.213,		1-1
3, 1, 5, 		10, 		0.1599,		1.108,		2-1
3, 2, 1, 		10, 		0.2299,		11.32,		3-2
3, 2, 2, 		10, 		0.1471,		5.761,		2-2
3, 2, 3, 		10, 		0.1267,		11.22,		3-2
3, 2, 4, 		10, 		0.1562,		11.84,		3-2
3, 2, 5, 		10, 		0.3640,		12.20,		3-2
3, 3, 1, 		10, 		0.2543,		13.79,		3-2
3, 3, 2, 		10, 		0.1035,		8.936,		3-2
3, 3, 3, 		10, 		0.1044,		10.40,		3-2
3, 3, 4, 		10, 		0.1244,		6.700,		2-2
3, 3, 5, 		10, 		0.1796,		3.703,		2-2
3, 4, 1, 		10, 		0.1950,		6.311,		2-2
3, 4, 2, 		10, 		0.1120,		6.247,		3-2
3, 4, 3, 		10, 		0.1098,		5.561,		3-2
3, 4, 4, 		10, 		0.1613,		12.53,		3-2
3, 4, 5, 		10, 		0.1406,		4.867,		2-2
3, 5, 1, 		10, 		0.1055,		5.953,		2-2
3, 5, 2, 		10, 		0.1164,		4.905,		2-2
3, 5, 3, 		10, 		0.1283,		5.304,		2-2
3, 5, 4, 		10, 		0.1429,		5.296,		2-2
3, 5, 5, 		10, 		0.1050,		7.937,		2-2
3, 6, 1, 		10, 		0.1657,		3.793,		2-2
3, 6, 2, 		10, 		0.1053,		4.628,		2-2
3, 6, 3, 		10, 		0.1439,		4.933,		2-2
3, 6, 4, 		10, 		0.1546,		8.086,		2-2
3, 6, 5, 		10, 		0.1618,		4.795,		2-2
3, 7, 1, 		10, 		0.3026,		7.725,		2-2
3, 7, 2, 		10, 		0.1467,		7.653,		2-2
3, 7, 3, 		10, 		0.1430,		4.944,		2-2
3, 7, 4, 		10, 		0.1526,		14.46,		3-2
3, 7, 5, 		10, 		0.1293,		6.722,		2-2
3, 8, 1, 		10, 		0.3734,		5.886,		1-1
3, 8, 2, 		10, 		0.2327,		5.682,		2-2
3, 8, 3, 		10, 		0.2146,		4.117,		3-2
3, 8, 4, 		10, 		0.1846,		18.18,		3-2
3, 8, 5, 		10, 		0.2295,		11.91,		2-2
3, 9, 1, 		10, 		0.2612,		6.161,		2-2
3, 9, 2, 		10, 		0.4878,		15.46,		2-2
3, 9, 3, 		10, 		0.3622,		6.166,		2-2
3, 9, 4, 		10, 		0.2856,		9.157,		2-2
3, 9, 5, 		10, 		0.4632,		3.908,		1-1
3, 10, 1, 		10, 		0.1690,		4.029,		2-2
3, 10, 2, 		10, 		0.3124,		6.379,		2-2
3, 10, 3, 		10, 		0.2286,		2.507,		2-2
3, 10, 4, 		10, 		0.2062,		6.012,		2-2
3, 10, 5, 		10, 		0.2689,		3.054,		2-2
3, 11, 1, 		10, 		0.2897,		3.131,		2-2
3, 11, 2, 		10, 		0.2646,		6.368,		2-2
3, 11, 3, 		10, 		0.2577,		1.974,		2-2
3, 11, 4, 		10, 		0.1944,		5.096,		2-2
3, 11, 5, 		10, 		0.1752,		4.899,		2-2
3, 12, 1, 		10, 		0.2905,		6.958,		2-2
3, 12, 2, 		10, 		0.1887,		4.686,		2-2
3, 12, 3, 		10, 		0.1724,		5.488,		2-2
3, 12, 4, 		10, 		0.1890,		6.535,		2-2
3, 12, 5, 		10, 		0.1779,		4.627,		2-2
3, 13, 1, 		10, 		0.1697,		5.235,		2-2
3, 13, 2, 		10, 		0.1794,		10.77,		3-2
3, 13, 3, 		10, 		0.1705,		7.730,		2-2
3, 13, 4, 		10, 		0.1659,		8.197,		2-2
3, 13, 5, 		10, 		0.2847,		3.519,		2-2
3, 14, 1, 		10, 		0.1679,		7.757,		2-2
3, 14, 2, 		10, 		0.1693,		9.141,		3-2
3, 14, 3, 		10, 		0.1892,		7.347,		2-2
3, 14, 4, 		10, 		0.2125,		7.939,		3-2
3, 14, 5, 		10, 		0.2485,		5.266,		2-2
3, 15, 1, 		10, 		0.3163,		5.559,		2-2
3, 15, 2, 		10, 		0.2067,		5.973,		3-2
3, 15, 3, 		10, 		0.2606,		4.300,		2-2
3, 15, 4, 		10, 		0.2560,		8.479,		3-2
3, 15, 5, 		10, 		0.2644,		9.676,		3-2
3, 16, 1, 		10, 		0.1042,		0.4569,		1-1
3, 16, 2, 		10, 		0.1123,		0.7930,		1-1
3, 16, 3, 		10, 		0.1502,		5.428,		1-1
3, 16, 4, 		10, 		0.1916,		4.364,		1-1
3, 16, 5, 		10, 		0.3294,		3.801,		2-1
4, 1, 1, 		10, 		0.2413,		1.397,		1-1
4, 1, 2, 		10, 		0.2482,		3.122,		2-1
4, 1, 3, 		10, 		0.1354,		1.953,		2-1
4, 1, 4, 		10, 		0.1441,		2.753,		2-1
4, 1, 5, 		10, 		0.1716,		0.4717,		2-1
4, 2, 1, 		10, 		0.1880,		6.019,		2-2
4, 2, 2, 		10, 		0.1162,		9.637,		2-2
4, 2, 3, 		10, 		0.08071,		4.827,		2-2
4, 2, 4, 		10, 		0.1019,		9.870,		3-2
4, 2, 5, 		10, 		0.2107,		11.06,		3-2
4, 3, 1, 		10, 		0.1620,		5.355,		2-2
4, 3, 2, 		10, 		0.1272,		6.819,		2-2
4, 3, 3, 		10, 		0.1085,		12.09,		3-2
4, 3, 4, 		10, 		0.09803,		6.337,		2-2
4, 3, 5, 		10, 		0.1210,		4.268,		2-2
4, 4, 1, 		10, 		0.1122,		11.32,		3-2
4, 4, 2, 		10, 		0.1181,		7.917,		3-2
4, 4, 3, 		10, 		0.1445,		4.296,		2-2
4, 4, 4, 		10, 		0.1225,		9.083,		3-2
4, 4, 5, 		10, 		0.1078,		9.468,		3-2
4, 5, 1, 		10, 		0.1369,		8.079,		3-2
4, 5, 2, 		10, 		0.1206,		2.360,		2-2
4, 5, 3, 		10, 		0.09969,		5.220,		2-2
4, 5, 4, 		10, 		0.1080,		4.319,		2-2
4, 5, 5, 		10, 		0.1362,		6.596,		3-2
4, 6, 1, 		10, 		0.1492,		5.655,		3-2
4, 6, 2, 		10, 		0.09247,		8.667,		3-2
4, 6, 3, 		10, 		0.1076,		4.731,		2-2
4, 6, 4, 		10, 		0.1308,		6.276,		2-2
4, 6, 5, 		10, 		0.2012,		6.082,		2-2
4, 7, 1, 		10, 		0.1920,		18.88,		3-2
4, 7, 2, 		10, 		0.1248,		6.362,		2-2
4, 7, 3, 		10, 		0.1382,		5.506,		2-2
4, 7, 4, 		10, 		0.1596,		11.72,		3-2
4, 7, 5, 		10, 		0.1225,		6.975,		3-2
4, 8, 1, 		10, 		0.2489,		11.80,		2-3
4, 8, 2, 		10, 		0.1966,		7.491,		2-3
4, 8, 3, 		10, 		0.1587,		18.18,		3-3
4, 8, 4, 		10, 		0.1662,		12.76,		3-3
4, 8, 5, 		10, 		0.1674,		8.519,		3-3
4, 9, 1, 		10, 		0.3216,		27.10,		3-3
4, 9, 2, 		10, 		0.2273,		14.43,		2-3
4, 9, 3, 		10, 		0.1656,		15.09,		2-3
4, 9, 4, 		10, 		0.2172,		14.27,		2-3
4, 9, 5, 		10, 		0.4322,		28.43,		3-3
4, 10, 1, 		10, 		0.2314,		4.593,		2-2
4, 10, 2, 		10, 		0.2065,		6.955,		2-2
4, 10, 3, 		10, 		0.2066,		6.381,		2-2
4, 10, 4, 		10, 		0.2098,		7.653,		2-2
4, 10, 5, 		10, 		0.3568,		2.869,		2-2
4, 11, 1, 		10, 		0.1826,		4.577,		2-2
4, 11, 2, 		10, 		0.1791,		4.872,		2-2
4, 11, 3, 		10, 		0.2000,		7.655,		3-2
4, 11, 4, 		10, 		0.1732,		6.430,		2-2
4, 11, 5, 		10, 		0.1698,		4.389,		2-2
4, 12, 1, 		10, 		0.2386,		10.06,		3-2
4, 12, 2, 		10, 		0.1754,		8.514,		3-2
4, 12, 3, 		10, 		0.1560,		7.720,		2-2
4, 12, 4, 		10, 		0.1363,		11.38,		3-2
4, 12, 5, 		10, 		0.1743,		8.213,		2-2
4, 13, 1, 		10, 		0.2174,		7.252,		2-2
4, 13, 2, 		10, 		0.1996,		7.144,		3-2
4, 13, 3, 		10, 		0.1661,		6.717,		2-2
4, 13, 4, 		10, 		0.1641,		6.025,		2-2
4, 13, 5, 		10, 		0.2447,		3.191,		2-2
4, 14, 1, 		10, 		0.2787,		4.276,		2-2
4, 14, 2, 		10, 		0.1686,		10.07,		3-2
4, 14, 3, 		10, 		0.1775,		2.997,		2-2
4, 14, 4, 		10, 		0.2027,		1.368,		2-2
4, 14, 5, 		10, 		0.2467,		6.328,		2-2
4, 15, 1, 		10, 		0.3486,		12.65,		2-2
4, 15, 2, 		10, 		0.2187,		7.500,		2-2
4, 15, 3, 		10, 		0.1833,		7.260,		2-2
4, 15, 4, 		10, 		0.1458,		7.291,		2-2
4, 15, 5, 		10, 		0.4371,		4.896,		2-2
4, 16, 1, 		10, 		0.1964,		4.087,		1-1
4, 16, 2, 		10, 		0.1550,		1.447,		1-1
4, 16, 3, 		10, 		0.2439,		7.349,		2-1
4, 16, 4, 		10, 		0.2631,		1.544,		1-1
4, 16, 5, 		10, 		0.5061,		7.414,		1-1
5, 1, 1, 		10, 		0.4052,		1.279,		1-1
5, 1, 2, 		10, 		0.2239,		1.498,		2-2
5, 1, 3, 		10, 		0.1671,		2.805,		2-2
5, 1, 4, 		10, 		0.2806,		5.328,		2-2
5, 1, 5, 		10, 		0.2072,		7.978,		2-2
5, 2, 1, 		10, 		0.1799,		15.38,		3-2
5, 2, 2, 		10, 		0.1177,		7.177,		2-2
5, 2, 3, 		10, 		0.09484,		3.583,		2-2
5, 2, 4, 		10, 		0.1237,		10.80,		3-2
5, 2, 5, 		10, 		0.1708,		5.916,		2-2
5, 3, 1, 		10, 		0.1925,		8.454,		2-2
5, 3, 2, 		10, 		0.1449,		4.852,		2-2
5, 3, 3, 		10, 		0.1617,		12.24,		3-2
5, 3, 4, 		10, 		0.1063,		4.988,		2-2
5, 3, 5, 		10, 		0.1494,		4.122,		2-2
5, 4, 1, 		10, 		0.1529,		4.916,		2-2
5, 4, 2, 		10, 		0.1340,		2.658,		2-2
5, 4, 3, 		10, 		0.1430,		3.764,		2-2
5, 4, 4, 		10, 		0.1219,		4.986,		2-2
5, 4, 5, 		10, 		0.1411,		3.951,		2-2
5, 5, 1, 		10, 		0.1255,		10.39,		3-2
5, 5, 2, 		10, 		0.1184,		7.777,		3-2
5, 5, 3, 		10, 		0.1141,		8.328,		2-2
5, 5, 4, 		10, 		0.2259,		4.588,		2-2
5, 5, 5, 		10, 		0.1461,		2.247,		2-2
5, 6, 1, 		10, 		0.1844,		10.24,		3-2
5, 6, 2, 		10, 		0.09920,		2.603,		2-2
5, 6, 3, 		10, 		0.1592,		2.725,		2-2
5, 6, 4, 		10, 		0.1766,		12.50,		3-2
5, 6, 5, 		10, 		0.1758,		2.344,		2-2
5, 7, 1, 		10, 		0.1982,		27.09,		3-3
5, 7, 2, 		10, 		0.1665,		6.337,		2-3
5, 7, 3, 		10, 		0.1966,		22.36,		3-3
5, 7, 4, 		10, 		0.1557,		23.98,		3-3
5, 7, 5, 		10, 		0.1506,		14.35,		3-3
5, 8, 1, 		10, 		0.1348,		9.889,		3-3
5, 8, 2, 		10, 		0.1547,		7.106,		3-3
5, 8, 3, 		10, 		0.1953,		13.78,		3-3
5, 8, 4, 		10, 		0.1744,		20.52,		3-3
5, 8, 5, 		10, 		0.2279,		9.855,		2-3
5, 9, 1, 		10, 		0.2147,		13.43,		3-3
5, 9, 2, 		10, 		0.2190,		33.26,		3-3
5, 9, 3, 		10, 		0.2145,		8.270,		2-3
5, 9, 4, 		10, 		0.1993,		13.41,		2-3
5, 9, 5, 		10, 		0.2117,		16.43,		3-3
5, 10, 1, 		10, 		0.2363,		11.20,		3-3
5, 10, 2, 		10, 		0.1704,		9.067,		2-3
5, 10, 3, 		10, 		0.2135,		9.427,		2-3
5, 10, 4, 		10, 		0.2022,		9.045,		2-3
5, 10, 5, 		10, 		0.2122,		17.87,		3-3
5, 11, 1, 		10, 		0.1716,		5.474,		2-2
5, 11, 2, 		10, 		0.1603,		5.367,		3-2
5, 11, 3, 		10, 		0.1825,		7.620,		2-2
5, 11, 4, 		10, 		0.1649,		10.23,		3-2
5, 11, 5, 		10, 		0.2860,		6.233,		2-2
5, 12, 1, 		10, 		0.2517,		4.041,		2-2
5, 12, 2, 		10, 		0.2113,		11.48,		3-2
5, 12, 3, 		10, 		0.1693,		11.32,		3-2
5, 12, 4, 		10, 		0.1447,		7.071,		2-2
5, 12, 5, 		10, 		0.2449,		7.906,		2-2
5, 13, 1, 		10, 		0.2249,		5.620,		2-2
5, 13, 2, 		10, 		0.1876,		11.69,		3-2
5, 13, 3, 		10, 		0.1635,		11.60,		3-2
5, 13, 4, 		10, 		0.1565,		5.982,		2-2
5, 13, 5, 		10, 		0.2726,		6.143,		2-2
5, 14, 1, 		10, 		0.2643,		1.774,		2-2
5, 14, 2, 		10, 		0.1843,		6.797,		2-2
5, 14, 3, 		10, 		0.1568,		6.777,		2-2
5, 14, 4, 		10, 		0.1903,		6.837,		2-2
5, 14, 5, 		10, 		0.2001,		7.038,		2-2
5, 15, 1, 		10, 		0.2751,		4.171,		2-2
5, 15, 2, 		10, 		0.1850,		6.924,		2-2
5, 15, 3, 		10, 		0.1514,		3.592,		2-2
5, 15, 4, 		10, 		0.1767,		3.713,		2-2
5, 15, 5, 		10, 		0.3888,		6.575,		2-2
5, 16, 1, 		10, 		0.3274,		11.84,		3-2
5, 16, 2, 		10, 		0.3023,		6.562,		3-2
5, 16, 3, 		10, 		0.2324,		11.82,		3-2
5, 16, 4, 		10, 		0.2952,		13.56,		3-2
5, 16, 5, 		10, 		0.4191,		5.487,		1-1
6, 1, 1, 		10, 		0.3435,		4.366,		1-1
6, 1, 2, 		10, 		0.3655,		13.06,		3-2
6, 1, 3, 		10, 		0.2321,		2.528,		2-2
6, 1, 4, 		10, 		0.2025,		5.215,		3-2
6, 1, 5, 		10, 		0.2171,		4.629,		3-2
6, 2, 1, 		10, 		0.2464,		10.27,		3-2
6, 2, 2, 		10, 		0.1322,		3.215,		2-2
6, 2, 3, 		10, 		0.1364,		4.113,		2-2
6, 2, 4, 		10, 		0.1464,		4.858,		2-2
6, 2, 5, 		10, 		0.1396,		5.390,		2-2
6, 3, 1, 		10, 		0.1922,		6.350,		2-2
6, 3, 2, 		10, 		0.1242,		4.569,		2-2
6, 3, 3, 		10, 		0.1608,		9.524,		3-2
6, 3, 4, 		10, 		0.1317,		3.857,		2-2
6, 3, 5, 		10, 		0.1585,		2.460,		2-2
6, 4, 1, 		10, 		0.1339,		5.387,		2-2
6, 4, 2, 		10, 		0.09025,		3.902,		2-2
6, 4, 3, 		10, 		0.1307,		7.241,		2-2
6, 4, 4, 		10, 		0.1245,		2.984,		2-2
6, 4, 5, 		10, 		0.1589,		2.585,		2-2
6, 5, 1, 		10, 		0.1620,		6.162,		3-2
6, 5, 2, 		10, 		0.1570,		7.142,		2-2
6, 5, 3, 		10, 		0.1531,		4.649,		2-2
6, 5, 4, 		10, 		0.1348,		6.165,		2-2
6, 5, 5, 		10, 		0.1258,		5.375,		2-2
6, 6, 1, 		10, 		0.2703,		14.61,		2-3
6, 6, 2, 		10, 		0.1853,		2.421,		2-3
6, 6, 3, 		10, 		0.1704,		4.089,		2-3
6, 6, 4, 		10, 		0.1908,		6.414,		2-3
6, 6, 5, 		10, 		0.1574,		7.997,		2-3
6, 7, 1, 		10, 		0.1744,		10.14,		2-2
6, 7, 2, 		10, 		0.1546,		4.717,		2-2
6, 7, 3, 		10, 		0.1275,		3.249,		2-2
6, 7, 4, 		10, 		0.1523,		8.543,		3-2
6, 7, 5, 		10, 		0.1461,		10.76,		3-2
6, 8, 1, 		10, 		0.1198,		6.698,		2-2
6, 8, 2, 		10, 		0.1008,		2.077,		2-2
6, 8, 3, 		10, 		0.1456,		9.375,		3-2
6, 8, 4, 		10, 		0.1982,		3.162,		2-2
6, 8, 5, 		10, 		0.1710,		2.674,		2-2
6, 9, 1, 		10, 		0.1513,		10.75,		3-2
6, 9, 2, 		10, 		0.1061,		1.881,		2-2
6, 9, 3, 		10, 		0.1016,		2.238,		2-2
6, 9, 4, 		10, 		0.1341,		9.152,		3-2
6, 9, 5, 		10, 		0.1752,		1.367,		2-2
6, 10, 1, 		10, 		0.1783,		8.041,		2-2
6, 10, 2, 		10, 		0.1236,		4.481,		2-2
6, 10, 3, 		10, 		0.1003,		5.858,		2-2
6, 10, 4, 		10, 		0.09908,		9.547,		2-2
6, 10, 5, 		10, 		0.1963,		14.08,		3-2
6, 11, 1, 		10, 		0.1805,		7.595,		2-3
6, 11, 2, 		10, 		0.2138,		1.550,		2-3
6, 11, 3, 		10, 		0.1723,		4.055,		2-3
6, 11, 4, 		10, 		0.1197,		14.82,		3-3
6, 11, 5, 		10, 		0.2254,		16.74,		3-3
6, 12, 1, 		10, 		0.2545,		6.863,		2-2
6, 12, 2, 		10, 		0.2885,		9.680,		2-2
6, 12, 3, 		10, 		0.2367,		7.808,		3-2
6, 12, 4, 		10, 		0.1541,		5.380,		2-2
6, 12, 5, 		10, 		0.2180,		7.033,		2-2
6, 13, 1, 		10, 		0.2088,		13.57,		3-2
6, 13, 2, 		10, 		0.1525,		7.786,		3-2
6, 13, 3, 		10, 		0.1446,		8.680,		3-2
6, 13, 4, 		10, 		0.1692,		6.429,		2-2
6, 13, 5, 		10, 		0.1613,		5.189,		2-2
6, 14, 1, 		10, 		0.1938,		7.414,		3-2
6, 14, 2, 		10, 		0.1819,		5.270,		2-2
6, 14, 3, 		10, 		0.1691,		10.26,		3-2
6, 14, 4, 		10, 		0.2008,		7.182,		2-2
6, 14, 5, 		10, 		0.1752,		2.837,		2-2
6, 15, 1, 		10, 		0.1910,		14.55,		3-2
6, 15, 2, 		10, 		0.1997,		15.56,		3-2
6, 15, 3, 		10, 		0.2718,		13.13,		3-2
6, 15, 4, 		10, 		0.2186,		2.185,		2-2
6, 15, 5, 		10, 		0.3369,		13.75,		3-2
6, 16, 1, 		10, 		0.2260,		10.15,		3-2
6, 16, 2, 		10, 		0.2365,		11.25,		3-2
6, 16, 3, 		10, 		0.2937,		6.971,		2-2
6, 16, 4, 		10, 		0.3496,		8.287,		3-2
6, 16, 5, 		10, 		0.4748,		10.22,		2-1
7, 1, 1, 		10, 		0.2042,		1.869,		1-1
7, 1, 2, 		10, 		0.2701,		12.00,		3-1
7, 1, 3, 		10, 		0.3103,		4.775,		1-1
7, 1, 4, 		10, 		0.2687,		7.688,		2-1
7, 1, 5, 		10, 		0.3458,		3.592,		1-1
7, 2, 1, 		10, 		0.3964,		6.711,		1-1
7, 2, 2, 		10, 		0.2205,		13.28,		3-2
7, 2, 3, 		10, 		0.2642,		3.752,		2-2
7, 2, 4, 		10, 		0.2938,		10.03,		3-2
7, 2, 5, 		10, 		0.2943,		9.087,		2-2
7, 3, 1, 		10, 		0.2243,		11.77,		2-2
7, 3, 2, 		10, 		0.1186,		10.66,		2-2
7, 3, 3, 		10, 		0.1381,		8.870,		3-2
7, 3, 4, 		10, 		0.1303,		10.89,		3-2
7, 3, 5, 		10, 		0.1422,		13.08,		3-2
7, 4, 1, 		10, 		0.1821,		13.22,		2-2
7, 4, 2, 		10, 		0.1240,		3.928,		2-2
7, 4, 3, 		10, 		0.1380,		12.30,		3-2
7, 4, 4, 		10, 		0.1412,		8.850,		2-2
7, 4, 5, 		10, 		0.2185,		8.833,		2-2
7, 5, 1, 		10, 		0.1299,		8.431,		2-3
7, 5, 2, 		10, 		0.1792,		7.693,		2-3
7, 5, 3, 		10, 		0.1511,		8.334,		3-3
7, 5, 4, 		10, 		0.1253,		9.572,		3-3
7, 5, 5, 		10, 		0.1715,		7.477,		2-3
7, 6, 1, 		10, 		0.1683,		7.692,		2-2
7, 6, 2, 		10, 		0.1311,		5.451,		2-2
7, 6, 3, 		10, 		0.1321,		5.311,		2-2
7, 6, 4, 		10, 		0.1188,		9.402,		3-2
7, 6, 5, 		10, 		0.1456,		8.005,		3-2
7, 7, 1, 		10, 		0.1213,		2.531,		2-2
7, 7, 2, 		10, 		0.1060,		1.426,		2-2
7, 7, 3, 		10, 		0.1013,		2.473,		2-2
7, 7, 4, 		10, 		0.09121,		8.128,		3-2
7, 7, 5, 		10, 		0.1559,		8.847,		3-2
7, 8, 1, 		10, 		0.1044,		4.251,		2-2
7, 8, 2, 		10, 		0.07903,		2.618,		2-2
7, 8, 3, 		10, 		0.09249,		2.007,		2-2
7, 8, 4, 		10, 		0.1156,		4.413,		2-2
7, 8, 5, 		10, 		0.1152,		6.475,		2-2
7, 9, 1, 		10, 		0.1291,		11.58,		3-2
7, 9, 2, 		10, 		0.09007,		1.446,		2-2
7, 9, 3, 		10, 		0.08828,		4.852,		2-2
7, 9, 4, 		10, 		0.1127,		2.314,		2-2
7, 9, 5, 		10, 		0.1125,		4.028,		2-2
7, 10, 1, 		10, 		0.1477,		1.720,		2-2
7, 10, 2, 		10, 		0.09890,		7.011,		2-2
7, 10, 3, 		10, 		0.1004,		6.973,		2-2
7, 10, 4, 		10, 		0.09284,		6.979,		2-2
7, 10, 5, 		10, 		0.1288,		6.841,		2-2
7, 11, 1, 		10, 		0.1642,		5.249,		2-2
7, 11, 2, 		10, 		0.1383,		2.388,		2-2
7, 11, 3, 		10, 		0.1965,		4.698,		2-2
7, 11, 4, 		10, 		0.1831,		7.434,		3-2
7, 11, 5, 		10, 		0.1617,		4.829,		2-2
7, 12, 1, 		10, 		0.1954,		13.82,		3-3
7, 12, 2, 		10, 		0.2364,		4.005,		2-3
7, 12, 3, 		10, 		0.1731,		4.207,		2-3
7, 12, 4, 		10, 		0.2039,		6.201,		2-3
7, 12, 5, 		10, 		0.1688,		18.76,		3-3
7, 13, 1, 		10, 		0.2887,		12.71,		3-2
7, 13, 2, 		10, 		0.1985,		8.528,		3-2
7, 13, 3, 		10, 		0.1775,		4.310,		2-2
7, 13, 4, 		10, 		0.2099,		4.029,		2-2
7, 13, 5, 		10, 		0.2570,		5.791,		2-2
7, 14, 1, 		10, 		0.2048,		11.87,		3-2
7, 14, 2, 		10, 		0.1755,		4.283,		2-2
7, 14, 3, 		10, 		0.1766,		6.276,		2-2
7, 14, 4, 		10, 		0.1907,		5.480,		2-2
7, 14, 5, 		10, 		0.1626,		7.388,		2-2
7, 15, 1, 		10, 		0.2928,		6.088,		2-2
7, 15, 2, 		10, 		0.2238,		2.951,		2-2
7, 15, 3, 		10, 		0.2393,		8.824,		2-2
7, 15, 4, 		10, 		0.2783,		5.704,		2-2
7, 15, 5, 		10, 		0.3314,		8.130,		2-1
7, 16, 1, 		10, 		0.4470,		5.841,		2-1
7, 16, 2, 		10, 		0.3302,		12.49,		2-1
7, 16, 3, 		10, 		0.3008,		9.948,		2-1
7, 16, 4, 		10, 		0.2370,		11.97,		2-1
7, 16, 5, 		10, 		0.3017,		3.174,		1-1
8, 1, 1, 		10, 		0.2625,		14.15,		2-1
8, 1, 2, 		10, 		0.2253,		9.637,		3-1
8, 1, 3, 		10, 		0.2123,		6.522,		1-1
8, 1, 4, 		10, 		0.2559,		5.014,		1-1
8, 1, 5, 		10, 		0.2565,		5.505,		1-1
8, 2, 1, 		10, 		0.2523,		11.40,		2-1
8, 2, 2, 		10, 		0.2053,		3.879,		1-1
8, 2, 3, 		10, 		0.2038,		1.814,		1-1
8, 2, 4, 		10, 		0.2398,		2.547,		1-1
8, 2, 5, 		10, 		0.2615,		6.697,		2-1
8, 3, 1, 		10, 		0.3419,		12.76,		2-1
8, 3, 2, 		10, 		0.2801,		19.00,		3-2
8, 3, 3, 		10, 		0.1739,		15.74,		3-2
8, 3, 4, 		10, 		0.1572,		9.975,		3-2
8, 3, 5, 		10, 		0.2513,		21.04,		3-2
8, 4, 1, 		10, 		0.2400,		15.68,		3-3
8, 4, 2, 		10, 		0.1943,		17.07,		3-3
8, 4, 3, 		10, 		0.1493,		19.55,		3-3
8, 4, 4, 		10, 		0.09747,		9.471,		3-3
8, 4, 5, 		10, 		0.1365,		19.37,		3-3
8, 5, 1, 		10, 		0.1881,		11.64,		2-3
8, 5, 2, 		10, 		0.1625,		7.421,		3-3
8, 5, 3, 		10, 		0.1249,		7.433,		3-3
8, 5, 4, 		10, 		0.1120,		8.932,		3-3
8, 5, 5, 		10, 		0.2184,		10.95,		2-3
8, 6, 1, 		10, 		0.1108,		6.627,		2-2
8, 6, 2, 		10, 		0.1013,		4.186,		2-2
8, 6, 3, 		10, 		0.1097,		7.990,		3-2
8, 6, 4, 		10, 		0.1124,		8.691,		2-2
8, 6, 5, 		10, 		0.1815,		8.068,		3-2
8, 7, 1, 		10, 		0.1023,		2.684,		2-2
8, 7, 2, 		10, 		0.1298,		1.158,		2-2
8, 7, 3, 		10, 		0.1497,		4.432,		2-2
8, 7, 4, 		10, 		0.1050,		6.095,		2-2
8, 7, 5, 		10, 		0.1678,		7.765,		3-2
8, 8, 1, 		10, 		0.08049,		0.6024,		2-2
8, 8, 2, 		10, 		0.07548,		1.526,		2-2
8, 8, 3, 		10, 		0.09326,		1.834,		2-2
8, 8, 4, 		10, 		0.1314,		2.884,		2-2
8, 8, 5, 		10, 		0.1535,		5.631,		2-2
8, 9, 1, 		10, 		0.1035,		1.230,		2-2
8, 9, 2, 		10, 		0.08718,		2.747,		2-2
8, 9, 3, 		10, 		0.09073,		0.8244,		2-2
8, 9, 4, 		10, 		0.1079,		3.274,		2-2
8, 9, 5, 		10, 		0.1692,		8.169,		2-2
8, 10, 1, 		10, 		0.08650,		1.353,		2-2
8, 10, 2, 		10, 		0.09385,		1.029,		2-2
8, 10, 3, 		10, 		0.09229,		1.331,		2-2
8, 10, 4, 		10, 		0.09281,		1.435,		2-2
8, 10, 5, 		10, 		0.1227,		3.269,		2-2
8, 11, 1, 		10, 		0.1168,		4.438,		2-2
8, 11, 2, 		10, 		0.1165,		1.427,		2-2
8, 11, 3, 		10, 		0.1408,		3.048,		2-2
8, 11, 4, 		10, 		0.1037,		2.774,		2-2
8, 11, 5, 		10, 		0.1177,		9.191,		3-2
8, 12, 1, 		10, 		0.1923,		17.91,		3-3
8, 12, 2, 		10, 		0.2140,		6.761,		3-3
8, 12, 3, 		10, 		0.1390,		12.48,		3-3
8, 12, 4, 		10, 		0.1634,		9.343,		3-3
8, 12, 5, 		10, 		0.2199,		11.86,		3-3
8, 13, 1, 		10, 		0.2213,		10.63,		3-3
8, 13, 2, 		10, 		0.2424,		8.433,		3-3
8, 13, 3, 		10, 		0.1897,		6.574,		2-3
8, 13, 4, 		10, 		0.2572,		8.197,		2-3
8, 13, 5, 		10, 		0.2712,		18.39,		3-3
8, 14, 1, 		10, 		0.2173,		7.455,		2-2
8, 14, 2, 		10, 		0.2264,		5.929,		2-2
8, 14, 3, 		10, 		0.1433,		7.857,		2-2
8, 14, 4, 		10, 		0.2077,		5.051,		2-2
8, 14, 5, 		10, 		0.2681,		4.968,		2-1
8, 15, 1, 		10, 		0.3030,		18.82,		2-1
8, 15, 2, 		10, 		0.2347,		9.539,		2-1
8, 15, 3, 		10, 		0.2204,		7.744,		2-1
8, 15, 4, 		10, 		0.1955,		6.308,		2-1
8, 15, 5, 		10, 		0.3258,		6.303,		2-1
8, 16, 1, 		10, 		0.2154,		3.268,		1-1
8, 16, 2, 		10, 		0.2286,		2.864,		1-1
8, 16, 3, 		10, 		0.2152,		8.766,		3-1
8, 16, 4, 		10, 		0.2350,		7.681,		2-1
8, 16, 5, 		10, 		0.2470,		3.131,		1-1
9, 1, 1, 		10, 		0.2696,		15.16,		2-1
9, 1, 2, 		10, 		0.2107,		17.62,		2-1
9, 1, 3, 		10, 		0.2060,		15.46,		2-1
9, 1, 4, 		10, 		0.2465,		4.437,		1-1
9, 1, 5, 		10, 		0.2719,		7.213,		1-1
9, 2, 1, 		10, 		0.3206,		6.710,		2-1
9, 2, 2, 		10, 		0.2639,		18.34,		2-1
9, 2, 3, 		10, 		0.2705,		10.61,		2-1
9, 2, 4, 		10, 		0.3180,		5.357,		1-1
9, 2, 5, 		10, 		0.3084,		4.774,		1-1
9, 3, 1, 		10, 		0.2530,		2.651,		1-1
9, 3, 2, 		10, 		0.2116,		11.84,		2-2
9, 3, 3, 		10, 		0.2517,		14.17,		3-2
9, 3, 4, 		10, 		0.2612,		17.52,		3-2
9, 3, 5, 		10, 		0.2283,		18.84,		3-2
9, 4, 1, 		10, 		0.2255,		23.42,		3-3
9, 4, 2, 		10, 		0.2662,		9.597,		2-3
9, 4, 3, 		10, 		0.1896,		15.96,		2-3
9, 4, 4, 		10, 		0.1440,		11.05,		3-3
9, 4, 5, 		10, 		0.2069,		8.000,		2-3
9, 5, 1, 		10, 		0.1956,		12.44,		2-3
9, 5, 2, 		10, 		0.1198,		27.00,		3-3
9, 5, 3, 		10, 		0.1599,		14.96,		2-3
9, 5, 4, 		10, 		0.2023,		11.12,		2-3
9, 5, 5, 		10, 		0.2474,		35.59,		3-3
9, 6, 1, 		10, 		0.1079,		4.079,		2-2
9, 6, 2, 		10, 		0.08762,		11.73,		3-2
9, 6, 3, 		10, 		0.1043,		9.261,		3-2
9, 6, 4, 		10, 		0.1142,		3.430,		2-2
9, 6, 5, 		10, 		0.1678,		10.05,		3-2
9, 7, 1, 		10, 		0.09835,		2.640,		2-2
9, 7, 2, 		10, 		0.09999,		6.093,		2-2
9, 7, 3, 		10, 		0.1087,		5.759,		2-2
9, 7, 4, 		10, 		0.1351,		3.272,		2-2
9, 7, 5, 		10, 		0.1523,		7.706,		2-2
9, 8, 1, 		10, 		0.09424,		2.342,		2-2
9, 8, 2, 		10, 		0.07746,		0.6879,		2-2
9, 8, 3, 		10, 		0.09126,		2.096,		2-2
9, 8, 4, 		10, 		0.1018,		2.896,		2-2
9, 8, 5, 		10, 		0.1793,		8.513,		2-2
9, 9, 1, 		10, 		0.1627,		4.179,		2-2
9, 9, 2, 		10, 		0.09070,		1.467,		2-2
9, 9, 3, 		10, 		0.1041,		2.062,		2-2
9, 9, 4, 		10, 		0.1201,		6.113,		2-2
9, 9, 5, 		10, 		0.1732,		8.202,		3-2
9, 10, 1, 		10, 		0.1562,		3.144,		2-2
9, 10, 2, 		10, 		0.1104,		9.771,		3-2
9, 10, 3, 		10, 		0.09053,		1.469,		2-2
9, 10, 4, 		10, 		0.1028,		1.796,		2-2
9, 10, 5, 		10, 		0.1331,		3.488,		2-2
9, 11, 1, 		10, 		0.1610,		4.978,		2-2
9, 11, 2, 		10, 		0.1010,		9.430,		3-2
9, 11, 3, 		10, 		0.09672,		2.580,		2-2
9, 11, 4, 		10, 		0.09359,		2.186,		2-2
9, 11, 5, 		10, 		0.1526,		4.075,		2-2
9, 12, 1, 		10, 		0.2118,		15.76,		3-3
9, 12, 2, 		10, 		0.2103,		16.08,		3-3
9, 12, 3, 		10, 		0.1896,		12.58,		2-3
9, 12, 4, 		10, 		0.2068,		12.51,		2-3
9, 12, 5, 		10, 		0.3005,		22.77,		3-3
9, 13, 1, 		10, 		0.2831,		11.66,		2-3
9, 13, 2, 		10, 		0.1952,		20.17,		3-3
9, 13, 3, 		10, 		0.1644,		11.73,		3-3
9, 13, 4, 		10, 		0.2158,		11.40,		2-3
9, 13, 5, 		10, 		0.2977,		11.27,		2-3
9, 14, 1, 		10, 		0.3763,		8.258,		2-2
9, 14, 2, 		10, 		0.1935,		11.84,		2-2
9, 14, 3, 		10, 		0.1886,		9.467,		2-2
9, 14, 4, 		10, 		0.2465,		17.26,		2-2
9, 14, 5, 		10, 		0.2444,		3.172,		1-1
9, 15, 1, 		10, 		0.2442,		1.745,		1-1
9, 15, 2, 		10, 		0.1915,		10.57,		2-1
9, 15, 3, 		10, 		0.2047,		10.83,		2-1
9, 15, 4, 		10, 		0.2319,		10.77,		2-1
9, 15, 5, 		10, 		0.1815,		0.8451,		1-1
9, 16, 1, 		10, 		0.3279,		2.249,		1-1
9, 16, 2, 		10, 		0.2245,		7.157,		1-1
9, 16, 3, 		10, 		0.2924,		12.88,		2-1
9, 16, 4, 		10, 		0.2898,		9.056,		2-1
9, 16, 5, 		10, 		0.2646,		2.872,		1-1
10, 1, 1, 		10, 		0.3137,		5.857,		2-1
10, 1, 2, 		10, 		0.3017,		4.910,		1-1
10, 1, 3, 		10, 		0.2232,		7.797,		2-1
10, 1, 4, 		10, 		0.4148,		3.578,		1-1
10, 1, 5, 		10, 		0.2130,		20.23,		3-1
10, 2, 1, 		10, 		0.3986,		18.70,		2-1
10, 2, 2, 		10, 		0.4255,		7.510,		2-2
10, 2, 3, 		10, 		0.2950,		10.16,		3-2
10, 2, 4, 		10, 		0.2787,		3.617,		2-2
10, 2, 5, 		10, 		0.2058,		7.858,		3-2
10, 3, 1, 		10, 		0.3506,		10.55,		3-2
10, 3, 2, 		10, 		0.3230,		8.444,		3-2
10, 3, 3, 		10, 		0.2003,		8.103,		2-2
10, 3, 4, 		10, 		0.1839,		11.53,		3-2
10, 3, 5, 		10, 		0.1846,		6.043,		2-2
10, 4, 1, 		10, 		0.2318,		5.793,		2-2
10, 4, 2, 		10, 		0.2053,		7.056,		2-2
10, 4, 3, 		10, 		0.2257,		14.99,		2-2
10, 4, 4, 		10, 		0.1536,		5.271,		3-2
10, 4, 5, 		10, 		0.2645,		4.616,		2-2
10, 5, 1, 		10, 		0.2502,		3.796,		2-3
10, 5, 2, 		10, 		0.2224,		16.33,		3-3
10, 5, 3, 		10, 		0.1794,		18.89,		3-3
10, 5, 4, 		10, 		0.1976,		11.58,		3-3
10, 5, 5, 		10, 		0.3013,		27.06,		3-3
10, 6, 1, 		10, 		0.1412,		3.266,		2-2
10, 6, 2, 		10, 		0.1100,		3.891,		2-2
10, 6, 3, 		10, 		0.1300,		5.893,		2-2
10, 6, 4, 		10, 		0.1359,		4.273,		2-2
10, 6, 5, 		10, 		0.1852,		10.99,		3-2
10, 7, 1, 		10, 		0.09251,		1.199,		2-2
10, 7, 2, 		10, 		0.09773,		4.662,		2-2
10, 7, 3, 		10, 		0.09067,		3.168,		2-2
10, 7, 4, 		10, 		0.1016,		1.078,		2-2
10, 7, 5, 		10, 		0.1224,		3.728,		2-2
10, 8, 1, 		10, 		0.08793,		4.233,		2-2
10, 8, 2, 		10, 		0.07627,		1.611,		2-2
10, 8, 3, 		10, 		0.08101,		3.102,		2-2
10, 8, 4, 		10, 		0.09320,		2.045,		2-2
10, 8, 5, 		10, 		0.1340,		3.011,		2-2
10, 9, 1, 		10, 		0.1250,		1.847,		2-2
10, 9, 2, 		10, 		0.08138,		1.628,		2-2
10, 9, 3, 		10, 		0.09184,		1.601,		2-2
10, 9, 4, 		10, 		0.2043,		3.235,		2-2
10, 9, 5, 		10, 		0.1405,		4.323,		2-2
10, 10, 1, 		10, 		0.1603,		1.188,		2-2
10, 10, 2, 		10, 		0.07611,		4.410,		2-2
10, 10, 3, 		10, 		0.09414,		2.151,		2-2
10, 10, 4, 		10, 		0.1241,		8.381,		3-2
10, 10, 5, 		10, 		0.09898,		8.008,		2-2
10, 11, 1, 		10, 		0.2070,		7.224,		2-2
10, 11, 2, 		10, 		0.1150,		5.176,		2-2
10, 11, 3, 		10, 		0.1004,		4.820,		2-2
10, 11, 4, 		10, 		0.1062,		10.51,		3-2
10, 11, 5, 		10, 		0.1431,		1.832,		2-2
10, 12, 1, 		10, 		0.2086,		17.68,		3-3
10, 12, 2, 		10, 		0.1773,		10.05,		2-3
10, 12, 3, 		10, 		0.1513,		13.06,		3-3
10, 12, 4, 		10, 		0.1961,		2.668,		2-3
10, 12, 5, 		10, 		0.2667,		5.280,		2-3
10, 13, 1, 		10, 		0.1876,		6.623,		2-2
10, 13, 2, 		10, 		0.1371,		13.48,		3-2
10, 13, 3, 		10, 		0.1392,		6.668,		2-2
10, 13, 4, 		10, 		0.1382,		7.788,		2-2
10, 13, 5, 		10, 		0.1559,		11.25,		3-2
10, 14, 1, 		10, 		0.1477,		4.988,		2-2
10, 14, 2, 		10, 		0.1290,		3.526,		2-2
10, 14, 3, 		10, 		0.1519,		5.686,		2-2
10, 14, 4, 		10, 		0.1397,		6.681,		2-2
10, 14, 5, 		10, 		0.1869,		9.738,		3-2
10, 15, 1, 		10, 		0.2385,		6.453,		2-2
10, 15, 2, 		10, 		0.1807,		6.581,		2-2
10, 15, 3, 		10, 		0.1788,		6.120,		2-2
10, 15, 4, 		10, 		0.2420,		5.601,		2-2
10, 15, 5, 		10, 		0.2380,		4.058,		1-1
10, 16, 1, 		10, 		0.3567,		8.509,		1-1
10, 16, 2, 		10, 		0.2484,		13.43,		3-1
10, 16, 3, 		10, 		0.2320,		7.691,		2-1
10, 16, 4, 		10, 		0.2431,		14.60,		2-1
10, 16, 5, 		10, 		0.1920,		3.013,		1-1
11, 1, 1, 		10, 		0.2687,		14.91,		2-1
11, 1, 2, 		10, 		0.2540,		7.711,		2-2
11, 1, 3, 		10, 		0.2300,		10.75,		3-2
11, 1, 4, 		10, 		0.2772,		6.916,		2-2
11, 1, 5, 		10, 		0.3215,		6.661,		2-2
11, 2, 1, 		10, 		0.2326,		8.325,		3-2
11, 2, 2, 		10, 		0.2077,		3.079,		2-2
11, 2, 3, 		10, 		0.1873,		6.751,		2-2
11, 2, 4, 		10, 		0.2459,		7.903,		2-2
11, 2, 5, 		10, 		0.2216,		6.993,		2-2
11, 3, 1, 		10, 		0.1838,		3.204,		2-2
11, 3, 2, 		10, 		0.1601,		7.250,		3-2
11, 3, 3, 		10, 		0.2048,		5.374,		2-2
11, 3, 4, 		10, 		0.1768,		4.688,		2-2
11, 3, 5, 		10, 		0.1695,		12.74,		3-2
11, 4, 1, 		10, 		0.1889,		5.115,		2-2
11, 4, 2, 		10, 		0.1640,		8.455,		3-2
11, 4, 3, 		10, 		0.1875,		5.066,		2-2
11, 4, 4, 		10, 		0.1574,		2.413,		2-2
11, 4, 5, 		10, 		0.2154,		2.271,		2-2
11, 5, 1, 		10, 		0.2143,		9.023,		3-2
11, 5, 2, 		10, 		0.1840,		8.286,		3-2
11, 5, 3, 		10, 		0.1757,		5.009,		2-2
11, 5, 4, 		10, 		0.2008,		10.61,		3-2
11, 5, 5, 		10, 		0.3800,		2.423,		2-2
11, 6, 1, 		10, 		0.2330,		3.277,		2-3
11, 6, 2, 		10, 		0.1508,		14.35,		3-3
11, 6, 3, 		10, 		0.2160,		2.134,		2-3
11, 6, 4, 		10, 		0.1504,		1.996,		2-3
11, 6, 5, 		10, 		0.2815,		4.614,		2-3
11, 7, 1, 		10, 		0.1751,		5.023,		2-2
11, 7, 2, 		10, 		0.1155,		3.054,		2-2
11, 7, 3, 		10, 		0.1009,		1.771,		2-2
11, 7, 4, 		10, 		0.1165,		2.305,		2-2
11, 7, 5, 		10, 		0.1764,		5.533,		2-2
11, 8, 1, 		10, 		0.1308,		6.473,		2-2
11, 8, 2, 		10, 		0.1056,		2.665,		2-2
11, 8, 3, 		10, 		0.09374,		0.8808,		2-2
11, 8, 4, 		10, 		0.1324,		10.40,		3-2
11, 8, 5, 		10, 		0.1519,		3.502,		2-2
11, 9, 1, 		10, 		0.1637,		3.340,		2-2
11, 9, 2, 		10, 		0.1176,		2.944,		2-2
11, 9, 3, 		10, 		0.1099,		5.677,		2-2
11, 9, 4, 		10, 		0.2208,		7.895,		2-2
11, 9, 5, 		10, 		0.1450,		9.772,		3-2
11, 10, 1, 		10, 		0.1659,		8.736,		3-2
11, 10, 2, 		10, 		0.1231,		1.726,		2-2
11, 10, 3, 		10, 		0.1270,		2.840,		2-2
11, 10, 4, 		10, 		0.1028,		2.875,		2-2
11, 10, 5, 		10, 		0.1019,		9.008,		3-2
11, 11, 1, 		10, 		0.2309,		3.102,		2-3
11, 11, 2, 		10, 		0.2125,		4.555,		2-3
11, 11, 3, 		10, 		0.1281,		12.34,		3-3
11, 11, 4, 		10, 		0.09246,		12.46,		3-3
11, 11, 5, 		10, 		0.09816,		11.02,		3-3
11, 12, 1, 		10, 		0.2009,		3.780,		2-2
11, 12, 2, 		10, 		0.1663,		3.913,		2-2
11, 12, 3, 		10, 		0.1625,		4.508,		2-2
11, 12, 4, 		10, 		0.1138,		4.391,		2-2
11, 12, 5, 		10, 		0.1540,		4.247,		2-2
11, 13, 1, 		10, 		0.2917,		1.317,		2-2
11, 13, 2, 		10, 		0.1458,		5.753,		2-2
11, 13, 3, 		10, 		0.1605,		5.037,		2-2
11, 13, 4, 		10, 		0.1337,		6.849,		2-2
11, 13, 5, 		10, 		0.2522,		3.927,		2-2
11, 14, 1, 		10, 		0.1608,		6.329,		2-2
11, 14, 2, 		10, 		0.1323,		4.021,		2-2
11, 14, 3, 		10, 		0.1177,		4.577,		2-2
11, 14, 4, 		10, 		0.1226,		3.724,		2-2
11, 14, 5, 		10, 		0.2491,		2.880,		2-2
11, 15, 1, 		10, 		0.1896,		7.954,		2-2
11, 15, 2, 		10, 		0.1471,		8.280,		2-2
11, 15, 3, 		10, 		0.1580,		5.932,		2-2
11, 15, 4, 		10, 		0.1371,		2.786,		2-2
11, 15, 5, 		10, 		0.5386,		3.846,		2-2
11, 16, 1, 		10, 		0.2166,		12.42,		3-2
11, 16, 2, 		10, 		0.1722,		9.305,		2-2
11, 16, 3, 		10, 		0.2627,		15.17,		3-2
11, 16, 4, 		10, 		0.1489,		2.978,		2-2
11, 16, 5, 		10, 		0.3183,		7.187,		2-1
12, 1, 1, 		10, 		0.5014,		20.22,		3-1
12, 1, 2, 		10, 		0.3014,		8.655,		2-2
12, 1, 3, 		10, 		0.3069,		5.738,		2-2
12, 1, 4, 		10, 		0.2744,		9.911,		2-2
12, 1, 5, 		10, 		0.2393,		14.60,		3-2
12, 2, 1, 		10, 		0.3230,		8.024,		2-2
12, 2, 2, 		10, 		0.1840,		8.244,		2-2
12, 2, 3, 		10, 		0.2215,		2.459,		2-2
12, 2, 4, 		10, 		0.2508,		5.787,		2-2
12, 2, 5, 		10, 		0.2002,		6.506,		2-2
12, 3, 1, 		10, 		0.2584,		7.506,		2-2
12, 3, 2, 		10, 		0.2652,		4.873,		2-2
12, 3, 3, 		10, 		0.2201,		4.840,		2-2
12, 3, 4, 		10, 		0.2255,		5.913,		2-2
12, 3, 5, 		10, 		0.1879,		5.997,		2-2
12, 4, 1, 		10, 		0.2223,		4.572,		2-2
12, 4, 2, 		10, 		0.1663,		9.866,		3-2
12, 4, 3, 		10, 		0.1985,		6.726,		2-2
12, 4, 4, 		10, 		0.1932,		5.918,		2-2
12, 4, 5, 		10, 		0.2625,		7.834,		2-2
12, 5, 1, 		10, 		0.2448,		9.060,		2-2
12, 5, 2, 		10, 		0.2082,		12.13,		3-2
12, 5, 3, 		10, 		0.2246,		8.780,		2-2
12, 5, 4, 		10, 		0.1622,		9.997,		3-2
12, 5, 5, 		10, 		0.2301,		11.72,		3-2
12, 6, 1, 		10, 		0.4424,		7.789,		2-2
12, 6, 2, 		10, 		0.1817,		13.19,		3-2
12, 6, 3, 		10, 		0.2728,		5.625,		2-2
12, 6, 4, 		10, 		0.1518,		5.765,		2-2
12, 6, 5, 		10, 		0.1711,		5.165,		2-2
12, 7, 1, 		10, 		0.2858,		16.57,		3-3
12, 7, 2, 		10, 		0.1654,		5.942,		2-3
12, 7, 3, 		10, 		0.1629,		26.52,		3-3
12, 7, 4, 		10, 		0.1461,		5.404,		2-3
12, 7, 5, 		10, 		0.1737,		8.853,		2-3
12, 8, 1, 		10, 		0.1634,		24.96,		3-3
12, 8, 2, 		10, 		0.1621,		13.26,		2-3
12, 8, 3, 		10, 		0.1710,		9.206,		3-3
12, 8, 4, 		10, 		0.2007,		8.915,		3-3
12, 8, 5, 		10, 		0.3001,		13.11,		2-3
12, 9, 1, 		10, 		0.2048,		16.98,		3-3
12, 9, 2, 		10, 		0.1775,		9.786,		3-3
12, 9, 3, 		10, 		0.1709,		11.07,		3-3
12, 9, 4, 		10, 		0.1968,		10.72,		3-3
12, 9, 5, 		10, 		0.1414,		10.93,		3-3
12, 10, 1, 		10, 		0.2216,		9.733,		2-3
12, 10, 2, 		10, 		0.1513,		6.809,		2-3
12, 10, 3, 		10, 		0.1569,		25.71,		3-3
12, 10, 4, 		10, 		0.1366,		9.341,		3-3
12, 10, 5, 		10, 		0.1787,		4.611,		2-3
12, 11, 1, 		10, 		0.1676,		5.913,		2-2
12, 11, 2, 		10, 		0.1527,		10.68,		3-2
12, 11, 3, 		10, 		0.1355,		6.739,		2-2
12, 11, 4, 		10, 		0.08572,		6.974,		2-2
12, 11, 5, 		10, 		0.1010,		6.934,		2-2
12, 12, 1, 		10, 		0.1775,		2.442,		2-2
12, 12, 2, 		10, 		0.1461,		4.328,		2-2
12, 12, 3, 		10, 		0.1325,		6.876,		2-2
12, 12, 4, 		10, 		0.1061,		4.872,		2-2
12, 12, 5, 		10, 		0.1968,		6.294,		3-2
12, 13, 1, 		10, 		0.2024,		11.28,		3-2
12, 13, 2, 		10, 		0.1023,		2.065,		2-2
12, 13, 3, 		10, 		0.09903,		4.449,		2-2
12, 13, 4, 		10, 		0.1642,		3.434,		2-2
12, 13, 5, 		10, 		0.2406,		5.678,		2-2
12, 14, 1, 		10, 		0.2292,		4.005,		2-2
12, 14, 2, 		10, 		0.1149,		2.778,		2-2
12, 14, 3, 		10, 		0.09177,		2.984,		2-2
12, 14, 4, 		10, 		0.1184,		6.939,		3-2
12, 14, 5, 		10, 		0.2005,		5.147,		2-2
12, 15, 1, 		10, 		0.2032,		9.150,		2-2
12, 15, 2, 		10, 		0.1310,		2.990,		2-2
12, 15, 3, 		10, 		0.1130,		1.981,		2-2
12, 15, 4, 		10, 		0.1373,		5.745,		2-2
12, 15, 5, 		10, 		0.2423,		3.515,		2-2
12, 16, 1, 		10, 		0.2468,		8.072,		2-2
12, 16, 2, 		10, 		0.2269,		4.007,		2-2
12, 16, 3, 		10, 		0.2025,		2.505,		2-2
12, 16, 4, 		10, 		0.1276,		4.816,		3-2
12, 16, 5, 		10, 		0.4775,		19.89,		3-1
13, 1, 1, 		10, 		0.3075,		19.23,		2-1
13, 1, 2, 		10, 		0.1809,		7.586,		2-1
13, 1, 3, 		10, 		0.1861,		3.805,		2-1
13, 1, 4, 		10, 		0.2260,		12.33,		3-1
13, 1, 5, 		10, 		0.2614,		1.400,		1-1
13, 2, 1, 		10, 		0.3506,		3.003,		2-2
13, 2, 2, 		10, 		0.2773,		4.920,		2-2
13, 2, 3, 		10, 		0.2200,		13.38,		3-2
13, 2, 4, 		10, 		0.2544,		5.310,		2-2
13, 2, 5, 		10, 		0.1997,		2.472,		2-2
13, 3, 1, 		10, 		0.3195,		4.803,		2-2
13, 3, 2, 		10, 		0.1796,		5.146,		2-2
13, 3, 3, 		10, 		0.1932,		3.716,		2-2
13, 3, 4, 		10, 		0.1883,		5.390,		2-2
13, 3, 5, 		10, 		0.2377,		4.419,		2-2
13, 4, 1, 		10, 		0.3161,		1.480,		2-2
13, 4, 2, 		10, 		0.1960,		5.107,		2-2
13, 4, 3, 		10, 		0.1965,		3.312,		2-2
13, 4, 4, 		10, 		0.1777,		6.713,		2-2
13, 4, 5, 		10, 		0.2709,		3.802,		2-2
13, 5, 1, 		10, 		0.2507,		6.694,		2-2
13, 5, 2, 		10, 		0.1878,		12.54,		2-2
13, 5, 3, 		10, 		0.2021,		5.022,		2-2
13, 5, 4, 		10, 		0.2373,		14.07,		3-2
13, 5, 5, 		10, 		0.2657,		12.56,		3-2
13, 6, 1, 		10, 		0.1962,		3.952,		2-2
13, 6, 2, 		10, 		0.1852,		5.625,		2-2
13, 6, 3, 		10, 		0.2265,		5.141,		2-2
13, 6, 4, 		10, 		0.2643,		7.649,		2-2
13, 6, 5, 		10, 		0.3573,		7.790,		2-2
13, 7, 1, 		10, 		0.2561,		3.524,		2-2
13, 7, 2, 		10, 		0.2016,		4.103,		2-2
13, 7, 3, 		10, 		0.1813,		6.248,		2-2
13, 7, 4, 		10, 		0.2027,		5.988,		2-2
13, 7, 5, 		10, 		0.3367,		13.86,		3-2
13, 8, 1, 		10, 		0.2174,		16.69,		3-3
13, 8, 2, 		10, 		0.1538,		13.72,		3-3
13, 8, 3, 		10, 		0.1946,		14.03,		3-3
13, 8, 4, 		10, 		0.2703,		12.34,		2-3
13, 8, 5, 		10, 		0.4718,		8.365,		2-3
13, 9, 1, 		10, 		0.3169,		20.25,		3-3
13, 9, 2, 		10, 		0.1728,		11.74,		3-3
13, 9, 3, 		10, 		0.1743,		14.08,		3-3
13, 9, 4, 		10, 		0.1617,		8.897,		3-3
13, 9, 5, 		10, 		0.2903,		13.54,		2-3
13, 10, 1, 		10, 		0.2388,		6.797,		2-2
13, 10, 2, 		10, 		0.1531,		8.409,		2-2
13, 10, 3, 		10, 		0.1688,		11.86,		3-2
13, 10, 4, 		10, 		0.2091,		6.636,		2-2
13, 10, 5, 		10, 		0.2562,		13.16,		3-2
13, 11, 1, 		10, 		0.1746,		3.825,		2-2
13, 11, 2, 		10, 		0.1436,		3.977,		2-2
13, 11, 3, 		10, 		0.1214,		4.789,		2-2
13, 11, 4, 		10, 		0.1026,		4.744,		2-2
13, 11, 5, 		10, 		0.1307,		6.926,		3-2
13, 12, 1, 		10, 		0.1672,		1.834,		2-2
13, 12, 2, 		10, 		0.1454,		9.940,		3-2
13, 12, 3, 		10, 		0.1432,		11.63,		2-2
13, 12, 4, 		10, 		0.1449,		3.239,		2-2
13, 12, 5, 		10, 		0.1701,		6.375,		2-2
13, 13, 1, 		10, 		0.1789,		4.785,		2-2
13, 13, 2, 		10, 		0.1213,		9.655,		2-2
13, 13, 3, 		10, 		0.1410,		6.672,		2-2
13, 13, 4, 		10, 		0.1487,		2.567,		2-2
13, 13, 5, 		10, 		0.1634,		4.335,		2-2
13, 14, 1, 		10, 		0.1891,		2.685,		2-2
13, 14, 2, 		10, 		0.1216,		5.384,		2-2
13, 14, 3, 		10, 		0.1238,		3.087,		2-2
13, 14, 4, 		10, 		0.1336,		3.024,		2-2
13, 14, 5, 		10, 		0.1685,		6.491,		2-2
13, 15, 1, 		10, 		0.2161,		4.601,		2-2
13, 15, 2, 		10, 		0.1455,		4.075,		2-2
13, 15, 3, 		10, 		0.1265,		3.270,		2-2
13, 15, 4, 		10, 		0.1361,		8.869,		2-2
13, 15, 5, 		10, 		0.1617,		4.981,		2-2
13, 16, 1, 		10, 		0.2294,		3.166,		1-1
13, 16, 2, 		10, 		0.1292,		2.904,		1-1
13, 16, 3, 		10, 		0.06844,		1.705,		1-1
13, 16, 4, 		10, 		0.1016,		2.775,		1-1
13, 16, 5, 		10, 		0.1923,		1.892,		1-1
14, 1, 1, 		10, 		0.2428,		1.880,		1-1
14, 1, 2, 		10, 		0.1407,		1.007,		1-1
14, 1, 3, 		10, 		0.1448,		2.465,		1-1
14, 1, 4, 		10, 		0.1528,		4.597,		1-1
14, 1, 5, 		10, 		0.1343,		0.6287,		1-1
14, 2, 1, 		10, 		0.2761,		12.56,		3-2
14, 2, 2, 		10, 		0.1961,		8.110,		3-2
14, 2, 3, 		10, 		0.2235,		11.44,		3-2
14, 2, 4, 		10, 		0.3396,		7.148,		2-2
14, 2, 5, 		10, 		0.2483,		6.168,		2-2
14, 3, 1, 		10, 		0.2994,		3.439,		2-2
14, 3, 2, 		10, 		0.1499,		5.845,		2-2
14, 3, 3, 		10, 		0.1205,		5.831,		2-2
14, 3, 4, 		10, 		0.1747,		2.718,		2-2
14, 3, 5, 		10, 		0.1983,		8.466,		3-2
14, 4, 1, 		10, 		0.2666,		8.176,		2-2
14, 4, 2, 		10, 		0.1726,		4.601,		2-2
14, 4, 3, 		10, 		0.1287,		2.877,		2-2
14, 4, 4, 		10, 		0.2005,		3.367,		2-2
14, 4, 5, 		10, 		0.2822,		10.82,		3-2
14, 5, 1, 		10, 		0.2321,		6.149,		2-2
14, 5, 2, 		10, 		0.2200,		9.308,		3-2
14, 5, 3, 		10, 		0.2208,		4.416,		2-2
14, 5, 4, 		10, 		0.2708,		4.819,		2-2
14, 5, 5, 		10, 		0.2662,		10.05,		3-2
14, 6, 1, 		10, 		0.2186,		1.794,		2-2
14, 6, 2, 		10, 		0.2208,		1.721,		2-2
14, 6, 3, 		10, 		0.1804,		5.523,		2-2
14, 6, 4, 		10, 		0.1822,		2.143,		2-2
14, 6, 5, 		10, 		0.2395,		6.006,		2-2
14, 7, 1, 		10, 		0.2129,		3.300,		2-2
14, 7, 2, 		10, 		0.2134,		5.152,		2-2
14, 7, 3, 		10, 		0.1843,		4.704,		2-2
14, 7, 4, 		10, 		0.1678,		7.193,		3-2
14, 7, 5, 		10, 		0.2038,		9.258,		2-2
14, 8, 1, 		10, 		0.2669,		13.60,		2-1
14, 8, 2, 		10, 		0.2270,		6.564,		2-2
14, 8, 3, 		10, 		0.2377,		21.88,		3-2
14, 8, 4, 		10, 		0.2567,		3.766,		2-2
14, 8, 5, 		10, 		0.2512,		4.379,		2-2
14, 9, 1, 		10, 		0.2793,		4.808,		2-2
14, 9, 2, 		10, 		0.2090,		10.76,		2-2
14, 9, 3, 		10, 		0.1666,		11.02,		2-2
14, 9, 4, 		10, 		0.1741,		6.875,		3-2
14, 9, 5, 		10, 		0.2266,		6.435,		1-1
14, 10, 1, 		10, 		0.1640,		6.789,		2-2
14, 10, 2, 		10, 		0.1626,		7.072,		2-2
14, 10, 3, 		10, 		0.1347,		13.72,		3-2
14, 10, 4, 		10, 		0.1392,		2.166,		2-2
14, 10, 5, 		10, 		0.2449,		7.500,		3-2
14, 11, 1, 		10, 		0.1527,		6.404,		3-2
14, 11, 2, 		10, 		0.1414,		2.663,		2-2
14, 11, 3, 		10, 		0.1310,		5.464,		2-2
14, 11, 4, 		10, 		0.1637,		4.147,		2-2
14, 11, 5, 		10, 		0.1849,		6.262,		2-2
14, 12, 1, 		10, 		0.1844,		9.063,		3-2
14, 12, 2, 		10, 		0.1447,		1.642,		2-2
14, 12, 3, 		10, 		0.1345,		5.457,		2-2
14, 12, 4, 		10, 		0.1129,		10.71,		3-2
14, 12, 5, 		10, 		0.1772,		13.16,		3-2
14, 13, 1, 		10, 		0.1623,		6.176,		2-2
14, 13, 2, 		10, 		0.1411,		4.580,		2-2
14, 13, 3, 		10, 		0.1496,		2.414,		2-2
14, 13, 4, 		10, 		0.1320,		1.375,		2-2
14, 13, 5, 		10, 		0.1210,		3.103,		2-2
14, 14, 1, 		10, 		0.1975,		9.015,		2-2
14, 14, 2, 		10, 		0.1404,		4.518,		2-2
14, 14, 3, 		10, 		0.1284,		6.503,		2-2
14, 14, 4, 		10, 		0.1245,		6.968,		2-2
14, 14, 5, 		10, 		0.1176,		1.964,		2-2
14, 15, 1, 		10, 		0.2573,		4.938,		2-2
14, 15, 2, 		10, 		0.1808,		3.840,		2-2
14, 15, 3, 		10, 		0.1877,		9.196,		3-2
14, 15, 4, 		10, 		0.1487,		8.853,		2-2
14, 15, 5, 		10, 		0.2297,		3.499,		2-2
14, 16, 1, 		10, 		0.09898,		1.980,		1-1
14, 16, 2, 		10, 		0.07841,		0.4623,		1-1
14, 16, 3, 		10, 		0.06135,		0.4639,		1-1
14, 16, 4, 		10, 		0.08463,		0.3835,		1-1
14, 16, 5, 		10, 		0.1200,		1.344,		1-1
15, 1, 1, 		10, 		0.2398,		0.7006,		1-1
15, 1, 2, 		10, 		0.08702,		1.496,		1-1
15, 1, 3, 		10, 		0.1099,		2.479,		1-1
15, 1, 4, 		10, 		0.1655,		14.48,		2-1
15, 1, 5, 		10, 		0.1294,		2.693,		1-1
15, 2, 1, 		10, 		0.1117,		2.028,		1-1
15, 2, 2, 		10, 		0.1439,		2.409,		1-1
15, 2, 3, 		10, 		0.1428,		1.547,		1-1
15, 2, 4, 		10, 		0.1593,		2.692,		1-1
15, 2, 5, 		10, 		0.2117,		6.234,		1-1
15, 3, 1, 		10, 		0.2846,		11.06,		3-2
15, 3, 2, 		10, 		0.1731,		6.518,		2-2
15, 3, 3, 		10, 		0.1614,		3.941,		2-2
15, 3, 4, 		10, 		0.1827,		1.569,		2-2
15, 3, 5, 		10, 		0.3289,		8.206,		3-2
15, 4, 1, 		10, 		0.2758,		9.605,		3-2
15, 4, 2, 		10, 		0.1881,		9.655,		2-2
15, 4, 3, 		10, 		0.1571,		6.033,		2-2
15, 4, 4, 		10, 		0.2338,		5.020,		2-2
15, 4, 5, 		10, 		0.3119,		6.264,		3-2
15, 5, 1, 		10, 		0.3473,		2.862,		2-2
15, 5, 2, 		10, 		0.1794,		11.05,		3-2
15, 5, 3, 		10, 		0.1680,		7.965,		2-2
15, 5, 4, 		10, 		0.2790,		6.541,		2-2
15, 5, 5, 		10, 		0.3147,		7.228,		2-2
15, 6, 1, 		10, 		0.2733,		10.51,		3-2
15, 6, 2, 		10, 		0.2174,		2.371,		2-2
15, 6, 3, 		10, 		0.1936,		7.438,		2-2
15, 6, 4, 		10, 		0.2106,		9.677,		3-2
15, 6, 5, 		10, 		0.3210,		10.67,		3-2
15, 7, 1, 		10, 		0.2962,		6.939,		1-1
15, 7, 2, 		10, 		0.3345,		4.989,		2-2
15, 7, 3, 		10, 		0.2074,		5.664,		2-2
15, 7, 4, 		10, 		0.2201,		5.875,		2-2
15, 7, 5, 		10, 		0.2317,		9.991,		2-2
15, 8, 1, 		10, 		0.2163,		2.888,		1-1
15, 8, 2, 		10, 		0.2187,		13.05,		2-1
15, 8, 3, 		10, 		0.2509,		14.08,		2-1
15, 8, 4, 		10, 		0.2709,		1.918,		1-1
15, 8, 5, 		10, 		0.3085,		10.35,		2-1
15, 9, 1, 		10, 		0.3072,		11.70,		2-1
15, 9, 2, 		10, 		0.4062,		14.13,		2-1
15, 9, 3, 		10, 		0.2758,		17.62,		2-1
15, 9, 4, 		10, 		0.3111,		5.031,		1-1
15, 9, 5, 		10, 		0.2171,		2.029,		1-1
15, 10, 1, 		10, 		0.1834,		8.140,		2-2
15, 10, 2, 		10, 		0.2243,		6.460,		2-2
15, 10, 3, 		10, 		0.1566,		7.156,		2-2
15, 10, 4, 		10, 		0.2154,		6.661,		2-2
15, 10, 5, 		10, 		0.3182,		1.617,		1-1
15, 11, 1, 		10, 		0.1909,		14.04,		3-2
15, 11, 2, 		10, 		0.1215,		3.002,		2-2
15, 11, 3, 		10, 		0.1286,		5.056,		2-2
15, 11, 4, 		10, 		0.1566,		5.224,		2-2
15, 11, 5, 		10, 		0.1764,		2.356,		2-2
15, 12, 1, 		10, 		0.1568,		3.024,		2-2
15, 12, 2, 		10, 		0.1281,		2.360,		2-2
15, 12, 3, 		10, 		0.1366,		3.186,		2-2
15, 12, 4, 		10, 		0.1324,		3.051,		2-2
15, 12, 5, 		10, 		0.1756,		2.867,		2-2
15, 13, 1, 		10, 		0.1555,		2.986,		2-2
15, 13, 2, 		10, 		0.1291,		4.237,		2-2
15, 13, 3, 		10, 		0.1436,		4.234,		2-2
15, 13, 4, 		10, 		0.09322,		11.74,		3-2
15, 13, 5, 		10, 		0.1366,		12.11,		3-2
15, 14, 1, 		10, 		0.1839,		7.235,		2-2
15, 14, 2, 		10, 		0.1420,		5.708,		2-2
15, 14, 3, 		10, 		0.1199,		5.529,		2-2
15, 14, 4, 		10, 		0.1089,		7.735,		2-2
15, 14, 5, 		10, 		0.1466,		10.52,		2-2
15, 15, 1, 		10, 		0.08567,		1.805,		1-1
15, 15, 2, 		10, 		0.05851,		2.383,		1-1
15, 15, 3, 		10, 		0.07327,		1.085,		2-1
15, 15, 4, 		10, 		0.07139,		0.1189,		2-1
15, 15, 5, 		10, 		0.08836,		1.547,		1-1
15, 16, 1, 		10, 		0.07406,		1.376,		1-1
15, 16, 2, 		10, 		0.06270,		1.025,		1-1
15, 16, 3, 		10, 		0.06268,		1.121,		1-1
15, 16, 4, 		10, 		0.07108,		1.536,		1-1
15, 16, 5, 		10, 		0.1034,		1.596,		1-1
16, 1, 1, 		10, 		0.2120,		3.980,		1-1
16, 1, 2, 		10, 		0.1601,		3.026,		1-1
16, 1, 3, 		10, 		0.1661,		1.170,		1-1
16, 1, 4, 		10, 		0.1292,		2.140,		1-1
16, 1, 5, 		10, 		0.2487,		3.738,		1-1
16, 2, 1, 		10, 		0.1302,		3.365,		1-1
16, 2, 2, 		10, 		0.1807,		1.609,		1-1
16, 2, 3, 		10, 		0.1308,		2.061,		1-1
16, 2, 4, 		10, 		0.1727,		2.318,		1-1
16, 2, 5, 		10, 		0.1988,		2.324,		1-1
16, 3, 1, 		10, 		0.1619,		3.788,		1-1
16, 3, 2, 		10, 		0.1524,		2.517,		1-1
16, 3, 3, 		10, 		0.1448,		1.968,		1-1
16, 3, 4, 		10, 		0.1554,		3.312,		1-1
16, 3, 5, 		10, 		0.1408,		3.924,		1-1
16, 4, 1, 		10, 		0.2429,		0.6520,		1-1
16, 4, 2, 		10, 		0.2369,		4.135,		1-1
16, 4, 3, 		10, 		0.2241,		1.599,		1-1
16, 4, 4, 		10, 		0.1886,		4.832,		2-1
16, 4, 5, 		10, 		0.2289,		2.347,		1-1
16, 5, 1, 		10, 		0.3812,		16.46,		3-1
16, 5, 2, 		10, 		0.2510,		3.504,		2-2
16, 5, 3, 		10, 		0.2353,		3.318,		2-2
16, 5, 4, 		10, 		0.3296,		13.82,		2-2
16, 5, 5, 		10, 		0.3671,		8.723,		2-2
16, 6, 1, 		10, 		0.3410,		18.46,		2-1
16, 6, 2, 		10, 		0.2547,		13.65,		3-2
16, 6, 3, 		10, 		0.3193,		9.631,		2-2
16, 6, 4, 		10, 		0.2345,		8.094,		3-2
16, 6, 5, 		10, 		0.2597,		13.39,		3-2
16, 7, 1, 		10, 		0.2317,		5.173,		1-1
16, 7, 2, 		10, 		0.2575,		2.809,		1-1
16, 7, 3, 		10, 		0.2937,		6.703,		1-1
16, 7, 4, 		10, 		0.3583,		9.100,		2-1
16, 7, 5, 		10, 		0.4771,		3.582,		1-1
16, 8, 1, 		10, 		0.2487,		6.292,		2-1
16, 8, 2, 		10, 		0.2780,		14.95,		2-1
16, 8, 3, 		10, 		0.2106,		14.44,		3-1
16, 8, 4, 		10, 		0.2885,		2.727,		1-1
16, 8, 5, 		10, 		0.3053,		10.69,		2-1
16, 9, 1, 		10, 		0.3106,		2.807,		1-1
16, 9, 2, 		10, 		0.2362,		12.73,		2-1
16, 9, 3, 		10, 		0.2276,		5.352,		1-1
16, 9, 4, 		10, 		0.2156,		18.03,		2-1
16, 9, 5, 		10, 		0.3013,		6.052,		2-1
16, 10, 1, 		10, 		0.3915,		5.143,		2-1
16, 10, 2, 		10, 		0.2749,		5.773,		1-1
16, 10, 3, 		10, 		0.2380,		18.71,		2-1
16, 10, 4, 		10, 		0.2994,		4.260,		2-1
16, 10, 5, 		10, 		0.3322,		4.138,		1-1
16, 11, 1, 		10, 		0.2890,		4.977,		2-2
16, 11, 2, 		10, 		0.1346,		8.498,		2-2
16, 11, 3, 		10, 		0.2107,		8.316,		2-2
16, 11, 4, 		10, 		0.2242,		2.213,		2-2
16, 11, 5, 		10, 		0.3594,		5.216,		2-1
16, 12, 1, 		10, 		0.2126,		5.873,		2-2
16, 12, 2, 		10, 		0.1579,		3.571,		2-2
16, 12, 3, 		10, 		0.2379,		7.270,		3-2
16, 12, 4, 		10, 		0.1311,		4.195,		2-2
16, 12, 5, 		10, 		0.3774,		4.064,		1-1
16, 13, 1, 		10, 		0.1967,		1.315,		2-1
16, 13, 2, 		10, 		0.1302,		2.714,		2-1
16, 13, 3, 		10, 		0.1422,		2.946,		1-1
16, 13, 4, 		10, 		0.1996,		2.949,		1-1
16, 13, 5, 		10, 		0.2867,		0.5958,		1-1
16, 14, 1, 		10, 		0.1076,		0.9857,		1-1
16, 14, 2, 		10, 		0.1243,		1.749,		2-1
16, 14, 3, 		10, 		0.08282,		2.741,		1-1
16, 14, 4, 		10, 		0.1026,		1.667,		1-1
16, 14, 5, 		10, 		0.1769,		1.640,		1-1
16, 15, 1, 		10, 		0.08007,		1.108,		1-1
16, 15, 2, 		10, 		0.06781,		3.013,		1-1
16, 15, 3, 		10, 		0.07380,		0.8169,		1-1
16, 15, 4, 		10, 		0.07083,		1.194,		1-1
16, 15, 5, 		10, 		0.07948,		1.968,		1-1
16, 16, 1, 		10, 		0.1122,		1.031,		1-1
16, 16, 2, 		10, 		0.08987,		2.206,		1-1
16, 16, 3, 		10, 		0.09994,		1.988,		1-1
16, 16, 4, 		10, 		0.1047,		2.585,		1-1
16, 16, 5, 		10, 		0.1004,		3.242,		1-1
