1, 1, 1, 		10, 		0.04608,		4.071,		1-1
1, 2, 1, 		10, 		0.04477,		0.6351,		1-1
1, 3, 1, 		10, 		0.04406,		1.860,		1-1
1, 4, 1, 		10, 		0.04578,		0.3806,		1-1
1, 5, 1, 		10, 		0.06080,		2.552,		1-1
1, 6, 1, 		10, 		0.1367,		16.10,		2-1
1, 7, 1, 		10, 		0.1170,		3.073,		2-2
1, 8, 1, 		10, 		0.1090,		3.778,		2-2
1, 9, 1, 		10, 		0.09539,		3.363,		2-2
1, 10, 1, 		10, 		0.07943,		3.259,		2-2
2, 1, 1, 		10, 		0.04474,		4.752,		1-1
2, 2, 1, 		10, 		0.05154,		1.784,		1-1
2, 3, 1, 		10, 		0.05367,		11.62,		2-1
2, 4, 1, 		10, 		0.06658,		8.145,		2-2
2, 5, 1, 		10, 		0.07427,		1.298,		2-2
2, 6, 1, 		10, 		0.1155,		11.00,		2-1
2, 7, 1, 		10, 		0.1010,		3.043,		2-2
2, 8, 1, 		10, 		0.08838,		2.930,		2-2
2, 9, 1, 		10, 		0.07622,		3.328,		2-2
2, 10, 1, 		10, 		0.07658,		3.775,		2-2
3, 1, 1, 		10, 		0.05669,		0.9588,		1-1
3, 2, 1, 		10, 		0.06198,		4.819,		1-1
3, 3, 1, 		10, 		0.09596,		7.083,		2-2
3, 4, 1, 		10, 		0.09085,		6.328,		2-2
3, 5, 1, 		10, 		0.09836,		5.398,		2-2
3, 6, 1, 		10, 		0.08088,		3.252,		2-2
3, 7, 1, 		10, 		0.1104,		7.726,		2-2
3, 8, 1, 		10, 		0.09514,		6.296,		2-2
3, 9, 1, 		10, 		0.08586,		5.546,		2-2
3, 10, 1, 		10, 		0.07953,		5.220,		2-2
4, 1, 1, 		10, 		0.08382,		10.05,		3-2
4, 2, 1, 		10, 		0.07260,		9.305,		3-2
4, 3, 1, 		10, 		0.06889,		6.837,		3-2
4, 4, 1, 		10, 		0.08173,		9.116,		3-2
4, 5, 1, 		10, 		0.08479,		1.273,		2-2
4, 6, 1, 		10, 		0.08573,		0.8010,		2-2
4, 7, 1, 		10, 		0.1036,		2.337,		2-2
4, 8, 1, 		10, 		0.1002,		2.470,		2-2
4, 9, 1, 		10, 		0.09105,		6.669,		2-2
4, 10, 1, 		10, 		0.08122,		9.380,		3-2
5, 1, 1, 		10, 		0.07570,		5.847,		2-2
5, 2, 1, 		10, 		0.07278,		4.583,		2-2
5, 3, 1, 		10, 		0.08111,		8.088,		3-2
5, 4, 1, 		10, 		0.09843,		2.639,		2-2
5, 5, 1, 		10, 		0.09465,		2.379,		3-3
5, 6, 1, 		10, 		0.09974,		2.159,		3-3
5, 7, 1, 		10, 		0.1060,		2.244,		3-3
5, 8, 1, 		10, 		0.08447,		1.660,		3-3
5, 9, 1, 		10, 		0.06542,		2.773,		3-3
5, 10, 1, 		10, 		0.09327,		3.049,		2-2
6, 1, 1, 		10, 		0.08007,		3.906,		2-2
6, 2, 1, 		10, 		0.06193,		10.36,		3-2
6, 3, 1, 		10, 		0.07172,		6.309,		2-2
6, 4, 1, 		10, 		0.09255,		4.353,		2-2
6, 5, 1, 		10, 		0.09422,		2.811,		3-3
6, 6, 1, 		10, 		0.09922,		2.237,		3-3
6, 7, 1, 		10, 		0.1004,		1.070,		3-3
6, 8, 1, 		10, 		0.05393,		3.129,		2-2
6, 9, 1, 		10, 		0.04732,		2.220,		2-2
6, 10, 1, 		10, 		0.06268,		3.936,		2-2
7, 1, 1, 		10, 		0.09519,		5.924,		2-2
7, 2, 1, 		10, 		0.06325,		10.66,		3-2
7, 3, 1, 		10, 		0.08350,		5.893,		2-2
7, 4, 1, 		10, 		0.07606,		3.552,		2-2
7, 5, 1, 		10, 		0.07841,		3.579,		3-3
7, 6, 1, 		10, 		0.08522,		2.668,		2-2
7, 7, 1, 		10, 		0.08607,		1.239,		2-2
7, 8, 1, 		10, 		0.05288,		3.557,		2-2
7, 9, 1, 		10, 		0.04368,		3.585,		2-2
7, 10, 1, 		10, 		0.05208,		4.552,		2-2
8, 1, 1, 		10, 		0.06716,		13.66,		2-2
8, 2, 1, 		10, 		0.07114,		10.99,		2-2
8, 3, 1, 		10, 		0.07266,		7.891,		2-2
8, 4, 1, 		10, 		0.06505,		2.741,		2-1
8, 5, 1, 		10, 		0.04033,		1.485,		2-2
8, 6, 1, 		10, 		0.05124,		3.908,		2-2
8, 7, 1, 		10, 		0.07220,		8.485,		3-2
8, 8, 1, 		10, 		0.06021,		4.901,		2-2
8, 9, 1, 		10, 		0.04721,		4.369,		2-2
8, 10, 1, 		10, 		0.06005,		5.497,		2-2
9, 1, 1, 		10, 		0.05735,		14.30,		2-2
9, 2, 1, 		10, 		0.05553,		13.75,		2-2
9, 3, 1, 		10, 		0.06200,		4.691,		1-1
9, 4, 1, 		10, 		0.05727,		0.6393,		1-1
9, 5, 1, 		10, 		0.04601,		1.956,		2-2
9, 6, 1, 		10, 		0.03707,		2.250,		2-1
9, 7, 1, 		10, 		0.05789,		1.600,		2-2
9, 8, 1, 		10, 		0.05831,		1.707,		2-2
9, 9, 1, 		10, 		0.05765,		2.147,		2-2
9, 10, 1, 		10, 		0.06651,		6.040,		2-2
10, 1, 1, 		10, 		0.05820,		4.654,		1-1
10, 2, 1, 		10, 		0.04765,		4.741,		1-1
10, 3, 1, 		10, 		0.04450,		5.345,		1-1
10, 4, 1, 		10, 		0.04794,		2.483,		1-1
10, 5, 1, 		10, 		0.07451,		5.536,		2-2
10, 6, 1, 		10, 		0.06805,		1.208,		1-1
10, 7, 1, 		10, 		0.08777,		2.642,		2-2
10, 8, 1, 		10, 		0.08027,		2.686,		2-2
10, 9, 1, 		10, 		0.05911,		1.965,		2-2
10, 10, 1, 		10, 		0.06127,		3.396,		2-2
