1, 1, 1, 		10, 		0.2364,		0.5788,		1-1
1, 2, 1, 		10, 		0.2495,		3.739,		1-1
1, 3, 1, 		10, 		0.2444,		0.9085,		1-1
1, 4, 1, 		10, 		0.1966,		3.504,		1-1
1, 5, 1, 		10, 		0.2976,		0.8476,		1-1
1, 6, 1, 		20, 		0.5290,		18.40,		2-1
1, 7, 1, 		10, 		0.3078,		2.326,		2-2
1, 8, 1, 		30, 		0.4214,		18.29,		3-2
1, 9, 1, 		20, 		0.5369,		2.682,		2-2
1, 10, 1, 		10, 		0.2803,		5.397,		2-2
2, 1, 1, 		10, 		0.2484,		0.8454,		1-1
2, 2, 1, 		10, 		0.2369,		2.113,		1-1
2, 3, 1, 		10, 		0.1369,		1.720,		2-1
2, 4, 1, 		20, 		0.3626,		5.015,		2-2
2, 5, 1, 		20, 		0.4127,		1.385,		2-2
2, 6, 1, 		10, 		0.4717,		1.672,		1-1
2, 7, 1, 		20, 		0.5492,		2.899,		2-2
2, 8, 1, 		10, 		0.2790,		4.685,		2-2
2, 9, 1, 		10, 		0.1928,		2.094,		2-2
2, 10, 1, 		20, 		0.5162,		3.520,		2-2
3, 1, 1, 		10, 		0.2515,		0.3628,		1-1
3, 2, 1, 		10, 		0.2521,		1.463,		1-1
3, 3, 1, 		20, 		0.4938,		4.436,		2-2
3, 4, 1, 		20, 		0.4772,		3.171,		2-2
3, 5, 1, 		20, 		0.4236,		2.289,		2-2
3, 6, 1, 		20, 		0.3420,		1.882,		2-2
3, 7, 1, 		10, 		0.3782,		3.664,		2-2
3, 8, 1, 		20, 		0.4520,		4.763,		2-2
3, 9, 1, 		20, 		0.5511,		3.765,		2-2
3, 10, 1, 		20, 		0.5245,		1.776,		2-2
4, 1, 1, 		20, 		0.3700,		3.055,		2-2
4, 2, 1, 		20, 		0.4574,		4.331,		2-2
4, 3, 1, 		20, 		0.4004,		1.824,		2-2
4, 4, 1, 		20, 		0.4818,		0.9115,		2-2
4, 5, 1, 		20, 		0.3767,		1.946,		2-2
4, 6, 1, 		20, 		0.4806,		6.374,		2-2
4, 7, 1, 		10, 		0.2845,		2.083,		2-2
4, 8, 1, 		10, 		0.2662,		1.832,		2-2
4, 9, 1, 		10, 		0.2852,		3.154,		2-2
4, 10, 1, 		20, 		0.3869,		1.194,		2-2
5, 1, 1, 		30, 		0.5115,		3.745,		2-2
5, 2, 1, 		20, 		0.3470,		3.549,		2-2
5, 3, 1, 		20, 		0.5020,		3.447,		2-2
5, 4, 1, 		20, 		0.4522,		1.167,		2-2
5, 5, 1, 		40, 		0.3869,		6.268,		3-3
5, 6, 1, 		40, 		0.3803,		5.925,		3-3
5, 7, 1, 		30, 		0.5060,		5.560,		3-3
5, 8, 1, 		50, 		0.4288,		5.005,		3-3
5, 9, 1, 		30, 		0.5680,		6.587,		2-3
5, 10, 1, 		30, 		0.4122,		3.891,		2-2
6, 1, 1, 		30, 		0.4366,		4.476,		2-2
6, 2, 1, 		20, 		0.3790,		3.072,		2-2
6, 3, 1, 		20, 		0.3982,		1.564,		2-2
6, 4, 1, 		20, 		0.3619,		4.676,		2-2
6, 5, 1, 		50, 		0.4658,		8.527,		3-3
6, 6, 1, 		40, 		0.4659,		5.289,		3-3
6, 7, 1, 		40, 		0.4793,		2.003,		3-3
6, 8, 1, 		30, 		0.3457,		3.860,		2-2
6, 9, 1, 		30, 		0.2966,		2.359,		2-2
6, 10, 1, 		40, 		0.3424,		3.875,		2-2
7, 1, 1, 		10, 		0.5097,		6.116,		1-2
7, 2, 1, 		20, 		0.4223,		6.297,		2-2
7, 3, 1, 		20, 		0.4230,		3.541,		2-2
7, 4, 1, 		20, 		0.4745,		6.354,		2-2
7, 5, 1, 		40, 		0.3286,		7.223,		3-3
7, 6, 1, 		20, 		0.4311,		3.368,		2-2
7, 7, 1, 		20, 		0.4810,		1.526,		2-2
7, 8, 1, 		40, 		0.3562,		5.158,		2-2
7, 9, 1, 		40, 		0.2910,		1.982,		2-2
7, 10, 1, 		30, 		0.4239,		3.451,		2-2
8, 1, 1, 		10, 		0.3987,		3.230,		1-2
8, 2, 1, 		10, 		0.4730,		5.573,		1-2
8, 3, 1, 		10, 		0.5537,		7.307,		1-2
8, 4, 1, 		10, 		0.2764,		1.370,		1-1
8, 5, 1, 		30, 		0.2520,		2.018,		2-2
8, 6, 1, 		50, 		0.3010,		3.759,		2-2
8, 7, 1, 		30, 		0.4059,		6.980,		2-2
8, 8, 1, 		30, 		0.4140,		4.332,		2-2
8, 9, 1, 		20, 		0.3219,		2.035,		2-2
8, 10, 1, 		30, 		0.4598,		1.020,		2-2
9, 1, 1, 		10, 		0.3040,		3.236,		1-2
9, 2, 1, 		10, 		0.3374,		3.077,		1-2
9, 3, 1, 		10, 		0.2836,		1.247,		1-1
9, 4, 1, 		10, 		0.2990,		3.650,		1-1
9, 5, 1, 		40, 		0.2772,		1.974,		2-2
9, 6, 1, 		10, 		0.1266,		3.620,		1-1
9, 7, 1, 		40, 		0.3847,		3.333,		2-2
9, 8, 1, 		30, 		0.5443,		2.086,		2-2
9, 9, 1, 		30, 		0.3744,		3.384,		2-2
9, 10, 1, 		20, 		0.3958,		5.238,		2-2
10, 1, 1, 		10, 		0.2103,		1.624,		1-1
10, 2, 1, 		10, 		0.2546,		2.573,		1-1
10, 3, 1, 		10, 		0.2962,		2.410,		1-1
10, 4, 1, 		10, 		0.2970,		3.690,		1-1
10, 5, 1, 		50, 		0.3598,		9.316,		2-2
10, 6, 1, 		20, 		0.3193,		2.725,		1-1
10, 7, 1, 		30, 		0.4405,		2.464,		2-2
10, 8, 1, 		20, 		0.4715,		2.809,		2-2
10, 9, 1, 		30, 		0.3810,		2.959,		2-2
10, 10, 1, 		30, 		0.3371,		4.194,		2-2
