1, 1, 1, 		10, 		0.1069,		0.8168,		1-1
1, 2, 1, 		10, 		0.1313,		2.294,		1-1
1, 3, 1, 		10, 		0.1141,		0.5109,		1-1
1, 4, 1, 		10, 		0.08407,		2.941,		1-1
1, 5, 1, 		10, 		0.09848,		2.249,		1-1
1, 6, 1, 		10, 		0.1986,		18.25,		3-1
1, 7, 1, 		10, 		0.2185,		3.862,		2-2
1, 8, 1, 		10, 		0.2018,		13.51,		3-2
1, 9, 1, 		10, 		0.2092,		5.890,		2-2
1, 10, 1, 		10, 		0.1396,		4.087,		2-2
2, 1, 1, 		10, 		0.1231,		9.413,		2-1
2, 2, 1, 		10, 		0.1256,		1.590,		1-1
2, 3, 1, 		10, 		0.09659,		11.42,		2-1
2, 4, 1, 		10, 		0.1176,		12.23,		3-2
2, 5, 1, 		10, 		0.1457,		7.582,		3-2
2, 6, 1, 		10, 		0.1479,		4.776,		1-1
2, 7, 1, 		10, 		0.1948,		6.187,		2-2
2, 8, 1, 		10, 		0.1845,		1.648,		2-2
2, 9, 1, 		10, 		0.1439,		4.635,		2-2
2, 10, 1, 		10, 		0.1889,		4.300,		2-2
3, 1, 1, 		10, 		0.09725,		10.83,		2-1
3, 2, 1, 		10, 		0.1193,		2.094,		1-1
3, 3, 1, 		10, 		0.1936,		8.863,		2-2
3, 4, 1, 		10, 		0.1863,		10.90,		3-2
3, 5, 1, 		10, 		0.1583,		3.500,		2-2
3, 6, 1, 		10, 		0.1747,		2.264,		2-2
3, 7, 1, 		10, 		0.2298,		12.77,		3-2
3, 8, 1, 		10, 		0.1663,		7.325,		2-2
3, 9, 1, 		10, 		0.1643,		11.24,		3-2
3, 10, 1, 		10, 		0.1449,		8.030,		2-2
4, 1, 1, 		10, 		0.1386,		7.041,		2-2
4, 2, 1, 		10, 		0.1736,		7.669,		2-2
4, 3, 1, 		10, 		0.1605,		6.914,		3-2
4, 4, 1, 		10, 		0.1959,		1.988,		2-2
4, 5, 1, 		10, 		0.1332,		3.730,		2-2
4, 6, 1, 		10, 		0.1798,		5.785,		2-2
4, 7, 1, 		10, 		0.1766,		2.668,		2-2
4, 8, 1, 		10, 		0.1590,		5.495,		2-2
4, 9, 1, 		10, 		0.1732,		5.946,		2-2
4, 10, 1, 		10, 		0.1164,		10.42,		3-2
5, 1, 1, 		10, 		0.1066,		8.098,		2-2
5, 2, 1, 		10, 		0.1154,		10.09,		3-2
5, 3, 1, 		10, 		0.2029,		13.89,		3-2
5, 4, 1, 		10, 		0.1740,		6.808,		3-2
5, 5, 1, 		10, 		0.1700,		5.737,		3-3
5, 6, 1, 		10, 		0.1955,		5.506,		3-3
5, 7, 1, 		10, 		0.2748,		5.863,		3-3
5, 8, 1, 		10, 		0.1910,		4.716,		3-3
5, 9, 1, 		10, 		0.1197,		6.165,		3-3
5, 10, 1, 		10, 		0.1918,		5.451,		2-2
6, 1, 1, 		10, 		0.1762,		3.714,		2-2
6, 2, 1, 		10, 		0.1478,		4.913,		2-2
6, 3, 1, 		10, 		0.1610,		4.286,		2-2
6, 4, 1, 		10, 		0.1669,		4.806,		2-2
6, 5, 1, 		10, 		0.1929,		9.530,		3-3
6, 6, 1, 		10, 		0.2054,		4.900,		3-3
6, 7, 1, 		10, 		0.2028,		2.192,		3-3
6, 8, 1, 		10, 		0.1231,		8.006,		2-2
6, 9, 1, 		10, 		0.09485,		3.606,		2-2
6, 10, 1, 		10, 		0.1578,		5.062,		2-2
7, 1, 1, 		10, 		0.1992,		16.00,		2-2
7, 2, 1, 		10, 		0.1542,		7.556,		2-2
7, 3, 1, 		10, 		0.1428,		7.933,		3-2
7, 4, 1, 		10, 		0.1917,		7.196,		2-2
7, 5, 1, 		10, 		0.1461,		6.753,		3-3
7, 6, 1, 		10, 		0.1490,		10.82,		3-2
7, 7, 1, 		10, 		0.1777,		2.217,		2-2
7, 8, 1, 		10, 		0.1222,		7.299,		2-2
7, 9, 1, 		10, 		0.09125,		1.054,		2-2
7, 10, 1, 		10, 		0.1325,		7.661,		3-2
8, 1, 1, 		10, 		0.1086,		15.90,		2-2
8, 2, 1, 		10, 		0.1159,		11.71,		2-2
8, 3, 1, 		10, 		0.1215,		15.73,		3-2
8, 4, 1, 		10, 		0.1305,		2.578,		1-1
8, 5, 1, 		10, 		0.1348,		0.8300,		2-2
8, 6, 1, 		10, 		0.1760,		5.588,		2-2
8, 7, 1, 		10, 		0.1898,		10.12,		2-2
8, 8, 1, 		10, 		0.1747,		3.641,		2-2
8, 9, 1, 		10, 		0.1335,		3.337,		2-2
8, 10, 1, 		10, 		0.1937,		10.38,		2-2
9, 1, 1, 		10, 		0.1128,		15.97,		2-2
9, 2, 1, 		10, 		0.1252,		2.975,		1-2
9, 3, 1, 		10, 		0.1422,		4.339,		1-1
9, 4, 1, 		10, 		0.1465,		1.575,		1-1
9, 5, 1, 		10, 		0.1385,		3.630,		2-2
9, 6, 1, 		10, 		0.07034,		3.899,		1-1
9, 7, 1, 		10, 		0.1441,		6.431,		3-2
9, 8, 1, 		10, 		0.1623,		3.834,		2-2
9, 9, 1, 		10, 		0.1567,		5.059,		2-2
9, 10, 1, 		10, 		0.1988,		4.758,		2-2
10, 1, 1, 		10, 		0.1137,		3.195,		1-1
10, 2, 1, 		10, 		0.1413,		2.718,		1-1
10, 3, 1, 		10, 		0.1228,		8.469,		2-1
10, 4, 1, 		10, 		0.1052,		2.096,		1-1
10, 5, 1, 		10, 		0.1471,		11.47,		3-2
10, 6, 1, 		10, 		0.1407,		3.781,		1-1
10, 7, 1, 		10, 		0.2234,		11.94,		2-2
10, 8, 1, 		10, 		0.2259,		5.802,		2-2
10, 9, 1, 		10, 		0.1285,		1.928,		2-2
10, 10, 1, 		10, 		0.1353,		1.885,		1-2
