1, 1, 1, 		10, 		0.4746,		3.261,		1-1
1, 1, 2, 		10, 		0.4266,		2.486,		2-1
1, 1, 3, 		10, 		0.4425,		3.904,		1-1
1, 1, 4, 		10, 		0.2717,		2.838,		2-1
1, 1, 5, 		10, 		0.3119,		1.403,		1-1
1, 2, 1, 		10, 		0.3783,		4.259,		2-1
1, 2, 2, 		10, 		0.2847,		2.749,		2-1
1, 2, 3, 		10, 		0.3882,		3.266,		1-1
1, 2, 4, 		10, 		0.3227,		5.911,		1-1
1, 2, 5, 		10, 		0.3925,		9.510,		2-1
1, 3, 1, 		10, 		0.4294,		7.190,		2-1
1, 3, 2, 		10, 		0.3764,		2.206,		1-1
1, 3, 3, 		10, 		0.4408,		7.203,		1-1
1, 3, 4, 		10, 		0.4691,		3.887,		1-1
1, 3, 5, 		10, 		0.4285,		2.112,		1-1
1, 4, 1, 		10, 		0.3039,		4.697,		2-1
1, 4, 2, 		10, 		0.3875,		9.203,		2-1
1, 4, 3, 		10, 		0.5228,		7.765,		2-1
1, 4, 4, 		10, 		0.3427,		9.319,		1-1
1, 4, 5, 		10, 		0.4696,		1.843,		1-1
1, 5, 1, 		10, 		0.4995,		12.20,		2-1
1, 5, 2, 		10, 		0.4609,		17.32,		3-2
1, 5, 3, 		10, 		0.2835,		4.676,		2-2
1, 5, 4, 		10, 		0.6353,		14.10,		2-2
1, 5, 5, 		10, 		0.4293,		6.420,		3-2
1, 6, 1, 		10, 		0.5935,		3.819,		1-1
1, 6, 2, 		10, 		0.6337,		3.621,		2-2
1, 6, 3, 		10, 		0.4890,		4.708,		2-2
1, 6, 4, 		10, 		0.5958,		19.01,		2-2
1, 6, 5, 		10, 		0.5629,		25.34,		3-2
1, 7, 1, 		10, 		0.5615,		8.774,		3-1
1, 7, 2, 		10, 		0.4462,		13.46,		2-1
1, 7, 3, 		10, 		0.4701,		2.453,		1-1
1, 7, 4, 		10, 		0.3018,		13.30,		2-1
1, 7, 5, 		10, 		0.5237,		16.61,		2-1
1, 8, 1, 		10, 		0.3995,		7.966,		2-1
1, 8, 2, 		10, 		0.4064,		5.340,		1-1
1, 8, 3, 		10, 		0.4789,		20.06,		2-1
1, 8, 4, 		10, 		0.5724,		12.48,		2-1
1, 8, 5, 		10, 		0.5165,		16.36,		3-1
1, 9, 1, 		10, 		0.4106,		3.517,		2-1
1, 9, 2, 		10, 		0.4167,		18.23,		2-1
1, 9, 3, 		10, 		0.3943,		1.474,		1-1
1, 9, 4, 		10, 		0.3735,		12.68,		2-1
1, 9, 5, 		10, 		0.4609,		4.907,		2-1
1, 10, 1, 		10, 		0.4948,		11.13,		3-1
1, 10, 2, 		10, 		0.4078,		0.2787,		1-1
1, 10, 3, 		10, 		0.5642,		7.561,		1-1
1, 10, 4, 		10, 		0.4334,		3.461,		1-1
1, 10, 5, 		10, 		0.4351,		11.07,		2-1
1, 11, 1, 		10, 		0.5759,		9.179,		2-2
1, 11, 2, 		10, 		0.5623,		9.885,		3-2
1, 11, 3, 		10, 		0.6946,		2.701,		2-2
1, 11, 4, 		10, 		0.3884,		15.85,		3-2
1, 11, 5, 		10, 		0.3437,		12.93,		2-1
1, 12, 1, 		10, 		0.5868,		5.455,		2-2
1, 12, 2, 		10, 		0.5593,		8.544,		2-2
1, 12, 3, 		10, 		0.4965,		1.658,		2-2
1, 12, 4, 		10, 		0.4048,		11.47,		2-2
1, 12, 5, 		10, 		0.5529,		11.86,		1-1
1, 13, 1, 		10, 		0.4176,		4.791,		1-1
1, 13, 2, 		10, 		0.3014,		3.213,		1-1
1, 13, 3, 		10, 		0.5673,		6.330,		2-1
1, 13, 4, 		10, 		0.4297,		10.31,		2-1
1, 13, 5, 		10, 		0.5402,		1.849,		1-1
1, 14, 1, 		10, 		0.5109,		5.293,		2-1
1, 14, 2, 		10, 		0.4807,		0.5302,		1-1
1, 14, 3, 		10, 		0.5561,		2.938,		1-1
1, 14, 4, 		10, 		0.4474,		4.406,		2-1
1, 14, 5, 		10, 		0.3624,		6.385,		1-1
1, 15, 1, 		10, 		0.4618,		13.58,		2-1
1, 15, 2, 		10, 		0.4343,		13.13,		2-1
1, 15, 3, 		10, 		0.4691,		6.218,		1-1
1, 15, 4, 		10, 		0.3990,		6.585,		2-1
1, 15, 5, 		10, 		0.3573,		2.277,		1-1
1, 16, 1, 		10, 		0.3123,		10.11,		2-1
1, 16, 2, 		10, 		0.5368,		0.7927,		2-1
1, 16, 3, 		10, 		0.3233,		5.020,		1-1
1, 16, 4, 		10, 		0.4048,		4.359,		1-1
1, 16, 5, 		10, 		0.4179,		3.884,		1-1
2, 1, 1, 		10, 		0.3738,		5.734,		2-1
2, 1, 2, 		10, 		0.3138,		2.682,		1-1
2, 1, 3, 		10, 		0.4438,		2.671,		2-1
2, 1, 4, 		10, 		0.3504,		3.724,		1-1
2, 1, 5, 		10, 		0.3470,		2.041,		1-1
2, 2, 1, 		10, 		0.3156,		5.409,		1-1
2, 2, 2, 		10, 		0.3025,		2.856,		2-1
2, 2, 3, 		10, 		0.3400,		4.380,		1-1
2, 2, 4, 		10, 		0.3418,		1.918,		1-1
2, 2, 5, 		10, 		0.2706,		9.656,		2-1
2, 3, 1, 		10, 		0.5712,		6.397,		3-2
2, 3, 2, 		10, 		0.4958,		12.38,		2-2
2, 3, 3, 		10, 		0.5440,		12.54,		3-2
2, 3, 4, 		10, 		0.6637,		5.639,		2-2
2, 3, 5, 		10, 		0.4690,		9.834,		2-2
2, 4, 1, 		10, 		0.4873,		11.10,		3-2
2, 4, 2, 		10, 		0.3402,		8.775,		3-2
2, 4, 3, 		10, 		0.4721,		6.500,		2-2
2, 4, 4, 		10, 		0.5953,		5.368,		2-2
2, 4, 5, 		10, 		0.3612,		16.84,		3-2
2, 5, 1, 		10, 		0.4561,		15.54,		3-2
2, 5, 2, 		10, 		0.3620,		5.781,		2-2
2, 5, 3, 		10, 		0.6453,		10.22,		3-2
2, 5, 4, 		10, 		0.4757,		6.677,		2-2
2, 5, 5, 		10, 		0.5498,		10.43,		2-2
2, 6, 1, 		10, 		0.5163,		4.145,		2-2
2, 6, 2, 		10, 		0.4818,		4.848,		2-2
2, 6, 3, 		10, 		0.4883,		9.124,		3-2
2, 6, 4, 		10, 		0.5427,		13.60,		3-2
2, 6, 5, 		10, 		0.4359,		8.800,		3-2
2, 7, 1, 		10, 		0.5556,		1.441,		1-1
2, 7, 2, 		10, 		0.4468,		12.26,		3-2
2, 7, 3, 		10, 		0.3421,		12.82,		3-2
2, 7, 4, 		10, 		0.3456,		11.82,		2-2
2, 7, 5, 		10, 		0.4126,		5.359,		2-2
2, 8, 1, 		10, 		0.6930,		2.911,		2-1
2, 8, 2, 		10, 		0.5463,		15.85,		2-1
2, 8, 3, 		10, 		0.4185,		7.499,		3-1
2, 8, 4, 		10, 		0.4648,		2.888,		2-1
2, 8, 5, 		10, 		0.5249,		7.452,		2-1
2, 9, 1, 		10, 		0.5165,		4.928,		1-1
2, 9, 2, 		10, 		0.4560,		5.746,		2-1
2, 9, 3, 		10, 		0.4124,		1.273,		1-1
2, 9, 4, 		10, 		0.4092,		3.630,		1-1
2, 9, 5, 		10, 		0.6659,		11.13,		3-1
2, 10, 1, 		10, 		0.4760,		8.240,		2-2
2, 10, 2, 		10, 		0.7070,		9.683,		2-2
2, 10, 3, 		10, 		0.4230,		9.642,		2-2
2, 10, 4, 		10, 		0.4765,		4.279,		2-2
2, 10, 5, 		10, 		0.3411,		4.822,		2-1
2, 11, 1, 		10, 		0.6813,		18.62,		3-2
2, 11, 2, 		10, 		0.4522,		8.412,		2-2
2, 11, 3, 		10, 		0.7040,		5.589,		2-2
2, 11, 4, 		10, 		0.5261,		9.045,		3-2
2, 11, 5, 		10, 		0.5882,		20.11,		3-2
2, 12, 1, 		10, 		0.7515,		4.407,		2-2
2, 12, 2, 		10, 		0.4736,		5.183,		2-2
2, 12, 3, 		10, 		0.6807,		5.295,		3-2
2, 12, 4, 		10, 		0.5566,		13.74,		3-2
2, 12, 5, 		10, 		0.7201,		22.82,		3-2
2, 13, 1, 		10, 		0.3592,		6.560,		2-2
2, 13, 2, 		10, 		0.5589,		16.13,		3-2
2, 13, 3, 		10, 		0.5403,		8.323,		3-2
2, 13, 4, 		10, 		0.5015,		4.675,		2-2
2, 13, 5, 		10, 		0.5603,		8.307,		2-2
2, 14, 1, 		10, 		0.5945,		10.15,		3-2
2, 14, 2, 		10, 		0.9251,		3.909,		2-2
2, 14, 3, 		10, 		0.4906,		5.676,		2-2
2, 14, 4, 		10, 		0.4822,		8.070,		3-2
2, 14, 5, 		10, 		0.4550,		8.165,		2-2
2, 15, 1, 		10, 		0.6265,		2.538,		2-1
2, 15, 2, 		10, 		0.3656,		12.31,		1-1
2, 15, 3, 		10, 		0.4823,		2.842,		1-1
2, 15, 4, 		10, 		0.3890,		1.823,		1-1
2, 15, 5, 		10, 		0.5746,		6.673,		2-1
2, 16, 1, 		10, 		0.3765,		3.948,		1-1
2, 16, 2, 		10, 		0.4493,		4.399,		1-1
2, 16, 3, 		10, 		0.4088,		10.94,		2-1
2, 16, 4, 		10, 		0.5069,		18.32,		2-1
2, 16, 5, 		10, 		0.4446,		5.203,		1-1
3, 1, 1, 		10, 		0.4183,		1.654,		2-1
3, 1, 2, 		10, 		0.3951,		4.382,		1-1
3, 1, 3, 		10, 		0.3701,		3.018,		1-1
3, 1, 4, 		10, 		0.5075,		7.117,		3-1
3, 1, 5, 		10, 		0.3944,		2.271,		2-1
3, 2, 1, 		10, 		0.4812,		12.71,		3-2
3, 2, 2, 		10, 		0.3371,		9.354,		3-2
3, 2, 3, 		10, 		0.5684,		5.113,		2-2
3, 2, 4, 		10, 		0.4345,		9.264,		2-2
3, 2, 5, 		10, 		0.6519,		17.19,		3-2
3, 3, 1, 		10, 		0.5925,		12.42,		3-2
3, 3, 2, 		10, 		0.4200,		11.89,		3-2
3, 3, 3, 		10, 		0.4395,		9.974,		2-2
3, 3, 4, 		10, 		0.4439,		8.507,		2-2
3, 3, 5, 		10, 		0.5110,		7.778,		3-2
3, 4, 1, 		10, 		0.5965,		4.371,		2-2
3, 4, 2, 		10, 		0.5035,		5.832,		2-2
3, 4, 3, 		10, 		0.4390,		6.537,		3-2
3, 4, 4, 		10, 		0.6065,		12.46,		3-2
3, 4, 5, 		10, 		0.5093,		6.224,		2-2
3, 5, 1, 		10, 		0.3130,		7.159,		3-2
3, 5, 2, 		10, 		0.4149,		18.62,		3-2
3, 5, 3, 		10, 		0.5660,		12.71,		3-2
3, 5, 4, 		10, 		0.3407,		8.659,		2-2
3, 5, 5, 		10, 		0.3629,		6.234,		2-2
3, 6, 1, 		10, 		0.5804,		3.679,		3-2
3, 6, 2, 		10, 		0.4693,		5.357,		2-2
3, 6, 3, 		10, 		0.4732,		11.92,		3-2
3, 6, 4, 		10, 		0.5164,		4.417,		3-2
3, 6, 5, 		10, 		0.5502,		5.239,		2-2
3, 7, 1, 		10, 		0.5955,		11.27,		2-2
3, 7, 2, 		10, 		0.5702,		12.37,		2-2
3, 7, 3, 		10, 		0.3702,		9.281,		2-2
3, 7, 4, 		10, 		0.5764,		19.80,		2-2
3, 7, 5, 		10, 		0.4026,		10.97,		2-2
3, 8, 1, 		10, 		0.4704,		6.595,		1-1
3, 8, 2, 		10, 		0.4941,		6.236,		2-2
3, 8, 3, 		10, 		0.5077,		21.17,		3-2
3, 8, 4, 		10, 		0.4856,		34.55,		2-2
3, 8, 5, 		10, 		0.5002,		11.40,		2-2
3, 9, 1, 		10, 		0.4395,		4.854,		2-2
3, 9, 2, 		10, 		0.8125,		18.26,		2-2
3, 9, 3, 		10, 		0.6133,		16.10,		3-2
3, 9, 4, 		10, 		0.4984,		10.09,		2-2
3, 9, 5, 		10, 		0.5479,		0.4505,		1-1
3, 10, 1, 		10, 		0.4312,		5.836,		2-2
3, 10, 2, 		10, 		0.8180,		7.045,		2-2
3, 10, 3, 		10, 		0.5899,		4.745,		2-2
3, 10, 4, 		10, 		0.5439,		13.43,		2-2
3, 10, 5, 		10, 		0.5131,		5.295,		2-2
3, 11, 1, 		10, 		0.5967,		11.73,		2-2
3, 11, 2, 		10, 		0.6335,		22.09,		3-2
3, 11, 3, 		10, 		0.6911,		2.984,		3-2
3, 11, 4, 		10, 		0.4923,		6.275,		3-2
3, 11, 5, 		10, 		0.3448,		12.32,		3-2
3, 12, 1, 		10, 		0.7206,		4.253,		2-2
3, 12, 2, 		10, 		0.6137,		8.302,		2-2
3, 12, 3, 		10, 		0.4876,		11.58,		3-2
3, 12, 4, 		10, 		0.5849,		15.29,		3-2
3, 12, 5, 		10, 		0.3767,		7.783,		2-2
3, 13, 1, 		10, 		0.3978,		10.90,		3-2
3, 13, 2, 		10, 		0.5288,		15.26,		3-2
3, 13, 3, 		10, 		0.4500,		9.569,		3-2
3, 13, 4, 		10, 		0.4367,		6.559,		2-2
3, 13, 5, 		10, 		0.6850,		7.493,		2-2
3, 14, 1, 		10, 		0.5752,		3.944,		2-2
3, 14, 2, 		10, 		0.3986,		6.376,		3-2
3, 14, 3, 		10, 		0.4864,		18.45,		3-2
3, 14, 4, 		10, 		0.4757,		15.87,		2-2
3, 14, 5, 		10, 		0.5455,		7.285,		3-2
3, 15, 1, 		10, 		0.4978,		10.30,		3-2
3, 15, 2, 		10, 		0.3777,		15.47,		3-2
3, 15, 3, 		10, 		0.6334,		5.954,		2-2
3, 15, 4, 		10, 		0.6237,		13.28,		2-2
3, 15, 5, 		10, 		0.4572,		9.140,		3-2
3, 16, 1, 		10, 		0.2841,		0.3115,		1-1
3, 16, 2, 		10, 		0.3678,		1.127,		1-1
3, 16, 3, 		10, 		0.3921,		6.643,		1-1
3, 16, 4, 		10, 		0.4219,		8.932,		2-1
3, 16, 5, 		10, 		0.5970,		4.228,		2-1
4, 1, 1, 		10, 		0.4225,		1.784,		1-1
4, 1, 2, 		10, 		0.6249,		5.072,		2-1
4, 1, 3, 		10, 		0.4127,		2.394,		1-1
4, 1, 4, 		10, 		0.3935,		1.589,		1-1
4, 1, 5, 		10, 		0.4010,		2.603,		2-1
4, 2, 1, 		10, 		0.5384,		6.845,		2-2
4, 2, 2, 		10, 		0.4571,		14.48,		2-2
4, 2, 3, 		10, 		0.3136,		8.384,		3-2
4, 2, 4, 		10, 		0.3216,		3.657,		2-2
4, 2, 5, 		10, 		0.4784,		19.85,		3-2
4, 3, 1, 		10, 		0.4691,		8.642,		3-2
4, 3, 2, 		10, 		0.5306,		5.581,		2-2
4, 3, 3, 		10, 		0.4996,		9.250,		2-2
4, 3, 4, 		10, 		0.3631,		4.438,		2-2
4, 3, 5, 		10, 		0.3821,		6.786,		2-2
4, 4, 1, 		10, 		0.3309,		13.46,		2-2
4, 4, 2, 		10, 		0.5110,		12.30,		3-2
4, 4, 3, 		10, 		0.4210,		8.611,		3-2
4, 4, 4, 		10, 		0.5013,		18.00,		3-2
4, 4, 5, 		10, 		0.3880,		12.91,		3-2
4, 5, 1, 		10, 		0.4738,		6.340,		3-2
4, 5, 2, 		10, 		0.5423,		5.260,		2-2
4, 5, 3, 		10, 		0.3552,		6.392,		2-2
4, 5, 4, 		10, 		0.4831,		3.955,		2-2
4, 5, 5, 		10, 		0.5305,		10.24,		3-2
4, 6, 1, 		10, 		0.5254,		6.215,		3-2
4, 6, 2, 		10, 		0.3356,		12.12,		3-2
4, 6, 3, 		10, 		0.3290,		14.53,		3-2
4, 6, 4, 		10, 		0.4980,		2.739,		2-2
4, 6, 5, 		10, 		0.6819,		13.60,		3-2
4, 7, 1, 		10, 		0.4669,		21.50,		3-2
4, 7, 2, 		10, 		0.3285,		10.72,		3-2
4, 7, 3, 		10, 		0.5243,		8.975,		3-2
4, 7, 4, 		10, 		0.5128,		24.46,		3-2
4, 7, 5, 		10, 		0.3550,		5.906,		3-2
4, 8, 1, 		10, 		0.5596,		11.05,		2-3
4, 8, 2, 		10, 		0.6551,		9.303,		2-3
4, 8, 3, 		10, 		0.4187,		20.17,		3-3
4, 8, 4, 		10, 		0.5376,		9.417,		2-3
4, 8, 5, 		10, 		0.3995,		14.04,		3-3
4, 9, 1, 		10, 		0.5805,		31.03,		3-3
4, 9, 2, 		10, 		0.5443,		21.69,		3-3
4, 9, 3, 		10, 		0.3447,		32.26,		3-3
4, 9, 4, 		10, 		0.4562,		26.70,		3-3
4, 9, 5, 		10, 		0.7682,		28.89,		3-3
4, 10, 1, 		10, 		0.5241,		7.792,		2-2
4, 10, 2, 		10, 		0.5211,		8.333,		3-2
4, 10, 3, 		10, 		0.5164,		12.01,		2-2
4, 10, 4, 		10, 		0.5770,		11.59,		3-2
4, 10, 5, 		10, 		0.7798,		5.719,		2-2
4, 11, 1, 		10, 		0.5320,		5.660,		2-2
4, 11, 2, 		10, 		0.4386,		4.861,		3-2
4, 11, 3, 		10, 		0.5891,		18.10,		3-2
4, 11, 4, 		10, 		0.4949,		13.21,		3-2
4, 11, 5, 		10, 		0.4431,		4.086,		2-2
4, 12, 1, 		10, 		0.5964,		13.23,		3-2
4, 12, 2, 		10, 		0.5295,		14.25,		3-2
4, 12, 3, 		10, 		0.4848,		11.14,		3-2
4, 12, 4, 		10, 		0.4290,		2.720,		2-2
4, 12, 5, 		10, 		0.4572,		18.82,		3-2
4, 13, 1, 		10, 		0.3911,		14.21,		2-2
4, 13, 2, 		10, 		0.7389,		5.519,		2-2
4, 13, 3, 		10, 		0.4416,		12.22,		2-2
4, 13, 4, 		10, 		0.3120,		14.56,		3-2
4, 13, 5, 		10, 		0.5873,		9.946,		3-2
4, 14, 1, 		10, 		0.6339,		13.76,		3-2
4, 14, 2, 		10, 		0.5385,		12.48,		2-2
4, 14, 3, 		10, 		0.4834,		8.971,		2-2
4, 14, 4, 		10, 		0.5448,		11.16,		3-2
4, 14, 5, 		10, 		0.5732,		9.873,		2-2
4, 15, 1, 		10, 		0.6484,		21.32,		3-2
4, 15, 2, 		10, 		0.5650,		14.10,		2-2
4, 15, 3, 		10, 		0.6012,		8.259,		2-2
4, 15, 4, 		10, 		0.3747,		8.122,		2-2
4, 15, 5, 		10, 		0.8869,		7.011,		2-2
4, 16, 1, 		10, 		0.3954,		7.972,		1-1
4, 16, 2, 		10, 		0.3213,		0.9317,		1-1
4, 16, 3, 		10, 		0.4598,		5.041,		2-1
4, 16, 4, 		10, 		0.5249,		2.637,		1-1
4, 16, 5, 		10, 		0.6741,		9.343,		2-1
5, 1, 1, 		10, 		0.4873,		3.380,		1-1
5, 1, 2, 		10, 		0.5150,		2.767,		3-2
5, 1, 3, 		10, 		0.3878,		15.61,		3-2
5, 1, 4, 		10, 		0.7450,		8.980,		2-2
5, 1, 5, 		10, 		0.4215,		12.59,		2-2
5, 2, 1, 		10, 		0.4068,		19.63,		3-2
5, 2, 2, 		10, 		0.4676,		8.301,		2-2
5, 2, 3, 		10, 		0.3634,		3.199,		2-2
5, 2, 4, 		10, 		0.4960,		12.82,		3-2
5, 2, 5, 		10, 		0.5124,		13.48,		3-2
5, 3, 1, 		10, 		0.4907,		8.789,		3-2
5, 3, 2, 		10, 		0.3979,		11.55,		2-2
5, 3, 3, 		10, 		0.6449,		14.94,		3-2
5, 3, 4, 		10, 		0.3300,		5.702,		2-2
5, 3, 5, 		10, 		0.6115,		11.40,		2-2
5, 4, 1, 		10, 		0.4873,		6.461,		2-2
5, 4, 2, 		10, 		0.5164,		10.40,		2-2
5, 4, 3, 		10, 		0.4984,		7.896,		2-2
5, 4, 4, 		10, 		0.3660,		11.67,		3-2
5, 4, 5, 		10, 		0.4460,		6.643,		2-2
5, 5, 1, 		10, 		0.4709,		13.98,		3-2
5, 5, 2, 		10, 		0.4164,		6.061,		2-2
5, 5, 3, 		10, 		0.4403,		12.54,		2-2
5, 5, 4, 		10, 		0.8444,		5.644,		2-2
5, 5, 5, 		10, 		0.4811,		9.296,		2-2
5, 6, 1, 		10, 		0.5074,		13.06,		3-2
5, 6, 2, 		10, 		0.3718,		2.805,		2-2
5, 6, 3, 		10, 		0.5713,		11.77,		2-2
5, 6, 4, 		10, 		0.5869,		19.68,		3-2
5, 6, 5, 		10, 		0.4931,		4.185,		2-2
5, 7, 1, 		10, 		0.4844,		26.11,		3-3
5, 7, 2, 		10, 		0.4746,		27.95,		3-3
5, 7, 3, 		10, 		0.6556,		24.91,		3-3
5, 7, 4, 		10, 		0.4932,		25.34,		3-3
5, 7, 5, 		10, 		0.4714,		18.09,		3-3
5, 8, 1, 		10, 		0.4133,		10.71,		2-3
5, 8, 2, 		10, 		0.6645,		12.95,		2-3
5, 8, 3, 		10, 		0.5542,		24.30,		3-3
5, 8, 4, 		10, 		0.4729,		14.86,		2-3
5, 8, 5, 		10, 		0.4989,		20.58,		3-3
5, 9, 1, 		10, 		0.5247,		17.66,		3-3
5, 9, 2, 		10, 		0.5078,		37.09,		3-3
5, 9, 3, 		10, 		0.6093,		7.571,		2-3
5, 9, 4, 		10, 		0.5873,		21.68,		3-3
5, 9, 5, 		10, 		0.3938,		33.50,		3-3
5, 10, 1, 		10, 		0.5101,		9.658,		2-3
5, 10, 2, 		10, 		0.5049,		6.272,		2-3
5, 10, 3, 		10, 		0.6494,		29.11,		3-3
5, 10, 4, 		10, 		0.5141,		19.51,		3-3
5, 10, 5, 		10, 		0.4595,		20.85,		3-3
5, 11, 1, 		10, 		0.3444,		11.07,		3-2
5, 11, 2, 		10, 		0.3980,		17.10,		3-2
5, 11, 3, 		10, 		0.4547,		12.20,		2-2
5, 11, 4, 		10, 		0.4044,		16.81,		3-2
5, 11, 5, 		10, 		0.6462,		8.656,		2-2
5, 12, 1, 		10, 		0.6608,		5.682,		2-2
5, 12, 2, 		10, 		0.5480,		17.09,		3-2
5, 12, 3, 		10, 		0.5214,		11.07,		3-2
5, 12, 4, 		10, 		0.4930,		7.615,		2-2
5, 12, 5, 		10, 		0.5900,		10.64,		3-2
5, 13, 1, 		10, 		0.5500,		4.370,		2-2
5, 13, 2, 		10, 		0.4775,		14.67,		3-2
5, 13, 3, 		10, 		0.3912,		11.08,		3-2
5, 13, 4, 		10, 		0.3667,		10.08,		3-2
5, 13, 5, 		10, 		0.7962,		9.497,		2-2
5, 14, 1, 		10, 		0.6722,		10.74,		2-2
5, 14, 2, 		10, 		0.4167,		7.414,		2-2
5, 14, 3, 		10, 		0.4876,		10.97,		2-2
5, 14, 4, 		10, 		0.6006,		14.35,		3-2
5, 14, 5, 		10, 		0.4715,		8.542,		2-2
5, 15, 1, 		10, 		0.6097,		4.218,		2-2
5, 15, 2, 		10, 		0.5310,		9.554,		2-2
5, 15, 3, 		10, 		0.3113,		7.747,		2-2
5, 15, 4, 		10, 		0.5707,		6.751,		3-2
5, 15, 5, 		10, 		0.6017,		7.767,		2-2
5, 16, 1, 		10, 		0.5978,		15.38,		3-2
5, 16, 2, 		10, 		0.6113,		9.441,		3-2
5, 16, 3, 		10, 		0.5165,		5.909,		2-2
5, 16, 4, 		10, 		0.5253,		5.085,		2-2
5, 16, 5, 		10, 		0.4881,		5.593,		1-1
6, 1, 1, 		10, 		0.4869,		5.058,		1-1
6, 1, 2, 		10, 		0.6517,		4.280,		2-2
6, 1, 3, 		10, 		0.5744,		6.383,		3-2
6, 1, 4, 		10, 		0.4155,		10.77,		3-2
6, 1, 5, 		10, 		0.4831,		6.663,		3-2
6, 2, 1, 		10, 		0.5248,		4.257,		2-2
6, 2, 2, 		10, 		0.4639,		6.182,		2-2
6, 2, 3, 		10, 		0.4852,		8.600,		2-2
6, 2, 4, 		10, 		0.5595,		6.507,		2-2
6, 2, 5, 		10, 		0.4048,		11.40,		3-2
6, 3, 1, 		10, 		0.5531,		7.555,		3-2
6, 3, 2, 		10, 		0.4937,		7.667,		3-2
6, 3, 3, 		10, 		0.6442,		20.42,		3-2
6, 3, 4, 		10, 		0.4301,		6.930,		2-2
6, 3, 5, 		10, 		0.4979,		13.46,		3-2
6, 4, 1, 		10, 		0.3274,		7.575,		2-2
6, 4, 2, 		10, 		0.4201,		3.220,		2-2
6, 4, 3, 		10, 		0.4706,		14.50,		3-2
6, 4, 4, 		10, 		0.5295,		4.047,		2-2
6, 4, 5, 		10, 		0.4198,		3.860,		2-2
6, 5, 1, 		10, 		0.5125,		7.609,		3-2
6, 5, 2, 		10, 		0.5499,		5.445,		2-2
6, 5, 3, 		10, 		0.4323,		11.31,		3-2
6, 5, 4, 		10, 		0.4782,		10.13,		3-2
6, 5, 5, 		10, 		0.4359,		6.334,		2-2
6, 6, 1, 		10, 		0.6446,		11.71,		2-3
6, 6, 2, 		10, 		0.6838,		3.406,		2-3
6, 6, 3, 		10, 		0.5519,		8.642,		2-3
6, 6, 4, 		10, 		0.5977,		5.645,		2-3
6, 6, 5, 		10, 		0.4423,		33.33,		3-3
6, 7, 1, 		10, 		0.4121,		13.36,		3-2
6, 7, 2, 		10, 		0.5719,		9.539,		3-2
6, 7, 3, 		10, 		0.4625,		3.444,		2-2
6, 7, 4, 		10, 		0.5024,		6.366,		3-2
6, 7, 5, 		10, 		0.5683,		8.395,		2-2
6, 8, 1, 		10, 		0.5034,		5.100,		2-2
6, 8, 2, 		10, 		0.3443,		6.209,		2-2
6, 8, 3, 		10, 		0.6953,		3.320,		2-2
6, 8, 4, 		10, 		0.6453,		11.87,		3-2
6, 8, 5, 		10, 		0.4878,		11.89,		3-2
6, 9, 1, 		10, 		0.5065,		16.06,		3-2
6, 9, 2, 		10, 		0.4387,		5.838,		2-2
6, 9, 3, 		10, 		0.3353,		6.407,		2-2
6, 9, 4, 		10, 		0.5041,		20.97,		3-2
6, 9, 5, 		10, 		0.4739,		7.627,		2-2
6, 10, 1, 		10, 		0.5196,		6.933,		2-2
6, 10, 2, 		10, 		0.5182,		6.930,		2-2
6, 10, 3, 		10, 		0.4586,		8.301,		2-2
6, 10, 4, 		10, 		0.3814,		9.595,		2-2
6, 10, 5, 		10, 		0.5859,		12.74,		3-2
6, 11, 1, 		10, 		0.4714,		8.644,		2-3
6, 11, 2, 		10, 		0.6044,		15.78,		3-3
6, 11, 3, 		10, 		0.5395,		3.015,		2-3
6, 11, 4, 		10, 		0.3385,		9.063,		2-3
6, 11, 5, 		10, 		0.5200,		18.16,		3-3
6, 12, 1, 		10, 		0.5704,		8.997,		2-2
6, 12, 2, 		10, 		0.6983,		9.741,		2-2
6, 12, 3, 		10, 		0.5908,		18.19,		3-2
6, 12, 4, 		10, 		0.5061,		4.825,		2-2
6, 12, 5, 		10, 		0.6288,		3.319,		2-2
6, 13, 1, 		10, 		0.5325,		16.94,		3-2
6, 13, 2, 		10, 		0.3317,		8.108,		3-2
6, 13, 3, 		10, 		0.3142,		12.56,		3-2
6, 13, 4, 		10, 		0.5918,		3.829,		2-2
6, 13, 5, 		10, 		0.3915,		6.802,		2-2
6, 14, 1, 		10, 		0.4877,		10.22,		3-2
6, 14, 2, 		10, 		0.5471,		7.313,		3-2
6, 14, 3, 		10, 		0.5946,		7.143,		2-2
6, 14, 4, 		10, 		0.6275,		24.49,		3-2
6, 14, 5, 		10, 		0.5143,		3.879,		2-2
6, 15, 1, 		10, 		0.4748,		17.36,		3-2
6, 15, 2, 		10, 		0.5656,		15.96,		2-2
6, 15, 3, 		10, 		0.8721,		5.306,		2-2
6, 15, 4, 		10, 		0.5130,		2.319,		2-2
6, 15, 5, 		10, 		0.5994,		14.52,		3-2
6, 16, 1, 		10, 		0.4090,		6.090,		2-2
6, 16, 2, 		10, 		0.4733,		8.181,		2-2
6, 16, 3, 		10, 		0.5461,		9.610,		3-2
6, 16, 4, 		10, 		0.6734,		11.43,		3-2
6, 16, 5, 		10, 		0.6754,		10.01,		2-1
7, 1, 1, 		10, 		0.4005,		1.618,		1-1
7, 1, 2, 		10, 		0.4474,		20.76,		3-1
7, 1, 3, 		10, 		0.5183,		2.687,		1-1
7, 1, 4, 		10, 		0.4677,		6.186,		1-1
7, 1, 5, 		10, 		0.4862,		3.068,		1-1
7, 2, 1, 		10, 		0.5527,		6.281,		1-1
7, 2, 2, 		10, 		0.4664,		15.58,		3-2
7, 2, 3, 		10, 		0.6033,		5.468,		2-2
7, 2, 4, 		10, 		0.6720,		14.44,		3-2
7, 2, 5, 		10, 		0.6013,		8.649,		2-2
7, 3, 1, 		10, 		0.4348,		17.98,		3-2
7, 3, 2, 		10, 		0.4186,		14.63,		2-2
7, 3, 3, 		10, 		0.5770,		3.370,		2-2
7, 3, 4, 		10, 		0.4068,		14.60,		2-2
7, 3, 5, 		10, 		0.3570,		17.50,		3-2
7, 4, 1, 		10, 		0.4753,		25.04,		3-2
7, 4, 2, 		10, 		0.2766,		5.837,		3-2
7, 4, 3, 		10, 		0.4549,		14.23,		3-2
7, 4, 4, 		10, 		0.5373,		9.657,		2-2
7, 4, 5, 		10, 		0.5069,		6.439,		3-2
7, 5, 1, 		10, 		0.3489,		7.896,		2-3
7, 5, 2, 		10, 		0.5443,		16.26,		3-3
7, 5, 3, 		10, 		0.6276,		5.719,		2-3
7, 5, 4, 		10, 		0.3751,		14.01,		3-3
7, 5, 5, 		10, 		0.4774,		8.741,		2-3
7, 6, 1, 		10, 		0.5229,		18.96,		3-2
7, 6, 2, 		10, 		0.3952,		3.551,		2-2
7, 6, 3, 		10, 		0.5187,		12.80,		3-2
7, 6, 4, 		10, 		0.4992,		14.15,		3-2
7, 6, 5, 		10, 		0.4042,		12.80,		3-2
7, 7, 1, 		10, 		0.4334,		4.088,		2-2
7, 7, 2, 		10, 		0.4935,		4.574,		2-2
7, 7, 3, 		10, 		0.3755,		12.84,		3-2
7, 7, 4, 		10, 		0.3780,		13.53,		3-2
7, 7, 5, 		10, 		0.5719,		14.48,		3-2
7, 8, 1, 		10, 		0.4181,		10.35,		3-2
7, 8, 2, 		10, 		0.3843,		8.523,		2-2
7, 8, 3, 		10, 		0.3786,		3.031,		2-2
7, 8, 4, 		10, 		0.4628,		9.121,		2-2
7, 8, 5, 		10, 		0.2407,		8.403,		2-2
7, 9, 1, 		10, 		0.4484,		19.33,		3-2
7, 9, 2, 		10, 		0.4423,		11.70,		2-2
7, 9, 3, 		10, 		0.3926,		11.74,		2-2
7, 9, 4, 		10, 		0.4537,		6.169,		3-2
7, 9, 5, 		10, 		0.4442,		10.22,		3-2
7, 10, 1, 		10, 		0.4656,		17.77,		3-2
7, 10, 2, 		10, 		0.4648,		4.765,		2-2
7, 10, 3, 		10, 		0.4463,		6.234,		2-2
7, 10, 4, 		10, 		0.3966,		11.26,		3-2
7, 10, 5, 		10, 		0.4240,		9.628,		2-2
7, 11, 1, 		10, 		0.4907,		11.19,		2-2
7, 11, 2, 		10, 		0.4245,		8.812,		2-2
7, 11, 3, 		10, 		0.5104,		16.86,		3-2
7, 11, 4, 		10, 		0.6371,		9.065,		2-2
7, 11, 5, 		10, 		0.5091,		12.25,		2-2
7, 12, 1, 		10, 		0.3869,		10.47,		2-3
7, 12, 2, 		10, 		0.6270,		3.216,		2-3
7, 12, 3, 		10, 		0.5035,		7.075,		2-3
7, 12, 4, 		10, 		0.4529,		24.43,		3-3
7, 12, 5, 		10, 		0.3757,		20.20,		3-3
7, 13, 1, 		10, 		0.6805,		10.20,		3-2
7, 13, 2, 		10, 		0.5379,		8.016,		3-2
7, 13, 3, 		10, 		0.5142,		5.191,		2-2
7, 13, 4, 		10, 		0.6107,		4.579,		3-2
7, 13, 5, 		10, 		0.5404,		10.90,		3-2
7, 14, 1, 		10, 		0.4572,		17.45,		3-2
7, 14, 2, 		10, 		0.4217,		3.662,		2-2
7, 14, 3, 		10, 		0.5547,		9.584,		2-2
7, 14, 4, 		10, 		0.4902,		19.38,		3-2
7, 14, 5, 		10, 		0.2958,		8.289,		2-2
7, 15, 1, 		10, 		0.5564,		10.81,		2-2
7, 15, 2, 		10, 		0.4772,		21.27,		3-2
7, 15, 3, 		10, 		0.5156,		11.34,		2-2
7, 15, 4, 		10, 		0.6159,		18.30,		3-2
7, 15, 5, 		10, 		0.4227,		13.63,		3-1
7, 16, 1, 		10, 		0.6771,		7.695,		2-1
7, 16, 2, 		10, 		0.5469,		12.34,		2-1
7, 16, 3, 		10, 		0.5436,		8.579,		2-1
7, 16, 4, 		10, 		0.4231,		13.85,		2-1
7, 16, 5, 		10, 		0.4814,		3.354,		2-1
8, 1, 1, 		10, 		0.4951,		3.260,		1-1
8, 1, 2, 		10, 		0.4999,		13.17,		3-1
8, 1, 3, 		10, 		0.4572,		8.044,		1-1
8, 1, 4, 		10, 		0.4829,		16.04,		2-1
8, 1, 5, 		10, 		0.5214,		7.113,		1-1
8, 2, 1, 		10, 		0.5800,		12.07,		2-1
8, 2, 2, 		10, 		0.3469,		4.901,		2-1
8, 2, 3, 		10, 		0.4755,		0.6267,		1-1
8, 2, 4, 		10, 		0.5564,		2.360,		1-1
8, 2, 5, 		10, 		0.5139,		15.74,		2-1
8, 3, 1, 		10, 		0.5352,		10.33,		2-1
8, 3, 2, 		10, 		0.5951,		19.10,		3-2
8, 3, 3, 		10, 		0.3679,		22.00,		3-2
8, 3, 4, 		10, 		0.4051,		10.74,		3-2
8, 3, 5, 		10, 		0.5333,		22.25,		3-2
8, 4, 1, 		10, 		0.5241,		23.59,		3-3
8, 4, 2, 		10, 		0.5895,		32.86,		3-3
8, 4, 3, 		10, 		0.5196,		22.87,		3-3
8, 4, 4, 		10, 		0.2987,		10.21,		3-3
8, 4, 5, 		10, 		0.4462,		10.20,		2-3
8, 5, 1, 		10, 		0.4310,		9.016,		2-3
8, 5, 2, 		10, 		0.5995,		11.58,		3-3
8, 5, 3, 		10, 		0.5321,		9.561,		3-3
8, 5, 4, 		10, 		0.4391,		8.199,		3-3
8, 5, 5, 		10, 		0.5633,		9.610,		2-3
8, 6, 1, 		10, 		0.4756,		9.827,		2-2
8, 6, 2, 		10, 		0.3458,		13.53,		3-2
8, 6, 3, 		10, 		0.3671,		6.541,		2-2
8, 6, 4, 		10, 		0.4829,		10.94,		2-2
8, 6, 5, 		10, 		0.4996,		12.50,		2-2
8, 7, 1, 		10, 		0.4151,		5.796,		2-2
8, 7, 2, 		10, 		0.6640,		4.581,		3-2
8, 7, 3, 		10, 		0.7223,		12.72,		2-2
8, 7, 4, 		10, 		0.3593,		8.541,		2-2
8, 7, 5, 		10, 		0.6075,		12.75,		3-2
8, 8, 1, 		10, 		0.3995,		3.162,		2-2
8, 8, 2, 		10, 		0.3400,		10.23,		3-2
8, 8, 3, 		10, 		0.4090,		8.726,		2-2
8, 8, 4, 		10, 		0.6298,		12.76,		2-2
8, 8, 5, 		10, 		0.5239,		11.99,		3-2
8, 9, 1, 		10, 		0.3650,		8.857,		3-2
8, 9, 2, 		10, 		0.4891,		9.297,		3-2
8, 9, 3, 		10, 		0.4964,		3.969,		2-2
8, 9, 4, 		10, 		0.4832,		12.98,		2-2
8, 9, 5, 		10, 		0.4223,		6.053,		2-2
8, 10, 1, 		10, 		0.3753,		3.655,		2-2
8, 10, 2, 		10, 		0.5264,		5.457,		2-2
8, 10, 3, 		10, 		0.5101,		9.858,		3-2
8, 10, 4, 		10, 		0.3892,		10.24,		2-2
8, 10, 5, 		10, 		0.4380,		8.982,		2-2
8, 11, 1, 		10, 		0.3430,		4.561,		2-2
8, 11, 2, 		10, 		0.5004,		9.540,		2-2
8, 11, 3, 		10, 		0.6225,		5.388,		3-2
8, 11, 4, 		10, 		0.3684,		8.800,		2-2
8, 11, 5, 		10, 		0.3481,		11.78,		3-2
8, 12, 1, 		10, 		0.4118,		24.57,		3-3
8, 12, 2, 		10, 		0.6554,		12.82,		2-3
8, 12, 3, 		10, 		0.3959,		7.511,		2-3
8, 12, 4, 		10, 		0.5489,		10.36,		3-3
8, 12, 5, 		10, 		0.5683,		25.72,		3-3
8, 13, 1, 		10, 		0.4781,		21.43,		3-3
8, 13, 2, 		10, 		0.7781,		7.079,		2-3
8, 13, 3, 		10, 		0.4764,		6.988,		2-3
8, 13, 4, 		10, 		0.5693,		11.85,		3-3
8, 13, 5, 		10, 		0.6730,		11.14,		2-3
8, 14, 1, 		10, 		0.4005,		2.830,		2-2
8, 14, 2, 		10, 		0.5831,		8.529,		2-2
8, 14, 3, 		10, 		0.2871,		13.36,		2-2
8, 14, 4, 		10, 		0.5336,		3.817,		2-2
8, 14, 5, 		10, 		0.4486,		5.469,		1-1
8, 15, 1, 		10, 		0.5760,		19.49,		2-1
8, 15, 2, 		10, 		0.4557,		10.04,		2-1
8, 15, 3, 		10, 		0.4960,		6.835,		1-1
8, 15, 4, 		10, 		0.3772,		6.961,		1-1
8, 15, 5, 		10, 		0.6972,		4.868,		1-1
8, 16, 1, 		10, 		0.3418,		1.957,		1-1
8, 16, 2, 		10, 		0.5826,		3.042,		1-1
8, 16, 3, 		10, 		0.4524,		7.891,		3-1
8, 16, 4, 		10, 		0.4714,		8.559,		2-1
8, 16, 5, 		10, 		0.4539,		6.461,		1-1
9, 1, 1, 		10, 		0.4683,		17.74,		2-1
9, 1, 2, 		10, 		0.4111,		12.77,		3-1
9, 1, 3, 		10, 		0.4521,		18.07,		2-1
9, 1, 4, 		10, 		0.5210,		4.743,		1-1
9, 1, 5, 		10, 		0.5099,		7.926,		1-1
9, 2, 1, 		10, 		0.6318,		14.90,		2-1
9, 2, 2, 		10, 		0.5939,		20.19,		2-1
9, 2, 3, 		10, 		0.6163,		1.492,		2-1
9, 2, 4, 		10, 		0.5743,		6.655,		1-1
9, 2, 5, 		10, 		0.4894,		5.373,		1-1
9, 3, 1, 		10, 		0.3370,		2.097,		1-1
9, 3, 2, 		10, 		0.4002,		12.85,		2-2
9, 3, 3, 		10, 		0.5689,		11.03,		3-2
9, 3, 4, 		10, 		0.5451,		22.12,		3-2
9, 3, 5, 		10, 		0.4508,		19.99,		3-2
9, 4, 1, 		10, 		0.4596,		11.32,		2-3
9, 4, 2, 		10, 		0.6926,		9.341,		3-3
9, 4, 3, 		10, 		0.4768,		18.81,		3-3
9, 4, 4, 		10, 		0.4286,		8.582,		2-3
9, 4, 5, 		10, 		0.5092,		8.839,		2-3
9, 5, 1, 		10, 		0.5060,		13.44,		2-3
9, 5, 2, 		10, 		0.3857,		28.63,		3-3
9, 5, 3, 		10, 		0.5163,		6.912,		2-3
9, 5, 4, 		10, 		0.7129,		36.33,		3-3
9, 5, 5, 		10, 		0.5769,		32.82,		3-3
9, 6, 1, 		10, 		0.4772,		6.444,		2-2
9, 6, 2, 		10, 		0.3697,		3.402,		2-2
9, 6, 3, 		10, 		0.3963,		5.319,		2-2
9, 6, 4, 		10, 		0.3885,		5.301,		2-2
9, 6, 5, 		10, 		0.4850,		14.08,		2-2
9, 7, 1, 		10, 		0.4622,		6.810,		2-2
9, 7, 2, 		10, 		0.4514,		11.52,		3-2
9, 7, 3, 		10, 		0.3902,		17.06,		3-2
9, 7, 4, 		10, 		0.6536,		11.14,		2-2
9, 7, 5, 		10, 		0.4495,		13.68,		2-2
9, 8, 1, 		10, 		0.4460,		8.698,		2-2
9, 8, 2, 		10, 		0.3469,		5.239,		2-2
9, 8, 3, 		10, 		0.3245,		8.276,		2-2
9, 8, 4, 		10, 		0.3248,		7.566,		3-2
9, 8, 5, 		10, 		0.6084,		13.01,		2-2
9, 9, 1, 		10, 		0.6241,		11.16,		2-2
9, 9, 2, 		10, 		0.2804,		17.88,		3-2
9, 9, 3, 		10, 		0.5365,		10.90,		2-2
9, 9, 4, 		10, 		0.4756,		11.52,		3-2
9, 9, 5, 		10, 		0.5908,		12.39,		3-2
9, 10, 1, 		10, 		0.5444,		9.099,		2-2
9, 10, 2, 		10, 		0.5522,		11.44,		2-2
9, 10, 3, 		10, 		0.4414,		6.831,		3-2
9, 10, 4, 		10, 		0.4873,		8.330,		3-2
9, 10, 5, 		10, 		0.5551,		7.047,		2-2
9, 11, 1, 		10, 		0.4869,		11.81,		2-2
9, 11, 2, 		10, 		0.3362,		9.984,		3-2
9, 11, 3, 		10, 		0.3021,		8.639,		2-2
9, 11, 4, 		10, 		0.3378,		5.024,		3-2
9, 11, 5, 		10, 		0.4947,		5.244,		2-2
9, 12, 1, 		10, 		0.5293,		21.57,		3-3
9, 12, 2, 		10, 		0.7681,		9.644,		2-3
9, 12, 3, 		10, 		0.4712,		8.262,		2-3
9, 12, 4, 		10, 		0.5673,		9.466,		2-3
9, 12, 5, 		10, 		0.5807,		26.15,		3-3
9, 13, 1, 		10, 		0.5983,		8.989,		2-3
9, 13, 2, 		10, 		0.4846,		30.56,		3-3
9, 13, 3, 		10, 		0.4919,		13.86,		3-3
9, 13, 4, 		10, 		0.5732,		15.90,		3-3
9, 13, 5, 		10, 		0.6311,		9.481,		2-3
9, 14, 1, 		10, 		0.6352,		10.51,		2-2
9, 14, 2, 		10, 		0.4883,		14.28,		2-2
9, 14, 3, 		10, 		0.4319,		7.974,		2-2
9, 14, 4, 		10, 		0.5713,		20.10,		2-2
9, 14, 5, 		10, 		0.3723,		3.985,		1-1
9, 15, 1, 		10, 		0.3793,		4.489,		1-1
9, 15, 2, 		10, 		0.3772,		9.316,		2-1
9, 15, 3, 		10, 		0.3949,		15.78,		3-1
9, 15, 4, 		10, 		0.4334,		17.85,		2-1
9, 15, 5, 		10, 		0.4253,		0.3013,		1-1
9, 16, 1, 		10, 		0.6630,		12.73,		2-1
9, 16, 2, 		10, 		0.5276,		3.677,		2-1
9, 16, 3, 		10, 		0.6634,		12.94,		2-1
9, 16, 4, 		10, 		0.6324,		9.096,		2-1
9, 16, 5, 		10, 		0.5732,		1.827,		1-1
10, 1, 1, 		10, 		0.5398,		6.613,		1-1
10, 1, 2, 		10, 		0.5229,		3.315,		1-1
10, 1, 3, 		10, 		0.3995,		7.427,		1-1
10, 1, 4, 		10, 		0.6864,		3.521,		1-1
10, 1, 5, 		10, 		0.3089,		21.10,		3-1
10, 2, 1, 		10, 		0.5298,		17.88,		2-1
10, 2, 2, 		10, 		0.7389,		13.35,		2-2
10, 2, 3, 		10, 		0.6594,		7.326,		3-2
10, 2, 4, 		10, 		0.6051,		3.764,		2-2
10, 2, 5, 		10, 		0.4363,		10.15,		3-2
10, 3, 1, 		10, 		0.6321,		14.42,		3-2
10, 3, 2, 		10, 		0.7598,		21.63,		3-2
10, 3, 3, 		10, 		0.4271,		15.55,		3-2
10, 3, 4, 		10, 		0.5298,		8.543,		2-2
10, 3, 5, 		10, 		0.3940,		6.915,		2-2
10, 4, 1, 		10, 		0.4940,		7.986,		2-2
10, 4, 2, 		10, 		0.5344,		6.408,		2-2
10, 4, 3, 		10, 		0.6579,		17.74,		2-2
10, 4, 4, 		10, 		0.4328,		5.018,		3-2
10, 4, 5, 		10, 		0.6775,		9.703,		2-2
10, 5, 1, 		10, 		0.5972,		4.902,		2-3
10, 5, 2, 		10, 		0.6488,		16.73,		3-3
10, 5, 3, 		10, 		0.5065,		19.50,		3-3
10, 5, 4, 		10, 		0.6139,		6.257,		2-3
10, 5, 5, 		10, 		0.6177,		28.77,		3-3
10, 6, 1, 		10, 		0.5367,		3.537,		2-2
10, 6, 2, 		10, 		0.3601,		8.453,		2-2
10, 6, 3, 		10, 		0.4452,		18.90,		3-2
10, 6, 4, 		10, 		0.4369,		6.642,		2-2
10, 6, 5, 		10, 		0.4780,		36.45,		2-2
10, 7, 1, 		10, 		0.3838,		5.734,		2-2
10, 7, 2, 		10, 		0.4656,		11.39,		2-2
10, 7, 3, 		10, 		0.4220,		7.187,		2-2
10, 7, 4, 		10, 		0.4893,		5.052,		2-2
10, 7, 5, 		10, 		0.3800,		3.280,		3-2
10, 8, 1, 		10, 		0.4292,		9.638,		2-2
10, 8, 2, 		10, 		0.3809,		6.710,		2-2
10, 8, 3, 		10, 		0.3524,		13.10,		3-2
10, 8, 4, 		10, 		0.4108,		3.573,		3-2
10, 8, 5, 		10, 		0.5636,		5.157,		2-2
10, 9, 1, 		10, 		0.4046,		8.546,		3-2
10, 9, 2, 		10, 		0.2971,		5.629,		2-2
10, 9, 3, 		10, 		0.3970,		2.448,		2-2
10, 9, 4, 		10, 		0.8409,		5.690,		3-2
10, 9, 5, 		10, 		0.3318,		18.11,		3-2
10, 10, 1, 		10, 		0.5965,		3.061,		2-2
10, 10, 2, 		10, 		0.4061,		9.031,		2-2
10, 10, 3, 		10, 		0.4694,		12.95,		3-2
10, 10, 4, 		10, 		0.5193,		8.018,		3-2
10, 10, 5, 		10, 		0.3244,		9.041,		2-2
10, 11, 1, 		10, 		0.5689,		10.57,		3-2
10, 11, 2, 		10, 		0.4728,		5.123,		2-2
10, 11, 3, 		10, 		0.3327,		4.932,		2-2
10, 11, 4, 		10, 		0.2675,		13.38,		3-2
10, 11, 5, 		10, 		0.3472,		8.662,		3-2
10, 12, 1, 		10, 		0.4843,		26.13,		3-3
10, 12, 2, 		10, 		0.4492,		30.96,		3-3
10, 12, 3, 		10, 		0.5056,		15.18,		3-3
10, 12, 4, 		10, 		0.5099,		12.55,		2-3
10, 12, 5, 		10, 		0.5306,		20.69,		3-3
10, 13, 1, 		10, 		0.4862,		7.977,		2-2
10, 13, 2, 		10, 		0.3775,		11.31,		3-2
10, 13, 3, 		10, 		0.3697,		10.16,		2-2
10, 13, 4, 		10, 		0.4482,		12.58,		2-2
10, 13, 5, 		10, 		0.4016,		14.18,		3-2
10, 14, 1, 		10, 		0.4707,		5.243,		2-2
10, 14, 2, 		10, 		0.4004,		5.712,		2-2
10, 14, 3, 		10, 		0.5386,		22.74,		3-2
10, 14, 4, 		10, 		0.4139,		8.936,		3-2
10, 14, 5, 		10, 		0.4026,		5.586,		2-2
10, 15, 1, 		10, 		0.5556,		5.027,		2-2
10, 15, 2, 		10, 		0.5061,		9.125,		2-2
10, 15, 3, 		10, 		0.4725,		11.70,		2-2
10, 15, 4, 		10, 		0.5743,		8.461,		2-2
10, 15, 5, 		10, 		0.4089,		4.237,		1-1
10, 16, 1, 		10, 		0.5389,		7.327,		2-1
10, 16, 2, 		10, 		0.4523,		13.62,		2-1
10, 16, 3, 		10, 		0.4081,		7.229,		2-1
10, 16, 4, 		10, 		0.3750,		15.62,		2-1
10, 16, 5, 		10, 		0.3854,		4.188,		1-1
11, 1, 1, 		10, 		0.3745,		15.14,		2-1
11, 1, 2, 		10, 		0.4324,		10.73,		2-2
11, 1, 3, 		10, 		0.4511,		13.83,		3-2
11, 1, 4, 		10, 		0.5474,		3.569,		2-2
11, 1, 5, 		10, 		0.5602,		13.90,		3-2
11, 2, 1, 		10, 		0.4562,		10.64,		3-2
11, 2, 2, 		10, 		0.5501,		8.688,		3-2
11, 2, 3, 		10, 		0.5277,		8.734,		3-2
11, 2, 4, 		10, 		0.6117,		14.36,		3-2
11, 2, 5, 		10, 		0.6150,		14.85,		3-2
11, 3, 1, 		10, 		0.4298,		5.368,		2-2
11, 3, 2, 		10, 		0.4650,		7.203,		2-2
11, 3, 3, 		10, 		0.4700,		7.131,		3-2
11, 3, 4, 		10, 		0.5312,		5.436,		2-2
11, 3, 5, 		10, 		0.3784,		15.32,		3-2
11, 4, 1, 		10, 		0.3429,		7.688,		2-2
11, 4, 2, 		10, 		0.4212,		14.43,		3-2
11, 4, 3, 		10, 		0.5318,		7.206,		2-2
11, 4, 4, 		10, 		0.5320,		3.834,		2-2
11, 4, 5, 		10, 		0.5501,		7.272,		2-2
11, 5, 1, 		10, 		0.5285,		15.52,		3-2
11, 5, 2, 		10, 		0.5394,		10.16,		2-2
11, 5, 3, 		10, 		0.4936,		5.086,		2-2
11, 5, 4, 		10, 		0.6042,		19.44,		3-2
11, 5, 5, 		10, 		0.6152,		18.90,		3-2
11, 6, 1, 		10, 		0.5644,		20.76,		3-3
11, 6, 2, 		10, 		0.3475,		15.72,		3-3
11, 6, 3, 		10, 		0.7253,		18.43,		3-3
11, 6, 4, 		10, 		0.3863,		4.425,		2-3
11, 6, 5, 		10, 		0.6213,		6.829,		2-3
11, 7, 1, 		10, 		0.5108,		14.69,		3-2
11, 7, 2, 		10, 		0.4220,		9.398,		2-2
11, 7, 3, 		10, 		0.4477,		5.366,		2-2
11, 7, 4, 		10, 		0.4754,		3.399,		2-2
11, 7, 5, 		10, 		0.5651,		8.036,		3-2
11, 8, 1, 		10, 		0.4355,		9.068,		2-2
11, 8, 2, 		10, 		0.4550,		15.15,		3-2
11, 8, 3, 		10, 		0.3514,		7.093,		2-2
11, 8, 4, 		10, 		0.6188,		9.309,		2-2
11, 8, 5, 		10, 		0.4391,		5.145,		3-2
11, 9, 1, 		10, 		0.4966,		6.624,		2-2
11, 9, 2, 		10, 		0.4764,		14.31,		3-2
11, 9, 3, 		10, 		0.4843,		6.411,		2-2
11, 9, 4, 		10, 		0.7006,		12.55,		3-2
11, 9, 5, 		10, 		0.4911,		9.616,		3-2
11, 10, 1, 		10, 		0.4899,		7.531,		3-2
11, 10, 2, 		10, 		0.4289,		6.045,		2-2
11, 10, 3, 		10, 		0.4626,		12.46,		3-2
11, 10, 4, 		10, 		0.3656,		7.150,		3-2
11, 10, 5, 		10, 		0.3781,		5.141,		2-2
11, 11, 1, 		10, 		0.6378,		6.353,		2-3
11, 11, 2, 		10, 		0.5756,		8.309,		2-3
11, 11, 3, 		10, 		0.4213,		23.67,		3-3
11, 11, 4, 		10, 		0.4447,		14.67,		3-3
11, 11, 5, 		10, 		0.4590,		4.425,		2-3
11, 12, 1, 		10, 		0.4623,		6.536,		3-2
11, 12, 2, 		10, 		0.5690,		2.448,		2-2
11, 12, 3, 		10, 		0.5349,		8.920,		2-2
11, 12, 4, 		10, 		0.3546,		2.686,		2-2
11, 12, 5, 		10, 		0.4734,		8.625,		2-2
11, 13, 1, 		10, 		0.7491,		7.132,		3-2
11, 13, 2, 		10, 		0.4572,		8.692,		3-2
11, 13, 3, 		10, 		0.6834,		11.69,		2-2
11, 13, 4, 		10, 		0.4545,		10.46,		2-2
11, 13, 5, 		10, 		0.6487,		11.55,		3-2
11, 14, 1, 		10, 		0.3718,		13.26,		3-2
11, 14, 2, 		10, 		0.4479,		9.391,		2-2
11, 14, 3, 		10, 		0.4770,		6.559,		3-2
11, 14, 4, 		10, 		0.4661,		6.334,		3-2
11, 14, 5, 		10, 		0.5545,		5.042,		2-2
11, 15, 1, 		10, 		0.5308,		14.56,		3-2
11, 15, 2, 		10, 		0.5589,		15.57,		2-2
11, 15, 3, 		10, 		0.6253,		11.92,		3-2
11, 15, 4, 		10, 		0.4347,		11.38,		2-2
11, 15, 5, 		10, 		0.7964,		3.994,		3-2
11, 16, 1, 		10, 		0.4115,		6.069,		2-2
11, 16, 2, 		10, 		0.3992,		9.184,		2-2
11, 16, 3, 		10, 		0.6079,		21.04,		3-2
11, 16, 4, 		10, 		0.3296,		2.729,		2-2
11, 16, 5, 		10, 		0.4220,		6.647,		2-1
12, 1, 1, 		10, 		0.5706,		17.26,		3-1
12, 1, 2, 		10, 		0.5569,		11.19,		2-2
12, 1, 3, 		10, 		0.6093,		8.751,		3-2
12, 1, 4, 		10, 		0.5301,		12.19,		2-2
12, 1, 5, 		10, 		0.4229,		12.80,		3-2
12, 2, 1, 		10, 		0.6180,		9.227,		3-2
12, 2, 2, 		10, 		0.3959,		17.52,		3-2
12, 2, 3, 		10, 		0.5827,		2.696,		2-2
12, 2, 4, 		10, 		0.6807,		10.39,		3-2
12, 2, 5, 		10, 		0.5090,		4.444,		2-2
12, 3, 1, 		10, 		0.6026,		9.368,		2-2
12, 3, 2, 		10, 		0.7158,		14.66,		2-2
12, 3, 3, 		10, 		0.6581,		9.975,		2-2
12, 3, 4, 		10, 		0.7049,		9.637,		3-2
12, 3, 5, 		10, 		0.4404,		15.33,		3-2
12, 4, 1, 		10, 		0.5585,		6.383,		2-2
12, 4, 2, 		10, 		0.4633,		10.23,		2-2
12, 4, 3, 		10, 		0.6430,		9.963,		3-2
12, 4, 4, 		10, 		0.5226,		10.96,		2-2
12, 4, 5, 		10, 		0.6635,		10.13,		3-2
12, 5, 1, 		10, 		0.5114,		13.50,		3-2
12, 5, 2, 		10, 		0.6121,		15.28,		3-2
12, 5, 3, 		10, 		0.5841,		3.420,		2-2
12, 5, 4, 		10, 		0.4852,		11.20,		2-2
12, 5, 5, 		10, 		0.6010,		12.76,		2-2
12, 6, 1, 		10, 		0.6357,		6.690,		3-2
12, 6, 2, 		10, 		0.4734,		13.34,		3-2
12, 6, 3, 		10, 		0.8309,		3.695,		2-2
12, 6, 4, 		10, 		0.3824,		9.330,		2-2
12, 6, 5, 		10, 		0.4287,		6.572,		2-2
12, 7, 1, 		10, 		0.5677,		17.49,		3-3
12, 7, 2, 		10, 		0.4634,		6.949,		2-3
12, 7, 3, 		10, 		0.4965,		30.70,		3-3
12, 7, 4, 		10, 		0.4594,		4.868,		2-3
12, 7, 5, 		10, 		0.4450,		8.797,		2-3
12, 8, 1, 		10, 		0.5732,		20.16,		3-3
12, 8, 2, 		10, 		0.4513,		11.18,		2-3
12, 8, 3, 		10, 		0.5591,		27.32,		3-3
12, 8, 4, 		10, 		0.5787,		25.30,		3-3
12, 8, 5, 		10, 		0.6321,		45.75,		3-3
12, 9, 1, 		10, 		0.5054,		23.29,		3-3
12, 9, 2, 		10, 		0.4821,		26.22,		3-3
12, 9, 3, 		10, 		0.6347,		8.156,		2-3
12, 9, 4, 		10, 		0.6637,		16.87,		3-3
12, 9, 5, 		10, 		0.3673,		15.05,		3-3
12, 10, 1, 		10, 		0.4826,		11.24,		2-3
12, 10, 2, 		10, 		0.3591,		6.579,		2-3
12, 10, 3, 		10, 		0.5248,		27.57,		3-3
12, 10, 4, 		10, 		0.5006,		5.854,		2-3
12, 10, 5, 		10, 		0.4649,		12.94,		2-3
12, 11, 1, 		10, 		0.3623,		14.88,		2-2
12, 11, 2, 		10, 		0.4392,		16.60,		3-2
12, 11, 3, 		10, 		0.5152,		7.661,		2-2
12, 11, 4, 		10, 		0.4040,		6.639,		2-2
12, 11, 5, 		10, 		0.3528,		9.223,		3-2
12, 12, 1, 		10, 		0.5292,		9.191,		2-2
12, 12, 2, 		10, 		0.5777,		11.17,		2-2
12, 12, 3, 		10, 		0.5410,		12.77,		3-2
12, 12, 4, 		10, 		0.3407,		6.869,		2-2
12, 12, 5, 		10, 		0.7123,		10.64,		2-2
12, 13, 1, 		10, 		0.5833,		9.204,		2-2
12, 13, 2, 		10, 		0.5114,		4.150,		2-2
12, 13, 3, 		10, 		0.4090,		7.360,		2-2
12, 13, 4, 		10, 		0.6798,		8.767,		2-2
12, 13, 5, 		10, 		0.6015,		11.63,		3-2
12, 14, 1, 		10, 		0.6462,		4.317,		3-2
12, 14, 2, 		10, 		0.4136,		6.755,		2-2
12, 14, 3, 		10, 		0.3325,		4.931,		2-2
12, 14, 4, 		10, 		0.4723,		3.373,		2-2
12, 14, 5, 		10, 		0.5234,		6.004,		3-2
12, 15, 1, 		10, 		0.5397,		6.246,		3-2
12, 15, 2, 		10, 		0.5296,		5.440,		2-2
12, 15, 3, 		10, 		0.4876,		7.582,		2-2
12, 15, 4, 		10, 		0.3966,		3.529,		2-2
12, 15, 5, 		10, 		0.5397,		10.85,		3-2
12, 16, 1, 		10, 		0.4733,		6.441,		2-2
12, 16, 2, 		10, 		0.5951,		7.449,		2-2
12, 16, 3, 		10, 		0.4965,		8.547,		3-2
12, 16, 4, 		10, 		0.4139,		11.11,		2-2
12, 16, 5, 		10, 		0.5643,		14.81,		2-1
13, 1, 1, 		10, 		0.4854,		12.76,		2-1
13, 1, 2, 		10, 		0.3919,		11.41,		2-1
13, 1, 3, 		10, 		0.3822,		5.345,		2-1
13, 1, 4, 		10, 		0.4083,		24.34,		3-1
13, 1, 5, 		10, 		0.4575,		2.343,		1-1
13, 2, 1, 		10, 		0.5796,		15.03,		3-2
13, 2, 2, 		10, 		0.6970,		6.778,		3-2
13, 2, 3, 		10, 		0.6222,		14.01,		3-2
13, 2, 4, 		10, 		0.3480,		10.10,		3-2
13, 2, 5, 		10, 		0.4371,		4.578,		2-2
13, 3, 1, 		10, 		0.6314,		6.586,		3-2
13, 3, 2, 		10, 		0.4997,		7.361,		2-2
13, 3, 3, 		10, 		0.5249,		6.033,		2-2
13, 3, 4, 		10, 		0.4529,		8.129,		2-2
13, 3, 5, 		10, 		0.5763,		8.271,		3-2
13, 4, 1, 		10, 		0.6380,		12.42,		3-2
13, 4, 2, 		10, 		0.3461,		12.45,		3-2
13, 4, 3, 		10, 		0.6214,		4.621,		2-2
13, 4, 4, 		10, 		0.5294,		7.352,		3-2
13, 4, 5, 		10, 		0.5480,		5.214,		2-2
13, 5, 1, 		10, 		0.6411,		9.319,		2-2
13, 5, 2, 		10, 		0.4409,		11.75,		2-2
13, 5, 3, 		10, 		0.5483,		9.660,		3-2
13, 5, 4, 		10, 		0.7727,		7.534,		2-2
13, 5, 5, 		10, 		0.6298,		13.52,		3-2
13, 6, 1, 		10, 		0.4889,		8.813,		3-2
13, 6, 2, 		10, 		0.5995,		8.734,		2-2
13, 6, 3, 		10, 		0.5169,		8.517,		3-2
13, 6, 4, 		10, 		0.7548,		10.26,		3-2
13, 6, 5, 		10, 		0.6646,		12.61,		2-2
13, 7, 1, 		10, 		0.6119,		4.229,		2-2
13, 7, 2, 		10, 		0.5558,		13.59,		2-2
13, 7, 3, 		10, 		0.4955,		7.252,		3-2
13, 7, 4, 		10, 		0.5352,		7.229,		3-2
13, 7, 5, 		10, 		0.6330,		15.23,		3-2
13, 8, 1, 		10, 		0.5394,		16.13,		3-3
13, 8, 2, 		10, 		0.4447,		7.898,		2-3
13, 8, 3, 		10, 		0.4817,		21.75,		3-3
13, 8, 4, 		10, 		0.5473,		21.70,		3-3
13, 8, 5, 		10, 		0.7300,		14.61,		2-3
13, 9, 1, 		10, 		0.7169,		34.91,		3-3
13, 9, 2, 		10, 		0.7377,		9.649,		2-3
13, 9, 3, 		10, 		0.5440,		18.96,		3-3
13, 9, 4, 		10, 		0.4355,		29.57,		3-3
13, 9, 5, 		10, 		0.5562,		16.22,		2-3
13, 10, 1, 		10, 		0.4449,		9.717,		3-2
13, 10, 2, 		10, 		0.4579,		8.002,		2-2
13, 10, 3, 		10, 		0.5845,		17.96,		3-2
13, 10, 4, 		10, 		0.6913,		4.745,		2-2
13, 10, 5, 		10, 		0.5538,		14.68,		3-2
13, 11, 1, 		10, 		0.4665,		6.955,		2-2
13, 11, 2, 		10, 		0.5004,		6.061,		2-2
13, 11, 3, 		10, 		0.4946,		2.414,		2-2
13, 11, 4, 		10, 		0.2998,		5.060,		2-2
13, 11, 5, 		10, 		0.4273,		5.448,		2-2
13, 12, 1, 		10, 		0.5013,		2.572,		2-2
13, 12, 2, 		10, 		0.4633,		5.771,		3-2
13, 12, 3, 		10, 		0.3760,		12.27,		3-2
13, 12, 4, 		10, 		0.5152,		15.03,		3-2
13, 12, 5, 		10, 		0.4629,		7.822,		2-2
13, 13, 1, 		10, 		0.4909,		12.14,		3-2
13, 13, 2, 		10, 		0.3992,		12.99,		3-2
13, 13, 3, 		10, 		0.6107,		5.154,		3-2
13, 13, 4, 		10, 		0.5459,		11.71,		3-2
13, 13, 5, 		10, 		0.4434,		9.935,		3-2
13, 14, 1, 		10, 		0.5273,		7.474,		2-2
13, 14, 2, 		10, 		0.3933,		14.04,		3-2
13, 14, 3, 		10, 		0.5329,		10.15,		3-2
13, 14, 4, 		10, 		0.4670,		7.340,		2-2
13, 14, 5, 		10, 		0.4826,		14.61,		3-2
13, 15, 1, 		10, 		0.5033,		15.39,		2-2
13, 15, 2, 		10, 		0.4978,		9.169,		2-2
13, 15, 3, 		10, 		0.4652,		9.945,		3-2
13, 15, 4, 		10, 		0.4210,		13.36,		3-2
13, 15, 5, 		10, 		0.3598,		6.372,		2-2
13, 16, 1, 		10, 		0.4963,		4.998,		1-1
13, 16, 2, 		10, 		0.4180,		6.099,		1-1
13, 16, 3, 		10, 		0.2434,		4.041,		1-1
13, 16, 4, 		10, 		0.3578,		4.766,		1-1
13, 16, 5, 		10, 		0.4123,		1.822,		1-1
14, 1, 1, 		10, 		0.5117,		2.436,		1-1
14, 1, 2, 		10, 		0.4611,		3.027,		1-1
14, 1, 3, 		10, 		0.4020,		4.173,		2-1
14, 1, 4, 		10, 		0.4473,		1.857,		1-1
14, 1, 5, 		10, 		0.3569,		2.053,		1-1
14, 2, 1, 		10, 		0.4883,		16.62,		3-2
14, 2, 2, 		10, 		0.4791,		3.498,		2-2
14, 2, 3, 		10, 		0.5299,		19.43,		3-2
14, 2, 4, 		10, 		0.6817,		16.87,		2-2
14, 2, 5, 		10, 		0.4463,		9.969,		3-2
14, 3, 1, 		10, 		0.6450,		5.840,		2-2
14, 3, 2, 		10, 		0.5077,		9.581,		3-2
14, 3, 3, 		10, 		0.3738,		7.856,		3-2
14, 3, 4, 		10, 		0.5370,		6.392,		2-2
14, 3, 5, 		10, 		0.4777,		10.09,		3-2
14, 4, 1, 		10, 		0.6729,		3.095,		2-2
14, 4, 2, 		10, 		0.5300,		4.834,		2-2
14, 4, 3, 		10, 		0.3960,		6.313,		2-2
14, 4, 4, 		10, 		0.5979,		5.873,		2-2
14, 4, 5, 		10, 		0.6252,		12.35,		3-2
14, 5, 1, 		10, 		0.5610,		7.952,		2-2
14, 5, 2, 		10, 		0.6105,		13.85,		2-2
14, 5, 3, 		10, 		0.6812,		6.469,		2-2
14, 5, 4, 		10, 		0.6681,		6.203,		2-2
14, 5, 5, 		10, 		0.5500,		12.03,		3-2
14, 6, 1, 		10, 		0.5730,		10.23,		3-2
14, 6, 2, 		10, 		0.6002,		7.424,		2-2
14, 6, 3, 		10, 		0.4104,		12.08,		3-2
14, 6, 4, 		10, 		0.4292,		9.131,		3-2
14, 6, 5, 		10, 		0.5263,		4.747,		2-2
14, 7, 1, 		10, 		0.3524,		6.567,		2-2
14, 7, 2, 		10, 		0.5933,		7.770,		3-2
14, 7, 3, 		10, 		0.5107,		9.296,		2-2
14, 7, 4, 		10, 		0.3887,		10.32,		3-2
14, 7, 5, 		10, 		0.4285,		23.59,		3-2
14, 8, 1, 		10, 		0.3787,		16.68,		2-1
14, 8, 2, 		10, 		0.4402,		8.401,		2-2
14, 8, 3, 		10, 		0.5090,		19.68,		3-2
14, 8, 4, 		10, 		0.6176,		2.995,		2-2
14, 8, 5, 		10, 		0.4469,		6.879,		2-2
14, 9, 1, 		10, 		0.4902,		4.806,		2-2
14, 9, 2, 		10, 		0.4913,		18.36,		2-2
14, 9, 3, 		10, 		0.4211,		8.972,		2-2
14, 9, 4, 		10, 		0.4763,		9.325,		2-2
14, 9, 5, 		10, 		0.2906,		8.352,		2-1
14, 10, 1, 		10, 		0.5659,		4.370,		3-2
14, 10, 2, 		10, 		0.5238,		8.276,		3-2
14, 10, 3, 		10, 		0.3378,		23.50,		3-2
14, 10, 4, 		10, 		0.4780,		6.058,		2-2
14, 10, 5, 		10, 		0.4734,		15.18,		3-2
14, 11, 1, 		10, 		0.3571,		16.94,		3-2
14, 11, 2, 		10, 		0.5427,		7.026,		2-2
14, 11, 3, 		10, 		0.4574,		13.17,		3-2
14, 11, 4, 		10, 		0.6988,		5.429,		3-2
14, 11, 5, 		10, 		0.4736,		12.36,		2-2
14, 12, 1, 		10, 		0.6434,		15.85,		2-2
14, 12, 2, 		10, 		0.6125,		2.451,		2-2
14, 12, 3, 		10, 		0.5106,		7.902,		2-2
14, 12, 4, 		10, 		0.5484,		3.135,		2-2
14, 12, 5, 		10, 		0.5375,		17.77,		3-2
14, 13, 1, 		10, 		0.4921,		14.19,		3-2
14, 13, 2, 		10, 		0.5405,		6.126,		2-2
14, 13, 3, 		10, 		0.5559,		13.15,		3-2
14, 13, 4, 		10, 		0.5934,		2.315,		2-2
14, 13, 5, 		10, 		0.3277,		8.951,		2-2
14, 14, 1, 		10, 		0.5608,		13.52,		3-2
14, 14, 2, 		10, 		0.4920,		8.401,		2-2
14, 14, 3, 		10, 		0.4782,		6.999,		3-2
14, 14, 4, 		10, 		0.5790,		6.100,		2-2
14, 14, 5, 		10, 		0.3126,		9.661,		2-2
14, 15, 1, 		10, 		0.5544,		7.891,		2-2
14, 15, 2, 		10, 		0.5687,		8.745,		2-2
14, 15, 3, 		10, 		0.5521,		16.63,		3-2
14, 15, 4, 		10, 		0.4503,		8.570,		2-2
14, 15, 5, 		10, 		0.5895,		7.828,		2-2
14, 16, 1, 		10, 		0.3287,		3.051,		1-1
14, 16, 2, 		10, 		0.3061,		4.171,		2-1
14, 16, 3, 		10, 		0.3103,		3.036,		1-1
14, 16, 4, 		10, 		0.3575,		1.526,		1-1
14, 16, 5, 		10, 		0.3175,		4.946,		2-1
15, 1, 1, 		10, 		0.6453,		16.53,		2-1
15, 1, 2, 		10, 		0.2486,		2.220,		1-1
15, 1, 3, 		10, 		0.4048,		4.410,		1-1
15, 1, 4, 		10, 		0.5077,		4.562,		2-1
15, 1, 5, 		10, 		0.2864,		4.893,		1-1
15, 2, 1, 		10, 		0.2604,		4.839,		1-1
15, 2, 2, 		10, 		0.4917,		4.553,		1-1
15, 2, 3, 		10, 		0.4876,		3.991,		2-1
15, 2, 4, 		10, 		0.3718,		7.130,		2-1
15, 2, 5, 		10, 		0.5365,		9.667,		1-1
15, 3, 1, 		10, 		0.5285,		8.519,		2-2
15, 3, 2, 		10, 		0.4738,		7.366,		2-2
15, 3, 3, 		10, 		0.5032,		5.695,		3-2
15, 3, 4, 		10, 		0.4979,		3.560,		2-2
15, 3, 5, 		10, 		0.5770,		9.905,		3-2
15, 4, 1, 		10, 		0.5670,		15.85,		3-2
15, 4, 2, 		10, 		0.5465,		11.91,		2-2
15, 4, 3, 		10, 		0.4369,		11.80,		2-2
15, 4, 4, 		10, 		0.5968,		7.190,		2-2
15, 4, 5, 		10, 		0.5552,		9.879,		3-2
15, 5, 1, 		10, 		0.6944,		3.406,		2-2
15, 5, 2, 		10, 		0.4949,		14.07,		3-2
15, 5, 3, 		10, 		0.4989,		11.03,		3-2
15, 5, 4, 		10, 		0.6700,		11.34,		2-2
15, 5, 5, 		10, 		0.5759,		12.33,		3-2
15, 6, 1, 		10, 		0.4445,		12.77,		3-2
15, 6, 2, 		10, 		0.5537,		6.067,		2-2
15, 6, 3, 		10, 		0.4888,		15.51,		3-2
15, 6, 4, 		10, 		0.7273,		11.75,		2-2
15, 6, 5, 		10, 		0.7144,		15.40,		3-2
15, 7, 1, 		10, 		0.4610,		6.152,		1-1
15, 7, 2, 		10, 		0.6397,		8.038,		2-2
15, 7, 3, 		10, 		0.4346,		3.632,		2-2
15, 7, 4, 		10, 		0.4469,		7.197,		2-2
15, 7, 5, 		10, 		0.4503,		12.00,		2-2
15, 8, 1, 		10, 		0.4803,		4.380,		1-1
15, 8, 2, 		10, 		0.4917,		13.04,		2-1
15, 8, 3, 		10, 		0.6335,		3.352,		1-1
15, 8, 4, 		10, 		0.5475,		0.9661,		1-1
15, 8, 5, 		10, 		0.5202,		9.696,		3-1
15, 9, 1, 		10, 		0.4864,		11.70,		2-1
15, 9, 2, 		10, 		0.7688,		15.14,		2-1
15, 9, 3, 		10, 		0.5101,		14.32,		2-1
15, 9, 4, 		10, 		0.5489,		14.79,		2-1
15, 9, 5, 		10, 		0.4559,		6.028,		1-1
15, 10, 1, 		10, 		0.3771,		10.14,		2-2
15, 10, 2, 		10, 		0.6330,		5.813,		3-2
15, 10, 3, 		10, 		0.3694,		7.043,		3-2
15, 10, 4, 		10, 		0.5307,		6.903,		2-2
15, 10, 5, 		10, 		0.4814,		2.764,		1-1
15, 11, 1, 		10, 		0.5405,		18.77,		3-2
15, 11, 2, 		10, 		0.3489,		4.053,		2-2
15, 11, 3, 		10, 		0.4034,		6.581,		3-2
15, 11, 4, 		10, 		0.5357,		9.477,		3-2
15, 11, 5, 		10, 		0.3735,		5.861,		2-2
15, 12, 1, 		10, 		0.5144,		4.291,		2-2
15, 12, 2, 		10, 		0.4428,		3.012,		3-2
15, 12, 3, 		10, 		0.5393,		16.13,		3-2
15, 12, 4, 		10, 		0.5259,		13.46,		2-2
15, 12, 5, 		10, 		0.4449,		8.567,		3-2
15, 13, 1, 		10, 		0.4730,		3.965,		2-2
15, 13, 2, 		10, 		0.4577,		6.143,		2-2
15, 13, 3, 		10, 		0.5487,		6.493,		2-2
15, 13, 4, 		10, 		0.2858,		13.01,		3-2
15, 13, 5, 		10, 		0.4703,		13.83,		3-2
15, 14, 1, 		10, 		0.4429,		7.053,		2-2
15, 14, 2, 		10, 		0.5558,		4.249,		2-2
15, 14, 3, 		10, 		0.4140,		11.39,		3-2
15, 14, 4, 		10, 		0.5025,		4.483,		2-2
15, 14, 5, 		10, 		0.4049,		14.83,		3-2
15, 15, 1, 		10, 		0.2958,		2.287,		1-1
15, 15, 2, 		10, 		0.2111,		5.623,		1-1
15, 15, 3, 		10, 		0.4181,		3.300,		1-1
15, 15, 4, 		10, 		0.3336,		1.551,		1-1
15, 15, 5, 		10, 		0.3420,		1.525,		2-1
15, 16, 1, 		10, 		0.3019,		16.45,		3-1
15, 16, 2, 		10, 		0.4296,		11.54,		3-1
15, 16, 3, 		10, 		0.2712,		3.069,		1-1
15, 16, 4, 		10, 		0.3894,		1.826,		1-1
15, 16, 5, 		10, 		0.3788,		0.7528,		2-1
16, 1, 1, 		10, 		0.4223,		4.295,		1-1
16, 1, 2, 		10, 		0.5759,		5.900,		1-1
16, 1, 3, 		10, 		0.5327,		2.193,		1-1
16, 1, 4, 		10, 		0.2445,		4.166,		1-1
16, 1, 5, 		10, 		0.5704,		4.547,		1-1
16, 2, 1, 		10, 		0.3369,		5.479,		1-1
16, 2, 2, 		10, 		0.6657,		1.544,		1-1
16, 2, 3, 		10, 		0.3392,		4.026,		1-1
16, 2, 4, 		10, 		0.5650,		12.34,		2-1
16, 2, 5, 		10, 		0.4402,		8.793,		2-1
16, 3, 1, 		10, 		0.3825,		10.01,		1-1
16, 3, 2, 		10, 		0.3708,		6.467,		2-1
16, 3, 3, 		10, 		0.3949,		6.081,		2-1
16, 3, 4, 		10, 		0.5154,		3.770,		1-1
16, 3, 5, 		10, 		0.3367,		4.861,		1-1
16, 4, 1, 		10, 		0.4164,		2.814,		1-1
16, 4, 2, 		10, 		0.4575,		3.900,		1-1
16, 4, 3, 		10, 		0.4226,		10.80,		2-1
16, 4, 4, 		10, 		0.3731,		6.046,		2-1
16, 4, 5, 		10, 		0.4355,		3.034,		1-1
16, 5, 1, 		10, 		0.4475,		16.03,		3-1
16, 5, 2, 		10, 		0.6646,		8.721,		2-2
16, 5, 3, 		10, 		0.4893,		3.459,		2-2
16, 5, 4, 		10, 		0.4373,		21.74,		3-2
16, 5, 5, 		10, 		0.6164,		9.610,		2-2
16, 6, 1, 		10, 		0.4358,		17.04,		2-1
16, 6, 2, 		10, 		0.4692,		16.57,		3-2
16, 6, 3, 		10, 		0.6506,		19.40,		3-2
16, 6, 4, 		10, 		0.4181,		2.842,		2-2
16, 6, 5, 		10, 		0.4370,		15.11,		3-2
16, 7, 1, 		10, 		0.4857,		6.435,		1-1
16, 7, 2, 		10, 		0.4712,		1.003,		1-1
16, 7, 3, 		10, 		0.5387,		5.554,		1-1
16, 7, 4, 		10, 		0.5993,		9.697,		2-1
16, 7, 5, 		10, 		0.6414,		3.432,		1-1
16, 8, 1, 		10, 		0.4413,		11.07,		2-1
16, 8, 2, 		10, 		0.6212,		13.43,		2-1
16, 8, 3, 		10, 		0.4339,		14.78,		2-1
16, 8, 4, 		10, 		0.5896,		4.143,		1-1
16, 8, 5, 		10, 		0.5449,		11.22,		2-1
16, 9, 1, 		10, 		0.5804,		3.891,		1-1
16, 9, 2, 		10, 		0.4658,		13.71,		2-1
16, 9, 3, 		10, 		0.5415,		4.433,		1-1
16, 9, 4, 		10, 		0.4843,		18.67,		2-1
16, 9, 5, 		10, 		0.5573,		8.425,		2-1
16, 10, 1, 		10, 		0.6108,		3.357,		1-1
16, 10, 2, 		10, 		0.4992,		6.069,		1-1
16, 10, 3, 		10, 		0.4206,		16.04,		2-1
16, 10, 4, 		10, 		0.5626,		2.242,		1-1
16, 10, 5, 		10, 		0.5286,		8.613,		1-1
16, 11, 1, 		10, 		0.5805,		6.760,		2-2
16, 11, 2, 		10, 		0.3175,		11.17,		2-2
16, 11, 3, 		10, 		0.5664,		19.96,		3-2
16, 11, 4, 		10, 		0.5318,		8.088,		2-2
16, 11, 5, 		10, 		0.4768,		4.088,		2-1
16, 12, 1, 		10, 		0.4848,		8.645,		2-2
16, 12, 2, 		10, 		0.4550,		2.455,		2-2
16, 12, 3, 		10, 		0.7222,		7.155,		2-2
16, 12, 4, 		10, 		0.2696,		7.772,		2-2
16, 12, 5, 		10, 		0.4772,		3.835,		1-1
16, 13, 1, 		10, 		0.4550,		1.670,		2-1
16, 13, 2, 		10, 		0.3547,		4.624,		2-1
16, 13, 3, 		10, 		0.3998,		3.716,		1-1
16, 13, 4, 		10, 		0.5264,		5.637,		1-1
16, 13, 5, 		10, 		0.5004,		0.8433,		1-1
16, 14, 1, 		10, 		0.2817,		1.115,		1-1
16, 14, 2, 		10, 		0.4986,		1.996,		2-1
16, 14, 3, 		10, 		0.2419,		6.065,		1-1
16, 14, 4, 		10, 		0.2825,		0.6485,		2-1
16, 14, 5, 		10, 		0.4676,		6.369,		2-1
16, 15, 1, 		10, 		0.3338,		1.778,		2-1
16, 15, 2, 		10, 		0.3979,		8.210,		1-1
16, 15, 3, 		10, 		0.3778,		4.069,		2-1
16, 15, 4, 		10, 		0.3457,		5.480,		2-1
16, 15, 5, 		10, 		0.2960,		5.527,		1-1
16, 16, 1, 		10, 		0.3094,		1.330,		1-1
16, 16, 2, 		10, 		0.3872,		2.918,		1-1
16, 16, 3, 		10, 		0.4243,		5.752,		2-1
16, 16, 4, 		10, 		0.3170,		7.303,		1-1
16, 16, 5, 		10, 		0.2631,		4.487,		1-1
