1, 1, 1, 		10, 		0.02102,		0.6860,		1-1
1, 1, 2, 		10, 		0.01355,		0.5353,		1-1
1, 1, 3, 		10, 		0.01104,		0.5556,		1-1
1, 1, 4, 		10, 		0.02895,		3.901,		1-1
1, 1, 5, 		10, 		0.02154,		0.8452,		1-1
1, 2, 1, 		10, 		0.02112,		2.514,		1-1
1, 2, 2, 		10, 		0.01338,		0.2815,		1-1
1, 2, 3, 		10, 		0.02912,		7.815,		2-1
1, 2, 4, 		10, 		0.01415,		0.4354,		1-1
1, 2, 5, 		10, 		0.01607,		0.4468,		1-1
1, 3, 1, 		10, 		0.02619,		0.4124,		1-1
1, 3, 2, 		10, 		0.02072,		3.398,		1-1
1, 3, 3, 		10, 		0.01707,		0.5259,		1-1
1, 3, 4, 		10, 		0.01573,		0.4902,		1-1
1, 3, 5, 		10, 		0.02149,		0.3349,		1-1
1, 4, 1, 		10, 		0.03318,		5.678,		1-1
1, 4, 2, 		10, 		0.03063,		0.7468,		1-1
1, 4, 3, 		10, 		0.02656,		3.227,		1-1
1, 4, 4, 		10, 		0.03809,		10.23,		2-1
1, 4, 5, 		10, 		0.02436,		1.295,		1-1
1, 5, 1, 		10, 		0.1121,		15.79,		2-1
1, 5, 2, 		10, 		0.04964,		7.154,		2-2
1, 5, 3, 		10, 		0.04849,		5.556,		2-2
1, 5, 4, 		10, 		0.05288,		3.817,		2-2
1, 5, 5, 		10, 		0.06577,		3.736,		2-2
1, 6, 1, 		10, 		0.1062,		11.34,		2-1
1, 6, 2, 		10, 		0.07876,		9.241,		2-2
1, 6, 3, 		10, 		0.05666,		4.358,		2-2
1, 6, 4, 		10, 		0.06191,		3.062,		2-2
1, 6, 5, 		10, 		0.07434,		2.653,		2-2
1, 7, 1, 		10, 		0.1089,		13.77,		2-1
1, 7, 2, 		10, 		0.1079,		8.289,		2-1
1, 7, 3, 		10, 		0.09928,		12.63,		3-1
1, 7, 4, 		10, 		0.08232,		10.38,		3-1
1, 7, 5, 		10, 		0.08502,		12.17,		3-1
1, 8, 1, 		10, 		0.09243,		15.12,		3-1
1, 8, 2, 		10, 		0.09841,		14.73,		2-1
1, 8, 3, 		10, 		0.08890,		18.90,		3-1
1, 8, 4, 		10, 		0.07846,		16.64,		2-1
1, 8, 5, 		10, 		0.07454,		16.40,		2-1
1, 9, 1, 		10, 		0.09642,		16.18,		3-1
1, 9, 2, 		10, 		0.09676,		19.07,		3-1
1, 9, 3, 		10, 		0.09629,		19.77,		3-1
1, 9, 4, 		10, 		0.1043,		15.68,		2-1
1, 9, 5, 		10, 		0.1058,		18.04,		3-1
1, 10, 1, 		10, 		0.1081,		12.10,		2-1
1, 10, 2, 		10, 		0.1225,		12.26,		2-1
1, 10, 3, 		10, 		0.1392,		9.047,		2-1
1, 10, 4, 		10, 		0.1322,		14.33,		3-1
1, 10, 5, 		10, 		0.1237,		15.97,		3-1
1, 11, 1, 		10, 		0.1056,		4.709,		2-2
1, 11, 2, 		10, 		0.1048,		4.579,		2-2
1, 11, 3, 		10, 		0.09680,		7.816,		3-2
1, 11, 4, 		10, 		0.1121,		5.754,		2-2
1, 11, 5, 		10, 		0.1259,		13.53,		2-1
1, 12, 1, 		10, 		0.08645,		3.086,		2-2
1, 12, 2, 		10, 		0.09686,		2.702,		2-2
1, 12, 3, 		10, 		0.1046,		3.315,		2-2
1, 12, 4, 		10, 		0.1059,		4.900,		2-2
1, 12, 5, 		10, 		0.1241,		16.23,		3-1
1, 13, 1, 		10, 		0.07342,		4.697,		1-1
1, 13, 2, 		10, 		0.06120,		5.871,		1-1
1, 13, 3, 		10, 		0.06623,		5.486,		1-1
1, 13, 4, 		10, 		0.07851,		4.513,		1-1
1, 13, 5, 		10, 		0.06648,		8.056,		2-1
1, 14, 1, 		10, 		0.06905,		6.664,		2-1
1, 14, 2, 		10, 		0.05845,		13.25,		2-1
1, 14, 3, 		10, 		0.06312,		8.834,		2-1
1, 14, 4, 		10, 		0.07268,		1.154,		1-1
1, 14, 5, 		10, 		0.06418,		5.007,		1-1
1, 15, 1, 		10, 		0.06395,		6.100,		1-1
1, 15, 2, 		10, 		0.06146,		7.808,		2-1
1, 15, 3, 		10, 		0.06505,		2.568,		1-1
1, 15, 4, 		10, 		0.05698,		10.53,		2-1
1, 15, 5, 		10, 		0.05702,		14.95,		2-1
1, 16, 1, 		10, 		0.05516,		9.940,		2-1
1, 16, 2, 		10, 		0.06250,		8.258,		2-1
1, 16, 3, 		10, 		0.05883,		10.55,		2-1
1, 16, 4, 		10, 		0.06050,		9.994,		2-1
1, 16, 5, 		10, 		0.06206,		8.735,		2-1
2, 1, 1, 		10, 		0.01345,		0.3902,		1-1
2, 1, 2, 		10, 		0.01403,		0.4291,		1-1
2, 1, 3, 		10, 		0.01404,		0.6861,		1-1
2, 1, 4, 		10, 		0.01375,		0.5708,		1-1
2, 1, 5, 		10, 		0.01730,		0.8963,		1-1
2, 2, 1, 		10, 		0.01741,		0.6763,		1-1
2, 2, 2, 		10, 		0.01805,		0.7648,		1-1
2, 2, 3, 		10, 		0.01817,		0.8543,		1-1
2, 2, 4, 		10, 		0.01622,		0.5999,		1-1
2, 2, 5, 		10, 		0.02145,		0.6601,		1-1
2, 3, 1, 		10, 		0.06409,		7.041,		3-2
2, 3, 2, 		10, 		0.05876,		1.135,		2-2
2, 3, 3, 		10, 		0.05047,		9.427,		3-2
2, 3, 4, 		10, 		0.05398,		9.147,		3-2
2, 3, 5, 		10, 		0.06045,		7.412,		2-2
2, 4, 1, 		10, 		0.05730,		8.621,		3-2
2, 4, 2, 		10, 		0.05435,		7.922,		3-2
2, 4, 3, 		10, 		0.05351,		7.732,		3-2
2, 4, 4, 		10, 		0.05772,		7.153,		3-2
2, 4, 5, 		10, 		0.06270,		4.433,		2-2
2, 5, 1, 		10, 		0.05727,		9.154,		3-2
2, 5, 2, 		10, 		0.05247,		5.740,		2-2
2, 5, 3, 		10, 		0.05161,		6.777,		3-2
2, 5, 4, 		10, 		0.05686,		4.459,		2-2
2, 5, 5, 		10, 		0.06310,		12.25,		2-2
2, 6, 1, 		10, 		0.05681,		8.961,		3-2
2, 6, 2, 		10, 		0.05530,		8.433,		3-2
2, 6, 3, 		10, 		0.05958,		6.110,		2-2
2, 6, 4, 		10, 		0.06313,		3.427,		2-2
2, 6, 5, 		10, 		0.06785,		5.448,		2-2
2, 7, 1, 		10, 		0.1132,		8.420,		2-1
2, 7, 2, 		10, 		0.06703,		10.98,		3-2
2, 7, 3, 		10, 		0.06492,		6.395,		2-2
2, 7, 4, 		10, 		0.07102,		6.311,		2-2
2, 7, 5, 		10, 		0.06995,		3.327,		2-2
2, 8, 1, 		10, 		0.09906,		16.78,		2-1
2, 8, 2, 		10, 		0.1033,		18.75,		2-1
2, 8, 3, 		10, 		0.09295,		16.03,		3-1
2, 8, 4, 		10, 		0.08736,		12.03,		2-1
2, 8, 5, 		10, 		0.09104,		11.25,		2-1
2, 9, 1, 		10, 		0.09860,		14.91,		3-1
2, 9, 2, 		10, 		0.1022,		14.50,		3-1
2, 9, 3, 		10, 		0.1012,		14.66,		3-1
2, 9, 4, 		10, 		0.1049,		12.92,		3-1
2, 9, 5, 		10, 		0.1007,		13.04,		2-1
2, 10, 1, 		10, 		0.09950,		2.151,		2-2
2, 10, 2, 		10, 		0.1022,		10.83,		3-2
2, 10, 3, 		10, 		0.1069,		7.919,		2-2
2, 10, 4, 		10, 		0.1067,		3.445,		2-2
2, 10, 5, 		10, 		0.09596,		11.97,		3-1
2, 11, 1, 		10, 		0.1048,		3.053,		2-2
2, 11, 2, 		10, 		0.1008,		5.121,		2-2
2, 11, 3, 		10, 		0.09553,		4.596,		2-2
2, 11, 4, 		10, 		0.09895,		6.016,		2-2
2, 11, 5, 		10, 		0.09535,		5.951,		2-2
2, 12, 1, 		10, 		0.09052,		9.413,		3-2
2, 12, 2, 		10, 		0.1003,		4.764,		2-2
2, 12, 3, 		10, 		0.09916,		3.907,		2-2
2, 12, 4, 		10, 		0.1018,		3.671,		2-2
2, 12, 5, 		10, 		0.1011,		3.209,		2-2
2, 13, 1, 		10, 		0.09164,		8.184,		3-2
2, 13, 2, 		10, 		0.09477,		5.031,		2-2
2, 13, 3, 		10, 		0.09377,		6.886,		3-2
2, 13, 4, 		10, 		0.08778,		4.920,		2-2
2, 13, 5, 		10, 		0.09315,		4.756,		2-2
2, 14, 1, 		10, 		0.09679,		3.778,		2-2
2, 14, 2, 		10, 		0.1109,		2.550,		2-2
2, 14, 3, 		10, 		0.09922,		7.796,		2-2
2, 14, 4, 		10, 		0.09495,		11.80,		3-2
2, 14, 5, 		10, 		0.1107,		9.253,		3-2
2, 15, 1, 		10, 		0.07881,		1.685,		1-1
2, 15, 2, 		10, 		0.07199,		10.01,		2-1
2, 15, 3, 		10, 		0.06584,		1.338,		1-1
2, 15, 4, 		10, 		0.06849,		5.264,		1-1
2, 15, 5, 		10, 		0.06238,		9.068,		2-1
2, 16, 1, 		10, 		0.06283,		5.018,		1-1
2, 16, 2, 		10, 		0.06720,		13.21,		2-1
2, 16, 3, 		10, 		0.06191,		1.640,		1-1
2, 16, 4, 		10, 		0.06007,		2.661,		1-1
2, 16, 5, 		10, 		0.06476,		2.606,		1-1
3, 1, 1, 		10, 		0.01653,		0.4065,		1-1
3, 1, 2, 		10, 		0.01506,		0.3315,		1-1
3, 1, 3, 		10, 		0.03600,		9.432,		2-1
3, 1, 4, 		10, 		0.01784,		0.4221,		1-1
3, 1, 5, 		10, 		0.02514,		0.6208,		1-1
3, 2, 1, 		10, 		0.06195,		3.895,		2-2
3, 2, 2, 		10, 		0.06326,		5.619,		2-2
3, 2, 3, 		10, 		0.05301,		9.453,		3-2
3, 2, 4, 		10, 		0.04782,		5.580,		2-2
3, 2, 5, 		10, 		0.04735,		7.428,		3-2
3, 3, 1, 		10, 		0.06005,		8.644,		3-2
3, 3, 2, 		10, 		0.05915,		8.028,		3-2
3, 3, 3, 		10, 		0.05382,		8.136,		3-2
3, 3, 4, 		10, 		0.05388,		8.587,		3-2
3, 3, 5, 		10, 		0.05794,		6.847,		2-2
3, 4, 1, 		10, 		0.06050,		6.565,		2-2
3, 4, 2, 		10, 		0.05601,		7.844,		3-2
3, 4, 3, 		10, 		0.06098,		5.658,		2-2
3, 4, 4, 		10, 		0.06543,		5.625,		2-2
3, 4, 5, 		10, 		0.06692,		9.085,		3-2
3, 5, 1, 		10, 		0.05706,		2.777,		3-2
3, 5, 2, 		10, 		0.05590,		7.620,		3-2
3, 5, 3, 		10, 		0.05288,		6.262,		2-2
3, 5, 4, 		10, 		0.06274,		9.958,		3-2
3, 5, 5, 		10, 		0.06568,		8.293,		3-2
3, 6, 1, 		10, 		0.05042,		7.053,		3-2
3, 6, 2, 		10, 		0.05968,		6.227,		2-2
3, 6, 3, 		10, 		0.06033,		5.072,		2-2
3, 6, 4, 		10, 		0.06207,		6.142,		2-2
3, 6, 5, 		10, 		0.06436,		5.102,		2-2
3, 7, 1, 		10, 		0.05203,		5.493,		2-2
3, 7, 2, 		10, 		0.05659,		5.229,		2-2
3, 7, 3, 		10, 		0.06018,		5.965,		3-2
3, 7, 4, 		10, 		0.06265,		8.030,		3-2
3, 7, 5, 		10, 		0.06198,		2.490,		2-2
3, 8, 1, 		10, 		0.1287,		12.22,		3-1
3, 8, 2, 		10, 		0.07269,		6.639,		3-2
3, 8, 3, 		10, 		0.06960,		6.637,		3-2
3, 8, 4, 		10, 		0.06559,		6.095,		3-2
3, 8, 5, 		10, 		0.06526,		3.788,		2-2
3, 9, 1, 		10, 		0.09915,		5.406,		2-2
3, 9, 2, 		10, 		0.09238,		3.488,		2-2
3, 9, 3, 		10, 		0.09514,		3.491,		2-2
3, 9, 4, 		10, 		0.09545,		4.361,		3-2
3, 9, 5, 		10, 		0.1126,		15.06,		3-1
3, 10, 1, 		10, 		0.09049,		2.637,		2-2
3, 10, 2, 		10, 		0.09422,		2.445,		2-2
3, 10, 3, 		10, 		0.09660,		3.295,		2-2
3, 10, 4, 		10, 		0.09428,		3.192,		2-2
3, 10, 5, 		10, 		0.09298,		3.132,		2-2
3, 11, 1, 		10, 		0.1005,		3.554,		2-2
3, 11, 2, 		10, 		0.09285,		5.690,		2-2
3, 11, 3, 		10, 		0.1131,		4.071,		2-2
3, 11, 4, 		10, 		0.08832,		4.521,		2-2
3, 11, 5, 		10, 		0.08928,		3.148,		2-2
3, 12, 1, 		10, 		0.1006,		4.846,		2-2
3, 12, 2, 		10, 		0.09612,		4.906,		2-2
3, 12, 3, 		10, 		0.08874,		7.093,		3-2
3, 12, 4, 		10, 		0.09169,		4.690,		2-2
3, 12, 5, 		10, 		0.09331,		3.816,		2-2
3, 13, 1, 		10, 		0.1010,		5.191,		2-2
3, 13, 2, 		10, 		0.1027,		5.808,		2-2
3, 13, 3, 		10, 		0.09104,		5.819,		2-2
3, 13, 4, 		10, 		0.08884,		6.438,		2-2
3, 13, 5, 		10, 		0.09255,		5.415,		2-2
3, 14, 1, 		10, 		0.09756,		5.996,		2-2
3, 14, 2, 		10, 		0.09554,		5.544,		2-2
3, 14, 3, 		10, 		0.09717,		6.870,		2-2
3, 14, 4, 		10, 		0.09127,		10.92,		3-2
3, 14, 5, 		10, 		0.09705,		8.610,		3-2
3, 15, 1, 		10, 		0.1043,		4.413,		2-2
3, 15, 2, 		10, 		0.09988,		6.292,		2-2
3, 15, 3, 		10, 		0.1048,		2.175,		2-2
3, 15, 4, 		10, 		0.08944,		6.783,		2-2
3, 15, 5, 		10, 		0.1186,		1.376,		2-2
3, 16, 1, 		10, 		0.06714,		4.821,		1-1
3, 16, 2, 		10, 		0.07028,		13.29,		2-1
3, 16, 3, 		10, 		0.06081,		0.9394,		1-1
3, 16, 4, 		10, 		0.06338,		1.327,		1-1
3, 16, 5, 		10, 		0.06487,		1.554,		1-1
4, 1, 1, 		10, 		0.02410,		0.5394,		1-1
4, 1, 2, 		10, 		0.01851,		0.3582,		1-1
4, 1, 3, 		10, 		0.02031,		1.023,		1-1
4, 1, 4, 		10, 		0.02267,		0.6672,		1-1
4, 1, 5, 		10, 		0.03638,		0.9841,		1-1
4, 2, 1, 		10, 		0.04919,		6.946,		3-2
4, 2, 2, 		10, 		0.05367,		7.483,		3-2
4, 2, 3, 		10, 		0.05146,		5.531,		2-2
4, 2, 4, 		10, 		0.06930,		7.219,		2-2
4, 2, 5, 		10, 		0.05499,		5.104,		2-2
4, 3, 1, 		10, 		0.05814,		4.399,		2-2
4, 3, 2, 		10, 		0.05719,		7.172,		3-2
4, 3, 3, 		10, 		0.05895,		6.694,		3-2
4, 3, 4, 		10, 		0.06009,		5.533,		2-2
4, 3, 5, 		10, 		0.06195,		5.486,		2-2
4, 4, 1, 		10, 		0.05870,		6.403,		2-2
4, 4, 2, 		10, 		0.06011,		2.489,		2-2
4, 4, 3, 		10, 		0.06205,		9.018,		3-2
4, 4, 4, 		10, 		0.05983,		9.711,		3-2
4, 4, 5, 		10, 		0.06387,		5.953,		2-2
4, 5, 1, 		10, 		0.06290,		6.243,		2-2
4, 5, 2, 		10, 		0.05676,		8.747,		3-2
4, 5, 3, 		10, 		0.05542,		7.799,		3-2
4, 5, 4, 		10, 		0.05878,		8.399,		3-2
4, 5, 5, 		10, 		0.06198,		4.769,		2-2
4, 6, 1, 		10, 		0.05207,		7.939,		3-2
4, 6, 2, 		10, 		0.05552,		7.064,		3-2
4, 6, 3, 		10, 		0.06014,		4.162,		2-2
4, 6, 4, 		10, 		0.06251,		3.832,		2-2
4, 6, 5, 		10, 		0.06306,		6.918,		3-2
4, 7, 1, 		10, 		0.08505,		14.19,		2-2
4, 7, 2, 		10, 		0.05526,		4.475,		2-2
4, 7, 3, 		10, 		0.05734,		4.216,		3-2
4, 7, 4, 		10, 		0.06209,		4.644,		3-2
4, 7, 5, 		10, 		0.06579,		3.451,		2-2
4, 8, 1, 		10, 		0.05580,		4.822,		3-3
4, 8, 2, 		10, 		0.06069,		3.599,		3-3
4, 8, 3, 		10, 		0.08616,		17.12,		2-3
4, 8, 4, 		10, 		0.05935,		3.857,		3-3
4, 8, 5, 		10, 		0.05972,		4.336,		3-3
4, 9, 1, 		10, 		0.07506,		3.941,		3-3
4, 9, 2, 		10, 		0.07418,		3.299,		3-3
4, 9, 3, 		10, 		0.07397,		3.583,		3-3
4, 9, 4, 		10, 		0.07059,		3.992,		3-3
4, 9, 5, 		10, 		0.07487,		4.588,		3-3
4, 10, 1, 		10, 		0.09792,		15.36,		3-2
4, 10, 2, 		10, 		0.08351,		7.793,		3-2
4, 10, 3, 		10, 		0.08178,		6.058,		3-2
4, 10, 4, 		10, 		0.07760,		2.648,		2-2
4, 10, 5, 		10, 		0.08213,		1.900,		2-2
4, 11, 1, 		10, 		0.09563,		8.234,		2-2
4, 11, 2, 		10, 		0.08891,		10.71,		3-2
4, 11, 3, 		10, 		0.08449,		3.921,		2-2
4, 11, 4, 		10, 		0.08516,		3.948,		2-2
4, 11, 5, 		10, 		0.08862,		3.427,		2-2
4, 12, 1, 		10, 		0.09430,		8.186,		3-2
4, 12, 2, 		10, 		0.09346,		8.577,		3-2
4, 12, 3, 		10, 		0.08877,		9.262,		3-2
4, 12, 4, 		10, 		0.09693,		6.147,		2-2
4, 12, 5, 		10, 		0.09865,		6.260,		3-2
4, 13, 1, 		10, 		0.09971,		7.233,		2-2
4, 13, 2, 		10, 		0.1188,		1.095,		2-2
4, 13, 3, 		10, 		0.09273,		6.965,		3-2
4, 13, 4, 		10, 		0.09897,		7.507,		3-2
4, 13, 5, 		10, 		0.1007,		6.442,		2-2
4, 14, 1, 		10, 		0.09835,		6.476,		2-2
4, 14, 2, 		10, 		0.09716,		6.996,		2-2
4, 14, 3, 		10, 		0.09697,		6.019,		2-2
4, 14, 4, 		10, 		0.1107,		5.890,		2-2
4, 14, 5, 		10, 		0.1090,		7.467,		2-2
4, 15, 1, 		10, 		0.08998,		5.055,		2-2
4, 15, 2, 		10, 		0.09565,		5.762,		2-2
4, 15, 3, 		10, 		0.1002,		5.233,		2-2
4, 15, 4, 		10, 		0.09636,		7.183,		3-2
4, 15, 5, 		10, 		0.1046,		9.190,		3-2
4, 16, 1, 		10, 		0.07760,		8.754,		2-1
4, 16, 2, 		10, 		0.07296,		3.180,		1-1
4, 16, 3, 		10, 		0.06061,		1.519,		1-1
4, 16, 4, 		10, 		0.06771,		2.103,		1-1
4, 16, 5, 		10, 		0.08589,		10.24,		2-1
5, 1, 1, 		10, 		0.1149,		22.03,		3-1
5, 1, 2, 		10, 		0.05514,		4.134,		2-2
5, 1, 3, 		10, 		0.05621,		5.669,		2-2
5, 1, 4, 		10, 		0.06311,		5.358,		2-2
5, 1, 5, 		10, 		0.07162,		7.241,		2-2
5, 2, 1, 		10, 		0.04931,		6.913,		3-2
5, 2, 2, 		10, 		0.05105,		5.631,		2-2
5, 2, 3, 		10, 		0.05242,		4.550,		2-2
5, 2, 4, 		10, 		0.05584,		5.287,		2-2
5, 2, 5, 		10, 		0.05933,		4.651,		2-2
5, 3, 1, 		10, 		0.05339,		7.243,		3-2
5, 3, 2, 		10, 		0.05331,		5.463,		2-2
5, 3, 3, 		10, 		0.05881,		6.052,		2-2
5, 3, 4, 		10, 		0.06107,		5.562,		2-2
5, 3, 5, 		10, 		0.06194,		4.023,		2-2
5, 4, 1, 		10, 		0.05740,		5.896,		2-2
5, 4, 2, 		10, 		0.05636,		4.733,		2-2
5, 4, 3, 		10, 		0.05637,		8.836,		3-2
5, 4, 4, 		10, 		0.06434,		5.703,		2-2
5, 4, 5, 		10, 		0.05334,		5.685,		2-2
5, 5, 1, 		10, 		0.05885,		7.278,		3-2
5, 5, 2, 		10, 		0.04875,		2.420,		3-2
5, 5, 3, 		10, 		0.05420,		10.10,		3-2
5, 5, 4, 		10, 		0.06266,		9.034,		3-2
5, 5, 5, 		10, 		0.05889,		7.217,		3-2
5, 6, 1, 		10, 		0.06287,		4.330,		2-2
5, 6, 2, 		10, 		0.05939,		7.451,		3-2
5, 6, 3, 		10, 		0.06543,		7.037,		2-2
5, 6, 4, 		10, 		0.06004,		8.532,		3-2
5, 6, 5, 		10, 		0.05886,		5.994,		3-2
5, 7, 1, 		10, 		0.05053,		6.811,		3-3
5, 7, 2, 		10, 		0.07640,		12.74,		2-3
5, 7, 3, 		10, 		0.05404,		5.989,		3-3
5, 7, 4, 		10, 		0.08092,		12.23,		2-3
5, 7, 5, 		10, 		0.05909,		6.876,		3-3
5, 8, 1, 		10, 		0.05167,		4.242,		3-3
5, 8, 2, 		10, 		0.05449,		5.106,		3-3
5, 8, 3, 		10, 		0.05411,		3.931,		3-3
5, 8, 4, 		10, 		0.05262,		5.111,		3-3
5, 8, 5, 		10, 		0.05441,		4.727,		3-3
5, 9, 1, 		10, 		0.05955,		4.274,		3-3
5, 9, 2, 		10, 		0.06136,		5.310,		3-3
5, 9, 3, 		10, 		0.05804,		4.937,		3-3
5, 9, 4, 		10, 		0.05381,		4.684,		3-3
5, 9, 5, 		10, 		0.05927,		5.683,		3-3
5, 10, 1, 		10, 		0.07202,		1.620,		2-3
5, 10, 2, 		10, 		0.07231,		1.431,		2-3
5, 10, 3, 		10, 		0.06677,		7.339,		3-3
5, 10, 4, 		10, 		0.06299,		7.020,		3-3
5, 10, 5, 		10, 		0.07148,		6.698,		3-3
5, 11, 1, 		10, 		0.09396,		4.453,		2-2
5, 11, 2, 		10, 		0.08461,		4.278,		2-2
5, 11, 3, 		10, 		0.08253,		11.05,		3-2
5, 11, 4, 		10, 		0.08201,		3.944,		2-2
5, 11, 5, 		10, 		0.08570,		5.678,		3-2
5, 12, 1, 		10, 		0.09810,		10.18,		3-2
5, 12, 2, 		10, 		0.09417,		6.919,		3-2
5, 12, 3, 		10, 		0.08969,		7.033,		3-2
5, 12, 4, 		10, 		0.09253,		1.973,		3-2
5, 12, 5, 		10, 		0.09647,		9.155,		3-2
5, 13, 1, 		10, 		0.1118,		7.593,		3-2
5, 13, 2, 		10, 		0.1001,		6.585,		2-2
5, 13, 3, 		10, 		0.09516,		8.597,		3-2
5, 13, 4, 		10, 		0.09885,		9.149,		3-2
5, 13, 5, 		10, 		0.1004,		10.42,		3-2
5, 14, 1, 		10, 		0.1070,		4.605,		2-2
5, 14, 2, 		10, 		0.09931,		8.673,		3-2
5, 14, 3, 		10, 		0.09695,		6.580,		2-2
5, 14, 4, 		10, 		0.09928,		10.95,		3-2
5, 14, 5, 		10, 		0.1040,		5.615,		2-2
5, 15, 1, 		10, 		0.09967,		3.532,		2-2
5, 15, 2, 		10, 		0.1033,		6.012,		2-2
5, 15, 3, 		10, 		0.1014,		7.780,		3-2
5, 15, 4, 		10, 		0.1017,		8.226,		3-2
5, 15, 5, 		10, 		0.1075,		3.864,		2-2
5, 16, 1, 		10, 		0.09498,		4.506,		2-2
5, 16, 2, 		10, 		0.09823,		5.597,		2-2
5, 16, 3, 		10, 		0.09762,		5.695,		2-2
5, 16, 4, 		10, 		0.1016,		6.845,		2-2
5, 16, 5, 		10, 		0.1176,		10.24,		3-1
6, 1, 1, 		10, 		0.1213,		19.05,		3-1
6, 1, 2, 		10, 		0.05458,		2.966,		2-2
6, 1, 3, 		10, 		0.04963,		8.819,		3-2
6, 1, 4, 		10, 		0.05684,		8.147,		3-2
6, 1, 5, 		10, 		0.06874,		3.783,		2-2
6, 2, 1, 		10, 		0.05451,		4.470,		2-2
6, 2, 2, 		10, 		0.04843,		5.809,		2-2
6, 2, 3, 		10, 		0.07255,		9.002,		2-2
6, 2, 4, 		10, 		0.05140,		8.239,		3-2
6, 2, 5, 		10, 		0.05310,		9.107,		3-2
6, 3, 1, 		10, 		0.05175,		6.059,		3-2
6, 3, 2, 		10, 		0.04986,		1.925,		3-2
6, 3, 3, 		10, 		0.05018,		9.446,		3-2
6, 3, 4, 		10, 		0.05630,		5.140,		2-2
6, 3, 5, 		10, 		0.05880,		3.864,		2-2
6, 4, 1, 		10, 		0.05659,		4.336,		2-2
6, 4, 2, 		10, 		0.05569,		6.586,		3-2
6, 4, 3, 		10, 		0.05436,		7.035,		3-2
6, 4, 4, 		10, 		0.05944,		9.032,		3-2
6, 4, 5, 		10, 		0.06230,		7.914,		3-2
6, 5, 1, 		10, 		0.05325,		6.294,		3-2
6, 5, 2, 		10, 		0.07296,		4.604,		2-2
6, 5, 3, 		10, 		0.05440,		11.34,		3-2
6, 5, 4, 		10, 		0.06153,		10.98,		3-2
6, 5, 5, 		10, 		0.06394,		9.705,		3-2
6, 6, 1, 		10, 		0.05994,		2.238,		2-3
6, 6, 2, 		10, 		0.05008,		10.72,		3-3
6, 6, 3, 		10, 		0.05387,		11.10,		3-3
6, 6, 4, 		10, 		0.06433,		7.407,		2-3
6, 6, 5, 		10, 		0.05894,		3.675,		2-3
6, 7, 1, 		10, 		0.04488,		6.965,		2-2
6, 7, 2, 		10, 		0.04735,		3.623,		2-2
6, 7, 3, 		10, 		0.04993,		5.300,		2-2
6, 7, 4, 		10, 		0.05132,		6.760,		2-2
6, 7, 5, 		10, 		0.04416,		4.588,		2-2
6, 8, 1, 		10, 		0.04500,		7.623,		3-2
6, 8, 2, 		10, 		0.03833,		4.734,		3-2
6, 8, 3, 		10, 		0.03974,		3.609,		2-2
6, 8, 4, 		10, 		0.03630,		3.775,		2-2
6, 8, 5, 		10, 		0.03954,		4.137,		2-2
6, 9, 1, 		10, 		0.04306,		3.567,		2-2
6, 9, 2, 		10, 		0.03698,		4.441,		2-2
6, 9, 3, 		10, 		0.03694,		4.215,		2-2
6, 9, 4, 		10, 		0.03375,		4.002,		2-2
6, 9, 5, 		10, 		0.03810,		7.177,		3-2
6, 10, 1, 		10, 		0.04894,		2.897,		3-2
6, 10, 2, 		10, 		0.04997,		8.628,		3-2
6, 10, 3, 		10, 		0.04576,		7.137,		2-2
6, 10, 4, 		10, 		0.04517,		4.143,		2-2
6, 10, 5, 		10, 		0.04671,		3.942,		2-2
6, 11, 1, 		10, 		0.07556,		2.358,		2-3
6, 11, 2, 		10, 		0.06509,		2.875,		2-3
6, 11, 3, 		10, 		0.06346,		3.462,		2-3
6, 11, 4, 		10, 		0.06261,		4.341,		2-3
6, 11, 5, 		10, 		0.07196,		4.190,		2-3
6, 12, 1, 		10, 		0.09157,		5.493,		2-2
6, 12, 2, 		10, 		0.09148,		7.735,		3-2
6, 12, 3, 		10, 		0.08577,		7.326,		3-2
6, 12, 4, 		10, 		0.08763,		9.404,		3-2
6, 12, 5, 		10, 		0.1122,		4.753,		2-2
6, 13, 1, 		10, 		0.1020,		6.150,		2-2
6, 13, 2, 		10, 		0.1012,		4.814,		2-2
6, 13, 3, 		10, 		0.09916,		3.282,		3-2
6, 13, 4, 		10, 		0.1031,		6.067,		2-2
6, 13, 5, 		10, 		0.1099,		5.828,		2-2
6, 14, 1, 		10, 		0.1074,		4.828,		2-2
6, 14, 2, 		10, 		0.1070,		11.13,		3-2
6, 14, 3, 		10, 		0.1047,		5.186,		2-2
6, 14, 4, 		10, 		0.1038,		8.330,		3-2
6, 14, 5, 		10, 		0.1006,		5.078,		2-2
6, 15, 1, 		10, 		0.1140,		5.914,		2-2
6, 15, 2, 		10, 		0.1073,		10.69,		3-2
6, 15, 3, 		10, 		0.1024,		6.477,		2-2
6, 15, 4, 		10, 		0.09469,		6.947,		3-2
6, 15, 5, 		10, 		0.1006,		4.258,		2-2
6, 16, 1, 		10, 		0.09529,		6.463,		2-2
6, 16, 2, 		10, 		0.09869,		7.604,		2-2
6, 16, 3, 		10, 		0.09932,		5.672,		2-2
6, 16, 4, 		10, 		0.09924,		6.888,		2-2
6, 16, 5, 		10, 		0.09717,		13.27,		3-1
7, 1, 1, 		10, 		0.09988,		15.80,		3-1
7, 1, 2, 		10, 		0.09615,		9.385,		2-1
7, 1, 3, 		10, 		0.1112,		10.47,		2-1
7, 1, 4, 		10, 		0.1033,		14.68,		3-1
7, 1, 5, 		10, 		0.1033,		9.564,		2-1
7, 2, 1, 		10, 		0.09818,		12.52,		3-1
7, 2, 2, 		10, 		0.05587,		8.195,		3-2
7, 2, 3, 		10, 		0.04829,		6.975,		2-2
7, 2, 4, 		10, 		0.05150,		9.582,		3-2
7, 2, 5, 		10, 		0.05867,		4.942,		2-2
7, 3, 1, 		10, 		0.06300,		3.893,		2-2
7, 3, 2, 		10, 		0.05785,		6.989,		2-2
7, 3, 3, 		10, 		0.05100,		6.874,		2-2
7, 3, 4, 		10, 		0.05289,		4.069,		2-2
7, 3, 5, 		10, 		0.05273,		3.032,		2-2
7, 4, 1, 		10, 		0.05368,		3.172,		2-2
7, 4, 2, 		10, 		0.06019,		3.428,		2-2
7, 4, 3, 		10, 		0.05771,		4.363,		3-2
7, 4, 4, 		10, 		0.05848,		3.558,		2-2
7, 4, 5, 		10, 		0.06234,		3.048,		2-2
7, 5, 1, 		10, 		0.05178,		7.191,		3-3
7, 5, 2, 		10, 		0.05564,		6.564,		3-3
7, 5, 3, 		10, 		0.05431,		6.453,		3-3
7, 5, 4, 		10, 		0.05945,		5.621,		3-3
7, 5, 5, 		10, 		0.05942,		6.846,		3-3
7, 6, 1, 		10, 		0.03900,		8.461,		3-2
7, 6, 2, 		10, 		0.04528,		5.817,		2-2
7, 6, 3, 		10, 		0.04521,		4.508,		2-2
7, 6, 4, 		10, 		0.04584,		7.248,		3-2
7, 6, 5, 		10, 		0.04428,		4.375,		2-2
7, 7, 1, 		10, 		0.03006,		6.799,		3-2
7, 7, 2, 		10, 		0.04650,		5.824,		2-2
7, 7, 3, 		10, 		0.03617,		3.331,		2-2
7, 7, 4, 		10, 		0.03517,		4.063,		2-2
7, 7, 5, 		10, 		0.03541,		5.402,		3-2
7, 8, 1, 		10, 		0.02854,		5.644,		2-2
7, 8, 2, 		10, 		0.03018,		4.925,		2-2
7, 8, 3, 		10, 		0.03101,		3.483,		2-2
7, 8, 4, 		10, 		0.03332,		3.886,		2-2
7, 8, 5, 		10, 		0.03747,		4.328,		2-2
7, 9, 1, 		10, 		0.03567,		3.642,		2-2
7, 9, 2, 		10, 		0.02861,		5.482,		2-2
7, 9, 3, 		10, 		0.03166,		4.690,		2-2
7, 9, 4, 		10, 		0.03008,		0.6886,		2-2
7, 9, 5, 		10, 		0.03445,		3.586,		2-2
7, 10, 1, 		10, 		0.03454,		3.537,		2-2
7, 10, 2, 		10, 		0.03750,		3.555,		2-2
7, 10, 3, 		10, 		0.03206,		1.170,		2-2
7, 10, 4, 		10, 		0.03307,		4.592,		2-2
7, 10, 5, 		10, 		0.03868,		3.732,		2-2
7, 11, 1, 		10, 		0.05272,		6.876,		2-2
7, 11, 2, 		10, 		0.04369,		3.674,		2-2
7, 11, 3, 		10, 		0.04395,		2.812,		2-2
7, 11, 4, 		10, 		0.04151,		4.439,		2-2
7, 11, 5, 		10, 		0.04268,		8.325,		2-2
7, 12, 1, 		10, 		0.07968,		9.031,		2-3
7, 12, 2, 		10, 		0.08009,		7.486,		2-3
7, 12, 3, 		10, 		0.07410,		5.898,		3-3
7, 12, 4, 		10, 		0.07228,		2.978,		2-3
7, 12, 5, 		10, 		0.07256,		3.141,		2-3
7, 13, 1, 		10, 		0.09420,		5.838,		2-2
7, 13, 2, 		10, 		0.09427,		5.529,		2-2
7, 13, 3, 		10, 		0.1068,		8.140,		2-2
7, 13, 4, 		10, 		0.09522,		5.545,		3-2
7, 13, 5, 		10, 		0.09777,		4.438,		2-2
7, 14, 1, 		10, 		0.1039,		6.984,		2-2
7, 14, 2, 		10, 		0.1008,		13.61,		3-2
7, 14, 3, 		10, 		0.1071,		7.077,		2-2
7, 14, 4, 		10, 		0.09824,		8.792,		3-2
7, 14, 5, 		10, 		0.1026,		4.786,		2-2
7, 15, 1, 		10, 		0.1127,		8.021,		3-2
7, 15, 2, 		10, 		0.1053,		8.286,		3-2
7, 15, 3, 		10, 		0.09885,		10.00,		3-2
7, 15, 4, 		10, 		0.09058,		11.71,		3-2
7, 15, 5, 		10, 		0.09194,		17.47,		3-1
7, 16, 1, 		10, 		0.1093,		18.08,		3-1
7, 16, 2, 		10, 		0.09500,		15.74,		3-1
7, 16, 3, 		10, 		0.09419,		14.43,		3-1
7, 16, 4, 		10, 		0.1021,		14.96,		3-1
7, 16, 5, 		10, 		0.09046,		15.07,		3-1
8, 1, 1, 		10, 		0.08624,		16.89,		3-1
8, 1, 2, 		10, 		0.08326,		20.27,		3-1
8, 1, 3, 		10, 		0.08646,		16.97,		3-1
8, 1, 4, 		10, 		0.08362,		14.27,		2-1
8, 1, 5, 		10, 		0.08739,		16.26,		2-1
8, 2, 1, 		10, 		0.08408,		19.48,		3-1
8, 2, 2, 		10, 		0.08760,		19.54,		3-1
8, 2, 3, 		10, 		0.09190,		20.06,		3-1
8, 2, 4, 		10, 		0.09013,		19.49,		3-1
8, 2, 5, 		10, 		0.1028,		15.54,		3-1
8, 3, 1, 		10, 		0.08955,		15.95,		3-1
8, 3, 2, 		10, 		0.07432,		3.632,		2-2
8, 3, 3, 		10, 		0.06495,		3.819,		2-2
8, 3, 4, 		10, 		0.06348,		3.744,		2-2
8, 3, 5, 		10, 		0.06534,		2.980,		2-2
8, 4, 1, 		10, 		0.06397,		6.706,		3-3
8, 4, 2, 		10, 		0.06639,		6.787,		3-3
8, 4, 3, 		10, 		0.06522,		5.113,		3-3
8, 4, 4, 		10, 		0.06584,		6.028,		3-3
8, 4, 5, 		10, 		0.06682,		2.525,		3-3
8, 5, 1, 		10, 		0.05364,		9.254,		3-3
8, 5, 2, 		10, 		0.06196,		5.411,		3-3
8, 5, 3, 		10, 		0.05919,		6.978,		3-3
8, 5, 4, 		10, 		0.05851,		5.058,		3-3
8, 5, 5, 		10, 		0.05603,		3.919,		3-3
8, 6, 1, 		10, 		0.04128,		3.631,		2-2
8, 6, 2, 		10, 		0.04095,		3.150,		2-2
8, 6, 3, 		10, 		0.04280,		3.276,		2-2
8, 6, 4, 		10, 		0.03864,		5.539,		3-2
8, 6, 5, 		10, 		0.05031,		8.795,		2-2
8, 7, 1, 		10, 		0.04511,		5.207,		2-2
8, 7, 2, 		10, 		0.02886,		6.918,		3-2
8, 7, 3, 		10, 		0.03936,		5.861,		2-2
8, 7, 4, 		10, 		0.03166,		5.195,		2-2
8, 7, 5, 		10, 		0.03309,		4.141,		2-2
8, 8, 1, 		10, 		0.02697,		4.008,		2-2
8, 8, 2, 		10, 		0.03456,		5.170,		2-2
8, 8, 3, 		10, 		0.03070,		5.132,		2-2
8, 8, 4, 		10, 		0.03161,		5.781,		2-2
8, 8, 5, 		10, 		0.03303,		8.077,		3-2
8, 9, 1, 		10, 		0.03136,		5.347,		2-2
8, 9, 2, 		10, 		0.02782,		4.621,		2-2
8, 9, 3, 		10, 		0.02868,		3.899,		2-2
8, 9, 4, 		10, 		0.03086,		4.164,		2-2
8, 9, 5, 		10, 		0.03421,		4.990,		2-2
8, 10, 1, 		10, 		0.03277,		1.804,		2-2
8, 10, 2, 		10, 		0.03191,		3.648,		2-2
8, 10, 3, 		10, 		0.03282,		3.678,		2-2
8, 10, 4, 		10, 		0.03293,		4.893,		2-2
8, 10, 5, 		10, 		0.03388,		8.936,		3-2
8, 11, 1, 		10, 		0.03987,		4.520,		2-2
8, 11, 2, 		10, 		0.04036,		3.732,		2-2
8, 11, 3, 		10, 		0.03986,		8.833,		3-2
8, 11, 4, 		10, 		0.03857,		2.909,		2-2
8, 11, 5, 		10, 		0.04216,		7.621,		2-2
8, 12, 1, 		10, 		0.06679,		2.755,		3-3
8, 12, 2, 		10, 		0.06175,		3.239,		3-3
8, 12, 3, 		10, 		0.06498,		3.230,		3-3
8, 12, 4, 		10, 		0.06769,		3.258,		3-3
8, 12, 5, 		10, 		0.1009,		8.954,		2-3
8, 13, 1, 		10, 		0.07660,		3.750,		3-3
8, 13, 2, 		10, 		0.07899,		2.748,		3-3
8, 13, 3, 		10, 		0.08120,		2.776,		3-3
8, 13, 4, 		10, 		0.08335,		3.770,		3-3
8, 13, 5, 		10, 		0.08700,		5.704,		3-3
8, 14, 1, 		10, 		0.09413,		1.136,		2-2
8, 14, 2, 		10, 		0.1001,		3.262,		2-2
8, 14, 3, 		10, 		0.1085,		3.789,		2-2
8, 14, 4, 		10, 		0.1211,		7.268,		2-2
8, 14, 5, 		10, 		0.1118,		17.00,		3-1
8, 15, 1, 		10, 		0.09594,		14.50,		3-1
8, 15, 2, 		10, 		0.09595,		12.61,		3-1
8, 15, 3, 		10, 		0.1007,		17.47,		3-1
8, 15, 4, 		10, 		0.1026,		17.97,		3-1
8, 15, 5, 		10, 		0.09534,		20.09,		3-1
8, 16, 1, 		10, 		0.08570,		19.30,		3-1
8, 16, 2, 		10, 		0.08164,		22.78,		3-1
8, 16, 3, 		10, 		0.08236,		21.98,		3-1
8, 16, 4, 		10, 		0.08585,		22.09,		3-1
8, 16, 5, 		10, 		0.08218,		22.03,		3-1
9, 1, 1, 		10, 		0.08966,		21.30,		3-1
9, 1, 2, 		10, 		0.09357,		22.94,		3-1
9, 1, 3, 		10, 		0.09459,		17.60,		3-1
9, 1, 4, 		10, 		0.09498,		19.76,		3-1
9, 1, 5, 		10, 		0.09966,		21.31,		3-1
9, 2, 1, 		10, 		0.08554,		20.54,		3-1
9, 2, 2, 		10, 		0.09600,		18.77,		3-1
9, 2, 3, 		10, 		0.09095,		16.94,		3-1
9, 2, 4, 		10, 		0.1006,		12.26,		3-1
9, 2, 5, 		10, 		0.1072,		11.87,		3-1
9, 3, 1, 		10, 		0.09770,		19.19,		3-1
9, 3, 2, 		10, 		0.09598,		10.95,		3-2
9, 3, 3, 		10, 		0.08664,		6.325,		3-2
9, 3, 4, 		10, 		0.1354,		5.888,		2-2
9, 3, 5, 		10, 		0.09127,		5.718,		3-2
9, 4, 1, 		10, 		0.06855,		11.28,		3-3
9, 4, 2, 		10, 		0.06977,		7.135,		3-3
9, 4, 3, 		10, 		0.07451,		4.792,		3-3
9, 4, 4, 		10, 		0.07808,		3.301,		3-3
9, 4, 5, 		10, 		0.1213,		8.739,		2-3
9, 5, 1, 		10, 		0.08290,		7.409,		2-3
9, 5, 2, 		10, 		0.07866,		8.954,		2-3
9, 5, 3, 		10, 		0.06765,		10.40,		3-3
9, 5, 4, 		10, 		0.06978,		6.389,		3-3
9, 5, 5, 		10, 		0.07426,		4.521,		3-3
9, 6, 1, 		10, 		0.03684,		3.166,		2-2
9, 6, 2, 		10, 		0.03880,		3.686,		2-2
9, 6, 3, 		10, 		0.04036,		4.397,		2-2
9, 6, 4, 		10, 		0.04924,		8.732,		2-2
9, 6, 5, 		10, 		0.04992,		7.352,		2-2
9, 7, 1, 		10, 		0.02929,		4.068,		2-2
9, 7, 2, 		10, 		0.03114,		5.122,		2-2
9, 7, 3, 		10, 		0.03197,		6.290,		2-2
9, 7, 4, 		10, 		0.03887,		2.102,		2-2
9, 7, 5, 		10, 		0.03054,		6.763,		2-2
9, 8, 1, 		10, 		0.02821,		5.412,		2-2
9, 8, 2, 		10, 		0.02568,		6.277,		3-2
9, 8, 3, 		10, 		0.04181,		4.006,		2-2
9, 8, 4, 		10, 		0.03114,		6.359,		3-2
9, 8, 5, 		10, 		0.03157,		5.579,		2-2
9, 9, 1, 		10, 		0.03049,		5.083,		2-2
9, 9, 2, 		10, 		0.02904,		6.223,		3-2
9, 9, 3, 		10, 		0.03040,		3.410,		2-2
9, 9, 4, 		10, 		0.03277,		4.636,		2-2
9, 9, 5, 		10, 		0.03607,		3.589,		2-2
9, 10, 1, 		10, 		0.03311,		0.9366,		3-2
9, 10, 2, 		10, 		0.03581,		1.143,		2-2
9, 10, 3, 		10, 		0.03482,		4.962,		2-2
9, 10, 4, 		10, 		0.03270,		7.188,		3-2
9, 10, 5, 		10, 		0.03193,		6.826,		3-2
9, 11, 1, 		10, 		0.03843,		10.02,		3-2
9, 11, 2, 		10, 		0.03832,		9.357,		3-2
9, 11, 3, 		10, 		0.03883,		5.267,		2-2
9, 11, 4, 		10, 		0.03543,		9.525,		3-2
9, 11, 5, 		10, 		0.04609,		3.862,		2-2
9, 12, 1, 		10, 		0.06514,		3.633,		3-3
9, 12, 2, 		10, 		0.06216,		6.249,		3-3
9, 12, 3, 		10, 		0.05932,		4.098,		3-3
9, 12, 4, 		10, 		0.05822,		5.001,		3-3
9, 12, 5, 		10, 		0.06452,		9.080,		3-3
9, 13, 1, 		10, 		0.06325,		2.458,		3-3
9, 13, 2, 		10, 		0.06508,		6.309,		3-3
9, 13, 3, 		10, 		0.06688,		4.272,		3-3
9, 13, 4, 		10, 		0.06536,		7.169,		3-3
9, 13, 5, 		10, 		0.07000,		7.360,		3-3
9, 14, 1, 		10, 		0.07907,		3.321,		2-2
9, 14, 2, 		10, 		0.07237,		6.667,		2-2
9, 14, 3, 		10, 		0.07440,		4.429,		3-2
9, 14, 4, 		10, 		0.08449,		7.354,		2-2
9, 14, 5, 		10, 		0.1011,		20.78,		3-1
9, 15, 1, 		10, 		0.08934,		20.17,		3-1
9, 15, 2, 		10, 		0.08857,		16.17,		3-1
9, 15, 3, 		10, 		0.09159,		15.07,		3-1
9, 15, 4, 		10, 		0.08625,		16.87,		3-1
9, 15, 5, 		10, 		0.08858,		19.35,		3-1
9, 16, 1, 		10, 		0.08846,		18.30,		3-1
9, 16, 2, 		10, 		0.08274,		19.08,		3-1
9, 16, 3, 		10, 		0.08994,		16.95,		3-1
9, 16, 4, 		10, 		0.08193,		16.17,		3-1
9, 16, 5, 		10, 		0.1205,		14.49,		2-1
10, 1, 1, 		10, 		0.1137,		12.12,		2-1
10, 1, 2, 		10, 		0.1115,		13.14,		2-1
10, 1, 3, 		10, 		0.1072,		16.07,		3-1
10, 1, 4, 		10, 		0.1085,		14.38,		2-1
10, 1, 5, 		10, 		0.09556,		15.75,		3-1
10, 2, 1, 		10, 		0.08586,		15.23,		3-1
10, 2, 2, 		10, 		0.09635,		5.303,		2-2
10, 2, 3, 		10, 		0.09613,		5.735,		2-2
10, 2, 4, 		10, 		0.1002,		4.463,		2-2
10, 2, 5, 		10, 		0.1140,		5.551,		2-2
10, 3, 1, 		10, 		0.08126,		10.01,		3-2
10, 3, 2, 		10, 		0.09255,		10.17,		3-2
10, 3, 3, 		10, 		0.1009,		5.425,		2-2
10, 3, 4, 		10, 		0.09580,		5.985,		2-2
10, 3, 5, 		10, 		0.1095,		6.077,		2-2
10, 4, 1, 		10, 		0.07726,		14.70,		3-2
10, 4, 2, 		10, 		0.08160,		13.88,		3-2
10, 4, 3, 		10, 		0.08426,		7.496,		3-2
10, 4, 4, 		10, 		0.1024,		6.386,		2-2
10, 4, 5, 		10, 		0.09970,		6.428,		3-2
10, 5, 1, 		10, 		0.06449,		23.71,		3-3
10, 5, 2, 		10, 		0.06780,		12.09,		3-3
10, 5, 3, 		10, 		0.07112,		23.41,		3-3
10, 5, 4, 		10, 		0.07506,		8.855,		3-3
10, 5, 5, 		10, 		0.07780,		9.386,		3-3
10, 6, 1, 		10, 		0.03901,		2.250,		2-2
10, 6, 2, 		10, 		0.04352,		9.864,		3-2
10, 6, 3, 		10, 		0.04696,		5.052,		2-2
10, 6, 4, 		10, 		0.05374,		5.425,		2-2
10, 6, 5, 		10, 		0.05447,		5.805,		2-2
10, 7, 1, 		10, 		0.03241,		1.697,		2-2
10, 7, 2, 		10, 		0.03576,		5.076,		2-2
10, 7, 3, 		10, 		0.03426,		5.264,		2-2
10, 7, 4, 		10, 		0.03633,		6.517,		3-2
10, 7, 5, 		10, 		0.03597,		8.402,		3-2
10, 8, 1, 		10, 		0.03191,		3.164,		2-2
10, 8, 2, 		10, 		0.03260,		4.699,		2-2
10, 8, 3, 		10, 		0.03431,		5.549,		2-2
10, 8, 4, 		10, 		0.03368,		9.609,		2-2
10, 8, 5, 		10, 		0.03269,		9.096,		2-2
10, 9, 1, 		10, 		0.03044,		3.745,		2-2
10, 9, 2, 		10, 		0.03080,		4.643,		2-2
10, 9, 3, 		10, 		0.03568,		5.201,		2-2
10, 9, 4, 		10, 		0.03183,		8.897,		3-2
10, 9, 5, 		10, 		0.03101,		3.673,		2-2
10, 10, 1, 		10, 		0.03738,		3.071,		2-2
10, 10, 2, 		10, 		0.03739,		4.721,		2-2
10, 10, 3, 		10, 		0.03649,		5.896,		3-2
10, 10, 4, 		10, 		0.03894,		4.578,		2-2
10, 10, 5, 		10, 		0.03798,		2.505,		2-2
10, 11, 1, 		10, 		0.05155,		4.662,		2-2
10, 11, 2, 		10, 		0.03759,		9.698,		3-2
10, 11, 3, 		10, 		0.04035,		8.560,		3-2
10, 11, 4, 		10, 		0.03722,		2.513,		3-2
10, 11, 5, 		10, 		0.03747,		9.384,		3-2
10, 12, 1, 		10, 		0.08676,		7.248,		2-3
10, 12, 2, 		10, 		0.05846,		8.452,		3-3
10, 12, 3, 		10, 		0.07457,		13.73,		2-3
10, 12, 4, 		10, 		0.05615,		7.337,		3-3
10, 12, 5, 		10, 		0.05791,		12.80,		3-3
10, 13, 1, 		10, 		0.06898,		4.054,		3-2
10, 13, 2, 		10, 		0.06158,		4.977,		3-2
10, 13, 3, 		10, 		0.06001,		4.458,		2-2
10, 13, 4, 		10, 		0.06173,		3.836,		2-2
10, 13, 5, 		10, 		0.06047,		14.70,		3-2
10, 14, 1, 		10, 		0.06332,		9.050,		3-2
10, 14, 2, 		10, 		0.05709,		5.576,		2-2
10, 14, 3, 		10, 		0.05560,		4.602,		2-2
10, 14, 4, 		10, 		0.06037,		3.933,		2-2
10, 14, 5, 		10, 		0.06828,		5.058,		2-2
10, 15, 1, 		10, 		0.06835,		8.540,		3-2
10, 15, 2, 		10, 		0.05930,		9.357,		3-2
10, 15, 3, 		10, 		0.05751,		5.200,		2-2
10, 15, 4, 		10, 		0.06662,		5.226,		2-2
10, 15, 5, 		10, 		0.1018,		14.30,		3-1
10, 16, 1, 		10, 		0.1042,		17.55,		3-1
10, 16, 2, 		10, 		0.07520,		15.24,		2-1
10, 16, 3, 		10, 		0.07969,		14.39,		2-1
10, 16, 4, 		10, 		0.08723,		12.72,		3-1
10, 16, 5, 		10, 		0.07749,		17.87,		3-1
11, 1, 1, 		10, 		0.1348,		14.90,		2-1
11, 1, 2, 		10, 		0.08815,		5.356,		2-2
11, 1, 3, 		10, 		0.1099,		3.645,		2-2
11, 1, 4, 		10, 		0.08804,		6.450,		2-2
11, 1, 5, 		10, 		0.08788,		9.397,		3-2
11, 2, 1, 		10, 		0.09538,		6.929,		2-2
11, 2, 2, 		10, 		0.09532,		3.786,		2-2
11, 2, 3, 		10, 		0.09399,		2.482,		2-2
11, 2, 4, 		10, 		0.09327,		9.285,		3-2
11, 2, 5, 		10, 		0.1131,		4.409,		2-2
11, 3, 1, 		10, 		0.08506,		8.056,		3-2
11, 3, 2, 		10, 		0.09361,		6.492,		2-2
11, 3, 3, 		10, 		0.09867,		6.345,		2-2
11, 3, 4, 		10, 		0.09905,		4.234,		2-2
11, 3, 5, 		10, 		0.1083,		3.078,		2-2
11, 4, 1, 		10, 		0.08812,		11.92,		3-2
11, 4, 2, 		10, 		0.09301,		11.32,		3-2
11, 4, 3, 		10, 		0.09494,		10.51,		3-2
11, 4, 4, 		10, 		0.09720,		10.22,		3-2
11, 4, 5, 		10, 		0.1062,		5.471,		2-2
11, 5, 1, 		10, 		0.08434,		7.659,		3-2
11, 5, 2, 		10, 		0.08490,		8.316,		3-2
11, 5, 3, 		10, 		0.08447,		5.026,		2-2
11, 5, 4, 		10, 		0.08632,		9.024,		3-2
11, 5, 5, 		10, 		0.09067,		5.316,		2-2
11, 6, 1, 		10, 		0.06284,		1.920,		2-3
11, 6, 2, 		10, 		0.05984,		5.854,		2-3
11, 6, 3, 		10, 		0.06221,		3.380,		2-3
11, 6, 4, 		10, 		0.06340,		3.950,		2-3
11, 6, 5, 		10, 		0.06334,		6.260,		2-3
11, 7, 1, 		10, 		0.05386,		8.585,		3-2
11, 7, 2, 		10, 		0.04803,		3.344,		2-2
11, 7, 3, 		10, 		0.04466,		4.052,		2-2
11, 7, 4, 		10, 		0.04219,		4.557,		2-2
11, 7, 5, 		10, 		0.04616,		5.562,		2-2
11, 8, 1, 		10, 		0.04764,		4.388,		2-2
11, 8, 2, 		10, 		0.04476,		6.996,		3-2
11, 8, 3, 		10, 		0.04245,		4.306,		2-2
11, 8, 4, 		10, 		0.03983,		3.708,		2-2
11, 8, 5, 		10, 		0.03986,		3.913,		2-2
11, 9, 1, 		10, 		0.04116,		4.405,		2-2
11, 9, 2, 		10, 		0.04431,		4.159,		2-2
11, 9, 3, 		10, 		0.04133,		6.952,		3-2
11, 9, 4, 		10, 		0.03868,		4.484,		3-2
11, 9, 5, 		10, 		0.03661,		7.575,		3-2
11, 10, 1, 		10, 		0.06503,		7.996,		2-2
11, 10, 2, 		10, 		0.04434,		4.035,		2-2
11, 10, 3, 		10, 		0.03936,		5.122,		3-2
11, 10, 4, 		10, 		0.03990,		4.511,		3-2
11, 10, 5, 		10, 		0.04579,		6.629,		2-2
11, 11, 1, 		10, 		0.05055,		9.611,		3-3
11, 11, 2, 		10, 		0.05981,		3.063,		2-3
11, 11, 3, 		10, 		0.05551,		7.928,		3-3
11, 11, 4, 		10, 		0.04977,		10.66,		3-3
11, 11, 5, 		10, 		0.05201,		6.350,		2-3
11, 12, 1, 		10, 		0.06048,		6.919,		3-2
11, 12, 2, 		10, 		0.05848,		7.038,		3-2
11, 12, 3, 		10, 		0.05809,		3.719,		2-2
11, 12, 4, 		10, 		0.05666,		8.867,		3-2
11, 12, 5, 		10, 		0.05793,		10.16,		3-2
11, 13, 1, 		10, 		0.05887,		9.218,		3-2
11, 13, 2, 		10, 		0.06031,		5.461,		2-2
11, 13, 3, 		10, 		0.05873,		4.563,		2-2
11, 13, 4, 		10, 		0.06042,		5.016,		2-2
11, 13, 5, 		10, 		0.06278,		4.598,		2-2
11, 14, 1, 		10, 		0.05809,		5.082,		2-2
11, 14, 2, 		10, 		0.05333,		5.827,		2-2
11, 14, 3, 		10, 		0.05444,		5.046,		2-2
11, 14, 4, 		10, 		0.05927,		4.497,		2-2
11, 14, 5, 		10, 		0.06770,		6.391,		3-2
11, 15, 1, 		10, 		0.06271,		5.383,		2-2
11, 15, 2, 		10, 		0.05891,		5.218,		2-2
11, 15, 3, 		10, 		0.05984,		3.505,		2-2
11, 15, 4, 		10, 		0.05897,		5.120,		2-2
11, 15, 5, 		10, 		0.06524,		7.972,		3-2
11, 16, 1, 		10, 		0.07243,		3.338,		2-2
11, 16, 2, 		10, 		0.06508,		4.459,		2-2
11, 16, 3, 		10, 		0.05267,		4.354,		2-2
11, 16, 4, 		10, 		0.05766,		5.559,		2-2
11, 16, 5, 		10, 		0.07874,		17.17,		2-1
12, 1, 1, 		10, 		0.1666,		6.676,		2-1
12, 1, 2, 		10, 		0.08874,		5.276,		2-2
12, 1, 3, 		10, 		0.08669,		6.302,		2-2
12, 1, 4, 		10, 		0.08581,		9.390,		3-2
12, 1, 5, 		10, 		0.09011,		9.405,		3-2
12, 2, 1, 		10, 		0.1049,		4.420,		2-2
12, 2, 2, 		10, 		0.09604,		4.699,		2-2
12, 2, 3, 		10, 		0.1034,		5.768,		2-2
12, 2, 4, 		10, 		0.09611,		10.96,		3-2
12, 2, 5, 		10, 		0.09816,		10.36,		3-2
12, 3, 1, 		10, 		0.08755,		7.380,		3-2
12, 3, 2, 		10, 		0.1101,		6.649,		2-2
12, 3, 3, 		10, 		0.09463,		9.907,		3-2
12, 3, 4, 		10, 		0.1115,		3.989,		2-2
12, 3, 5, 		10, 		0.1004,		5.802,		2-2
12, 4, 1, 		10, 		0.1009,		5.799,		2-2
12, 4, 2, 		10, 		0.1302,		2.594,		2-2
12, 4, 3, 		10, 		0.1066,		6.657,		2-2
12, 4, 4, 		10, 		0.09885,		10.46,		3-2
12, 4, 5, 		10, 		0.09474,		10.52,		3-2
12, 5, 1, 		10, 		0.09318,		6.240,		3-2
12, 5, 2, 		10, 		0.08886,		8.021,		3-2
12, 5, 3, 		10, 		0.09353,		7.682,		3-2
12, 5, 4, 		10, 		0.08785,		7.697,		3-2
12, 5, 5, 		10, 		0.08583,		9.067,		3-2
12, 6, 1, 		10, 		0.09325,		5.790,		2-2
12, 6, 2, 		10, 		0.07431,		6.478,		3-2
12, 6, 3, 		10, 		0.07679,		10.23,		3-2
12, 6, 4, 		10, 		0.07821,		5.059,		2-2
12, 6, 5, 		10, 		0.07996,		9.898,		3-2
12, 7, 1, 		10, 		0.1025,		6.751,		2-3
12, 7, 2, 		10, 		0.06487,		8.496,		3-3
12, 7, 3, 		10, 		0.06258,		8.800,		3-3
12, 7, 4, 		10, 		0.05979,		7.829,		3-3
12, 7, 5, 		10, 		0.06047,		7.543,		3-3
12, 8, 1, 		10, 		0.06389,		4.524,		3-3
12, 8, 2, 		10, 		0.06386,		5.420,		3-3
12, 8, 3, 		10, 		0.06206,		5.114,		3-3
12, 8, 4, 		10, 		0.06051,		4.211,		3-3
12, 8, 5, 		10, 		0.05860,		4.366,		3-3
12, 9, 1, 		10, 		0.06110,		5.780,		3-3
12, 9, 2, 		10, 		0.06769,		5.475,		3-3
12, 9, 3, 		10, 		0.06460,		7.086,		3-3
12, 9, 4, 		10, 		0.06154,		5.506,		3-3
12, 9, 5, 		10, 		0.06239,		5.205,		3-3
12, 10, 1, 		10, 		0.05711,		6.878,		3-3
12, 10, 2, 		10, 		0.05777,		6.200,		3-3
12, 10, 3, 		10, 		0.06112,		2.740,		2-3
12, 10, 4, 		10, 		0.05851,		6.762,		3-3
12, 10, 5, 		10, 		0.06106,		7.368,		3-3
12, 11, 1, 		10, 		0.05392,		9.127,		3-2
12, 11, 2, 		10, 		0.05799,		7.310,		3-2
12, 11, 3, 		10, 		0.05350,		8.302,		3-2
12, 11, 4, 		10, 		0.05548,		6.997,		3-2
12, 11, 5, 		10, 		0.05850,		8.389,		3-2
12, 12, 1, 		10, 		0.06084,		6.625,		3-2
12, 12, 2, 		10, 		0.05982,		8.392,		3-2
12, 12, 3, 		10, 		0.05597,		8.488,		3-2
12, 12, 4, 		10, 		0.05816,		9.367,		3-2
12, 12, 5, 		10, 		0.05754,		7.826,		3-2
12, 13, 1, 		10, 		0.05491,		6.104,		3-2
12, 13, 2, 		10, 		0.06310,		4.807,		2-2
12, 13, 3, 		10, 		0.05851,		8.746,		3-2
12, 13, 4, 		10, 		0.06088,		7.007,		3-2
12, 13, 5, 		10, 		0.05866,		7.100,		3-2
12, 14, 1, 		10, 		0.05383,		7.152,		3-2
12, 14, 2, 		10, 		0.05068,		5.931,		3-2
12, 14, 3, 		10, 		0.05510,		6.072,		2-2
12, 14, 4, 		10, 		0.05813,		9.332,		3-2
12, 14, 5, 		10, 		0.06521,		8.784,		3-2
12, 15, 1, 		10, 		0.05676,		5.960,		2-2
12, 15, 2, 		10, 		0.05311,		5.687,		2-2
12, 15, 3, 		10, 		0.05555,		4.923,		2-2
12, 15, 4, 		10, 		0.05440,		8.246,		3-2
12, 15, 5, 		10, 		0.06161,		8.605,		3-2
12, 16, 1, 		10, 		0.06402,		3.393,		2-2
12, 16, 2, 		10, 		0.05721,		4.885,		2-2
12, 16, 3, 		10, 		0.05430,		5.695,		2-2
12, 16, 4, 		10, 		0.04909,		7.835,		3-2
12, 16, 5, 		10, 		0.1264,		9.754,		2-1
13, 1, 1, 		10, 		0.07186,		1.984,		1-1
13, 1, 2, 		10, 		0.06524,		3.306,		1-1
13, 1, 3, 		10, 		0.06482,		4.450,		1-1
13, 1, 4, 		10, 		0.06471,		5.388,		1-1
13, 1, 5, 		10, 		0.06864,		3.946,		1-1
13, 2, 1, 		10, 		0.1090,		6.703,		2-2
13, 2, 2, 		10, 		0.1021,		11.05,		3-2
13, 2, 3, 		10, 		0.09459,		10.05,		3-2
13, 2, 4, 		10, 		0.1138,		6.073,		2-2
13, 2, 5, 		10, 		0.1031,		9.836,		3-2
13, 3, 1, 		10, 		0.1017,		7.353,		2-2
13, 3, 2, 		10, 		0.09893,		8.868,		3-2
13, 3, 3, 		10, 		0.1152,		2.668,		2-2
13, 3, 4, 		10, 		0.1012,		10.23,		3-2
13, 3, 5, 		10, 		0.1079,		4.353,		2-2
13, 4, 1, 		10, 		0.1024,		6.506,		2-2
13, 4, 2, 		10, 		0.1194,		4.731,		2-2
13, 4, 3, 		10, 		0.1074,		5.581,		2-2
13, 4, 4, 		10, 		0.1092,		8.193,		3-2
13, 4, 5, 		10, 		0.1054,		7.314,		3-2
13, 5, 1, 		10, 		0.1022,		7.104,		2-2
13, 5, 2, 		10, 		0.09596,		6.153,		2-2
13, 5, 3, 		10, 		0.1031,		5.829,		2-2
13, 5, 4, 		10, 		0.09734,		7.288,		3-2
13, 5, 5, 		10, 		0.09610,		10.99,		3-2
13, 6, 1, 		10, 		0.1023,		5.898,		2-2
13, 6, 2, 		10, 		0.09550,		5.717,		2-2
13, 6, 3, 		10, 		0.09716,		5.371,		2-2
13, 6, 4, 		10, 		0.09582,		4.827,		2-2
13, 6, 5, 		10, 		0.1018,		7.868,		2-2
13, 7, 1, 		10, 		0.09057,		7.080,		3-2
13, 7, 2, 		10, 		0.07876,		10.54,		3-2
13, 7, 3, 		10, 		0.08388,		7.837,		3-2
13, 7, 4, 		10, 		0.08018,		11.07,		3-2
13, 7, 5, 		10, 		0.08245,		5.387,		3-2
13, 8, 1, 		10, 		0.07036,		4.452,		3-3
13, 8, 2, 		10, 		0.06740,		4.885,		3-3
13, 8, 3, 		10, 		0.07102,		4.517,		3-3
13, 8, 4, 		10, 		0.07059,		4.697,		3-3
13, 8, 5, 		10, 		0.06796,		4.322,		3-3
13, 9, 1, 		10, 		0.06592,		4.225,		3-3
13, 9, 2, 		10, 		0.06708,		3.846,		3-3
13, 9, 3, 		10, 		0.06879,		4.684,		3-3
13, 9, 4, 		10, 		0.06915,		5.827,		3-3
13, 9, 5, 		10, 		0.07236,		6.326,		3-3
13, 10, 1, 		10, 		0.07014,		6.346,		3-2
13, 10, 2, 		10, 		0.06558,		4.799,		3-2
13, 10, 3, 		10, 		0.06219,		4.987,		3-2
13, 10, 4, 		10, 		0.06544,		5.240,		3-2
13, 10, 5, 		10, 		0.06444,		6.724,		3-2
13, 11, 1, 		10, 		0.06373,		6.683,		3-2
13, 11, 2, 		10, 		0.06132,		7.129,		3-2
13, 11, 3, 		10, 		0.05783,		3.661,		2-2
13, 11, 4, 		10, 		0.06183,		4.628,		2-2
13, 11, 5, 		10, 		0.06062,		10.81,		3-2
13, 12, 1, 		10, 		0.06176,		4.182,		2-2
13, 12, 2, 		10, 		0.05790,		7.001,		3-2
13, 12, 3, 		10, 		0.05967,		3.592,		2-2
13, 12, 4, 		10, 		0.05506,		7.606,		3-2
13, 12, 5, 		10, 		0.05623,		10.03,		3-2
13, 13, 1, 		10, 		0.05662,		9.092,		3-2
13, 13, 2, 		10, 		0.05777,		7.846,		3-2
13, 13, 3, 		10, 		0.05961,		5.832,		2-2
13, 13, 4, 		10, 		0.05732,		9.072,		3-2
13, 13, 5, 		10, 		0.05782,		9.134,		3-2
13, 14, 1, 		10, 		0.05582,		10.22,		3-2
13, 14, 2, 		10, 		0.05369,		7.067,		3-2
13, 14, 3, 		10, 		0.05643,		4.176,		2-2
13, 14, 4, 		10, 		0.06191,		3.197,		2-2
13, 14, 5, 		10, 		0.05867,		8.824,		3-2
13, 15, 1, 		10, 		0.05562,		8.019,		3-2
13, 15, 2, 		10, 		0.06106,		2.633,		2-2
13, 15, 3, 		10, 		0.06161,		7.316,		2-2
13, 15, 4, 		10, 		0.04988,		8.611,		3-2
13, 15, 5, 		10, 		0.05277,		6.327,		2-2
13, 16, 1, 		10, 		0.02948,		1.659,		1-1
13, 16, 2, 		10, 		0.02399,		0.4677,		1-1
13, 16, 3, 		10, 		0.02590,		0.9685,		1-1
13, 16, 4, 		10, 		0.02838,		0.5671,		1-1
13, 16, 5, 		10, 		0.04316,		0.1442,		1-1
14, 1, 1, 		10, 		0.06825,		2.977,		1-1
14, 1, 2, 		10, 		0.05935,		5.525,		1-1
14, 1, 3, 		10, 		0.05366,		4.584,		1-1
14, 1, 4, 		10, 		0.05681,		5.366,		1-1
14, 1, 5, 		10, 		0.06222,		4.176,		1-1
14, 2, 1, 		10, 		0.1136,		5.031,		2-2
14, 2, 2, 		10, 		0.1044,		6.450,		2-2
14, 2, 3, 		10, 		0.09708,		7.416,		2-2
14, 2, 4, 		10, 		0.1064,		5.134,		2-2
14, 2, 5, 		10, 		0.1094,		5.262,		2-2
14, 3, 1, 		10, 		0.1019,		5.544,		2-2
14, 3, 2, 		10, 		0.1032,		6.790,		2-2
14, 3, 3, 		10, 		0.09916,		7.022,		2-2
14, 3, 4, 		10, 		0.1038,		8.699,		3-2
14, 3, 5, 		10, 		0.1072,		8.372,		3-2
14, 4, 1, 		10, 		0.1050,		7.329,		2-2
14, 4, 2, 		10, 		0.1019,		9.672,		3-2
14, 4, 3, 		10, 		0.1051,		5.948,		2-2
14, 4, 4, 		10, 		0.1057,		7.713,		3-2
14, 4, 5, 		10, 		0.1074,		6.650,		2-2
14, 5, 1, 		10, 		0.1055,		3.238,		2-2
14, 5, 2, 		10, 		0.09266,		11.16,		3-2
14, 5, 3, 		10, 		0.1055,		5.888,		2-2
14, 5, 4, 		10, 		0.1008,		5.911,		2-2
14, 5, 5, 		10, 		0.09915,		5.360,		2-2
14, 6, 1, 		10, 		0.1026,		5.581,		2-2
14, 6, 2, 		10, 		0.09631,		4.093,		3-2
14, 6, 3, 		10, 		0.1001,		3.382,		2-2
14, 6, 4, 		10, 		0.09829,		3.801,		2-2
14, 6, 5, 		10, 		0.09964,		2.956,		2-2
14, 7, 1, 		10, 		0.09421,		8.563,		3-2
14, 7, 2, 		10, 		0.08325,		9.861,		3-2
14, 7, 3, 		10, 		0.08958,		4.637,		2-2
14, 7, 4, 		10, 		0.08911,		5.280,		2-2
14, 7, 5, 		10, 		0.09293,		3.101,		2-2
14, 8, 1, 		10, 		0.1129,		8.338,		3-1
14, 8, 2, 		10, 		0.07086,		7.026,		3-2
14, 8, 3, 		10, 		0.07857,		6.383,		3-2
14, 8, 4, 		10, 		0.08595,		10.24,		3-2
14, 8, 5, 		10, 		0.09234,		7.708,		2-2
14, 9, 1, 		10, 		0.07765,		17.97,		2-2
14, 9, 2, 		10, 		0.07459,		3.083,		3-2
14, 9, 3, 		10, 		0.08063,		5.617,		3-2
14, 9, 4, 		10, 		0.08033,		7.596,		2-2
14, 9, 5, 		10, 		0.1094,		13.99,		3-1
14, 10, 1, 		10, 		0.06221,		7.060,		3-2
14, 10, 2, 		10, 		0.06503,		6.629,		3-2
14, 10, 3, 		10, 		0.06691,		5.816,		2-2
14, 10, 4, 		10, 		0.06596,		4.323,		2-2
14, 10, 5, 		10, 		0.07197,		4.484,		2-2
14, 11, 1, 		10, 		0.05965,		9.604,		3-2
14, 11, 2, 		10, 		0.05915,		10.33,		3-2
14, 11, 3, 		10, 		0.06303,		3.808,		2-2
14, 11, 4, 		10, 		0.06073,		4.766,		2-2
14, 11, 5, 		10, 		0.06158,		5.258,		2-2
14, 12, 1, 		10, 		0.05809,		8.561,		3-2
14, 12, 2, 		10, 		0.05909,		5.912,		2-2
14, 12, 3, 		10, 		0.06027,		3.921,		2-2
14, 12, 4, 		10, 		0.06914,		4.951,		2-2
14, 12, 5, 		10, 		0.06354,		4.206,		2-2
14, 13, 1, 		10, 		0.05581,		2.560,		3-2
14, 13, 2, 		10, 		0.06115,		5.999,		2-2
14, 13, 3, 		10, 		0.05979,		5.528,		2-2
14, 13, 4, 		10, 		0.06690,		5.065,		2-2
14, 13, 5, 		10, 		0.06845,		4.848,		2-2
14, 14, 1, 		10, 		0.06107,		8.389,		3-2
14, 14, 2, 		10, 		0.05850,		8.609,		3-2
14, 14, 3, 		10, 		0.05582,		9.257,		3-2
14, 14, 4, 		10, 		0.05937,		7.705,		3-2
14, 14, 5, 		10, 		0.06480,		4.748,		2-2
14, 15, 1, 		10, 		0.07597,		3.060,		2-2
14, 15, 2, 		10, 		0.05561,		6.990,		2-2
14, 15, 3, 		10, 		0.05405,		6.052,		2-2
14, 15, 4, 		10, 		0.04849,		6.562,		2-2
14, 15, 5, 		10, 		0.05338,		6.651,		2-2
14, 16, 1, 		10, 		0.02491,		0.7791,		1-1
14, 16, 2, 		10, 		0.03226,		4.066,		1-1
14, 16, 3, 		10, 		0.01859,		0.5391,		1-1
14, 16, 4, 		10, 		0.02059,		0.2850,		1-1
14, 16, 5, 		10, 		0.02467,		0.2890,		1-1
15, 1, 1, 		10, 		0.04988,		7.752,		2-1
15, 1, 2, 		10, 		0.05009,		7.747,		2-1
15, 1, 3, 		10, 		0.06907,		0.5234,		1-1
15, 1, 4, 		10, 		0.06105,		5.600,		1-1
15, 1, 5, 		10, 		0.06816,		3.593,		1-1
15, 2, 1, 		10, 		0.05166,		12.14,		2-1
15, 2, 2, 		10, 		0.04906,		10.30,		2-1
15, 2, 3, 		10, 		0.05415,		13.09,		2-1
15, 2, 4, 		10, 		0.06723,		1.603,		1-1
15, 2, 5, 		10, 		0.06113,		10.71,		2-1
15, 3, 1, 		10, 		0.1005,		7.701,		2-2
15, 3, 2, 		10, 		0.09879,		9.059,		3-2
15, 3, 3, 		10, 		0.09397,		5.104,		2-2
15, 3, 4, 		10, 		0.09785,		5.834,		2-2
15, 3, 5, 		10, 		0.09755,		3.814,		2-2
15, 4, 1, 		10, 		0.09936,		4.678,		2-2
15, 4, 2, 		10, 		0.09103,		9.963,		3-2
15, 4, 3, 		10, 		0.1003,		6.206,		2-2
15, 4, 4, 		10, 		0.09753,		4.393,		2-2
15, 4, 5, 		10, 		0.1019,		3.707,		2-2
15, 5, 1, 		10, 		0.09101,		3.507,		2-2
15, 5, 2, 		10, 		0.08857,		10.57,		3-2
15, 5, 3, 		10, 		0.09408,		10.66,		3-2
15, 5, 4, 		10, 		0.09778,		7.001,		2-2
15, 5, 5, 		10, 		0.09870,		6.999,		2-2
15, 6, 1, 		10, 		0.09698,		6.440,		2-2
15, 6, 2, 		10, 		0.09084,		3.915,		2-2
15, 6, 3, 		10, 		0.09398,		5.560,		2-2
15, 6, 4, 		10, 		0.09950,		3.897,		2-2
15, 6, 5, 		10, 		0.1064,		4.023,		2-2
15, 7, 1, 		10, 		0.08702,		22.10,		3-1
15, 7, 2, 		10, 		0.08517,		6.763,		2-2
15, 7, 3, 		10, 		0.08689,		7.006,		2-2
15, 7, 4, 		10, 		0.08896,		9.811,		3-2
15, 7, 5, 		10, 		0.09969,		9.522,		3-2
15, 8, 1, 		10, 		0.09920,		13.07,		3-1
15, 8, 2, 		10, 		0.09799,		13.85,		3-1
15, 8, 3, 		10, 		0.1026,		16.75,		3-1
15, 8, 4, 		10, 		0.1029,		16.27,		3-1
15, 8, 5, 		10, 		0.09719,		17.94,		3-1
15, 9, 1, 		10, 		0.09366,		14.45,		2-1
15, 9, 2, 		10, 		0.09659,		14.95,		3-1
15, 9, 3, 		10, 		0.08465,		17.87,		3-1
15, 9, 4, 		10, 		0.09492,		19.05,		3-1
15, 9, 5, 		10, 		0.1061,		18.87,		3-1
15, 10, 1, 		10, 		0.06821,		9.192,		3-2
15, 10, 2, 		10, 		0.06793,		10.02,		3-2
15, 10, 3, 		10, 		0.07720,		4.778,		2-2
15, 10, 4, 		10, 		0.08182,		6.755,		2-2
15, 10, 5, 		10, 		0.1385,		18.34,		2-1
15, 11, 1, 		10, 		0.06377,		4.716,		2-2
15, 11, 2, 		10, 		0.06660,		5.297,		2-2
15, 11, 3, 		10, 		0.06799,		5.090,		2-2
15, 11, 4, 		10, 		0.06303,		5.530,		2-2
15, 11, 5, 		10, 		0.06214,		7.735,		3-2
15, 12, 1, 		10, 		0.06166,		10.11,		2-2
15, 12, 2, 		10, 		0.06320,		5.178,		2-2
15, 12, 3, 		10, 		0.08430,		3.971,		2-2
15, 12, 4, 		10, 		0.05779,		5.659,		2-2
15, 12, 5, 		10, 		0.05848,		6.088,		2-2
15, 13, 1, 		10, 		0.06042,		4.942,		2-2
15, 13, 2, 		10, 		0.06026,		9.141,		3-2
15, 13, 3, 		10, 		0.06085,		2.974,		2-2
15, 13, 4, 		10, 		0.05658,		6.504,		3-2
15, 13, 5, 		10, 		0.06266,		4.628,		2-2
15, 14, 1, 		10, 		0.06670,		9.832,		3-2
15, 14, 2, 		10, 		0.06480,		8.502,		3-2
15, 14, 3, 		10, 		0.06192,		6.544,		2-2
15, 14, 4, 		10, 		0.06622,		7.867,		2-2
15, 14, 5, 		10, 		0.06643,		5.601,		2-2
15, 15, 1, 		10, 		0.02883,		0.7016,		1-1
15, 15, 2, 		10, 		0.01922,		0.8084,		1-1
15, 15, 3, 		10, 		0.01664,		0.7991,		1-1
15, 15, 4, 		10, 		0.01412,		0.2111,		1-1
15, 15, 5, 		10, 		0.01815,		0.1713,		1-1
15, 16, 1, 		10, 		0.03902,		5.243,		1-1
15, 16, 2, 		10, 		0.03020,		5.618,		2-1
15, 16, 3, 		10, 		0.01508,		0.2276,		1-1
15, 16, 4, 		10, 		0.03307,		7.610,		2-1
15, 16, 5, 		10, 		0.01192,		0.3782,		1-1
16, 1, 1, 		10, 		0.05578,		5.066,		1-1
16, 1, 2, 		10, 		0.05056,		6.327,		2-1
16, 1, 3, 		10, 		0.05632,		7.570,		2-1
16, 1, 4, 		10, 		0.06172,		4.543,		1-1
16, 1, 5, 		10, 		0.06194,		9.970,		2-1
16, 2, 1, 		10, 		0.05367,		7.497,		2-1
16, 2, 2, 		10, 		0.04890,		7.274,		2-1
16, 2, 3, 		10, 		0.05481,		8.943,		2-1
16, 2, 4, 		10, 		0.05660,		9.867,		2-1
16, 2, 5, 		10, 		0.06111,		3.272,		1-1
16, 3, 1, 		10, 		0.07422,		1.865,		1-1
16, 3, 2, 		10, 		0.05809,		13.41,		2-1
16, 3, 3, 		10, 		0.06903,		5.105,		1-1
16, 3, 4, 		10, 		0.06019,		13.35,		2-1
16, 3, 5, 		10, 		0.06101,		11.34,		2-1
16, 4, 1, 		10, 		0.07943,		12.79,		2-1
16, 4, 2, 		10, 		0.07498,		11.16,		2-1
16, 4, 3, 		10, 		0.06239,		1.191,		1-1
16, 4, 4, 		10, 		0.05790,		1.930,		1-1
16, 4, 5, 		10, 		0.07687,		11.94,		2-1
16, 5, 1, 		10, 		0.1035,		16.49,		3-1
16, 5, 2, 		10, 		0.08486,		4.260,		2-2
16, 5, 3, 		10, 		0.09360,		11.51,		3-2
16, 5, 4, 		10, 		0.1051,		3.182,		2-2
16, 5, 5, 		10, 		0.1038,		6.845,		2-2
16, 6, 1, 		10, 		0.1287,		11.95,		2-1
16, 6, 2, 		10, 		0.09099,		3.735,		2-2
16, 6, 3, 		10, 		0.09433,		2.873,		2-2
16, 6, 4, 		10, 		0.09777,		2.904,		2-2
16, 6, 5, 		10, 		0.1095,		5.995,		2-2
16, 7, 1, 		10, 		0.09807,		18.25,		2-1
16, 7, 2, 		10, 		0.09625,		17.26,		3-1
16, 7, 3, 		10, 		0.1079,		17.54,		2-1
16, 7, 4, 		10, 		0.1038,		11.91,		3-1
16, 7, 5, 		10, 		0.1081,		14.07,		3-1
16, 8, 1, 		10, 		0.1072,		18.06,		3-1
16, 8, 2, 		10, 		0.09990,		15.43,		3-1
16, 8, 3, 		10, 		0.09764,		18.07,		3-1
16, 8, 4, 		10, 		0.09598,		18.70,		3-1
16, 8, 5, 		10, 		0.1011,		19.19,		3-1
16, 9, 1, 		10, 		0.09650,		21.31,		3-1
16, 9, 2, 		10, 		0.08849,		17.27,		3-1
16, 9, 3, 		10, 		0.1032,		13.39,		2-1
16, 9, 4, 		10, 		0.09748,		15.51,		3-1
16, 9, 5, 		10, 		0.1104,		13.89,		3-1
16, 10, 1, 		10, 		0.09287,		13.02,		2-1
16, 10, 2, 		10, 		0.08752,		17.48,		3-1
16, 10, 3, 		10, 		0.1047,		16.28,		3-1
16, 10, 4, 		10, 		0.1031,		13.07,		3-1
16, 10, 5, 		10, 		0.1044,		18.74,		3-1
16, 11, 1, 		10, 		0.06470,		6.348,		3-2
16, 11, 2, 		10, 		0.05747,		4.959,		3-2
16, 11, 3, 		10, 		0.06819,		4.392,		2-2
16, 11, 4, 		10, 		0.07279,		3.622,		2-2
16, 11, 5, 		10, 		0.1093,		17.09,		3-1
16, 12, 1, 		10, 		0.06397,		4.145,		2-2
16, 12, 2, 		10, 		0.05773,		5.511,		2-2
16, 12, 3, 		10, 		0.06288,		8.638,		3-2
16, 12, 4, 		10, 		0.07053,		5.281,		2-2
16, 12, 5, 		10, 		0.1488,		11.16,		2-1
16, 13, 1, 		10, 		0.03015,		1.432,		1-1
16, 13, 2, 		10, 		0.02429,		1.562,		1-1
16, 13, 3, 		10, 		0.04491,		7.361,		2-1
16, 13, 4, 		10, 		0.04738,		4.040,		1-1
16, 13, 5, 		10, 		0.03482,		1.175,		1-1
16, 14, 1, 		10, 		0.02106,		0.8537,		1-1
16, 14, 2, 		10, 		0.01704,		1.041,		1-1
16, 14, 3, 		10, 		0.01486,		0.8359,		1-1
16, 14, 4, 		10, 		0.01844,		0.5175,		1-1
16, 14, 5, 		10, 		0.02773,		1.190,		1-1
16, 15, 1, 		10, 		0.01825,		0.7588,		1-1
16, 15, 2, 		10, 		0.03439,		7.918,		2-1
16, 15, 3, 		10, 		0.01535,		4.105,		1-1
16, 15, 4, 		10, 		0.02131,		0.08466,		1-1
16, 15, 5, 		10, 		0.03740,		6.264,		2-1
16, 16, 1, 		10, 		0.03322,		8.145,		2-1
16, 16, 2, 		10, 		0.01586,		0.9111,		1-1
16, 16, 3, 		10, 		0.01717,		0.2701,		1-1
16, 16, 4, 		10, 		0.01726,		0.5130,		1-1
16, 16, 5, 		10, 		0.01499,		0.6629,		1-1
