1, 1, 1, 		10, 		0.5340,		3.898,		1-1
1, 1, 2, 		10, 		0.4321,		1.677,		1-1
1, 1, 3, 		10, 		0.1760,		1.513,		2-1
1, 1, 4, 		10, 		0.3606,		1.073,		1-1
1, 1, 5, 		10, 		0.3956,		0.9414,		1-1
1, 2, 1, 		10, 		0.5366,		2.819,		1-1
1, 2, 2, 		10, 		0.4104,		3.228,		1-1
1, 2, 3, 		10, 		0.3754,		0.7199,		1-1
1, 2, 4, 		10, 		0.3833,		2.085,		1-1
1, 2, 5, 		10, 		0.4328,		2.414,		1-1
1, 3, 1, 		10, 		0.6091,		1.815,		1-1
1, 3, 2, 		10, 		0.4400,		1.469,		1-1
1, 3, 3, 		10, 		0.4604,		1.919,		1-1
1, 3, 4, 		10, 		0.4931,		3.386,		1-1
1, 3, 5, 		10, 		0.6346,		1.458,		1-1
1, 4, 1, 		10, 		0.5968,		5.851,		1-1
1, 4, 2, 		10, 		0.5635,		4.605,		1-1
1, 4, 3, 		10, 		0.6770,		1.403,		1-1
1, 4, 4, 		10, 		0.5680,		1.177,		1-1
1, 4, 5, 		10, 		0.6507,		2.451,		1-1
1, 5, 1, 		10, 		0.5916,		7.416,		2-1
1, 5, 2, 		20, 		0.5683,		5.026,		2-2
1, 5, 3, 		20, 		0.4320,		1.768,		2-2
