1, 1, 1, 		10, 		0.5383,		5.387,		1-1
1, 1, 2, 		10, 		0.4321,		1.008,		1-1
1, 1, 3, 		10, 		0.3685,		1.699,		1-1
1, 1, 4, 		10, 		0.3605,		1.025,		1-1
1, 1, 5, 		10, 		0.4164,		3.226,		1-1
1, 2, 1, 		10, 		0.5366,		1.583,		1-1
1, 2, 2, 		10, 		0.3886,		1.121,		1-1
1, 2, 3, 		10, 		0.3756,		1.628,		1-1
1, 2, 4, 		10, 		0.3831,		1.625,		1-1
1, 2, 5, 		10, 		0.4324,		1.923,		1-1
1, 3, 1, 		10, 		0.6285,		2.972,		1-1
1, 3, 2, 		10, 		0.4298,		0.9009,		1-1
1, 3, 3, 		10, 		0.2227,		1.987,		2-1
1, 3, 4, 		10, 		0.4926,		2.237,		1-1
1, 3, 5, 		10, 		0.6345,		2.083,		1-1
1, 4, 1, 		10, 		0.6088,		5.028,		1-1
1, 4, 2, 		10, 		0.5565,		2.197,		1-1
1, 4, 3, 		10, 		0.6770,		2.823,		1-1
1, 4, 4, 		10, 		0.5682,		2.841,		1-1
1, 4, 5, 		10, 		0.6506,		3.342,		1-1
1, 5, 1, 		20, 		0.8371,		7.810,		2-1
1, 5, 2, 		20, 		0.5684,		4.872,		2-2
1, 5, 3, 		20, 		0.4321,		1.936,		2-2
1, 5, 4, 		20, 		0.6119,		7.111,		2-2
1, 5, 5, 		20, 		0.5654,		4.095,		2-2
1, 6, 1, 		20, 		0.8222,		4.204,		2-1
1, 6, 2, 		20, 		0.5936,		4.576,		2-2
1, 6, 3, 		20, 		0.5203,		4.075,		2-2
1, 6, 4, 		20, 		0.5796,		11.56,		2-2
1, 6, 5, 		20, 		0.7588,		12.62,		2-2
1, 7, 1, 		20, 		0.7206,		19.03,		2-1
1, 7, 2, 		10, 		0.9198,		1.272,		1-1
1, 7, 3, 		10, 		0.8823,		1.741,		1-1
1, 7, 4, 		10, 		0.9440,		3.298,		1-1
1, 7, 5, 		20, 		0.7503,		17.37,		2-1
1, 8, 1, 		10, 		0.8563,		2.977,		1-1
1, 8, 2, 		10, 		0.7971,		2.950,		1-1
1, 8, 3, 		10, 		0.8248,		0.6106,		1-1
1, 8, 4, 		10, 		0.8664,		1.013,		1-1
1, 8, 5, 		20, 		0.8184,		5.664,		2-1
1, 9, 1, 		10, 		0.8131,		4.286,		1-1
1, 9, 2, 		10, 		0.8736,		4.147,		1-1
1, 9, 3, 		10, 		0.7753,		3.978,		1-1
1, 9, 4, 		10, 		0.7974,		1.540,		1-1
1, 9, 5, 		10, 		0.9153,		0.8928,		1-1
1, 10, 1, 		30, 		0.4540,		18.92,		3-1
1, 10, 2, 		10, 		0.7984,		2.479,		1-1
1, 10, 3, 		10, 		0.9314,		0.6777,		1-1
1, 10, 4, 		10, 		0.8418,		1.589,		1-1
1, 10, 5, 		10, 		0.8304,		1.464,		1-1
1, 11, 1, 		20, 		0.7206,		5.164,		2-2
1, 11, 2, 		20, 		0.6889,		5.107,		2-2
1, 11, 3, 		20, 		0.7038,		1.779,		2-2
1, 11, 4, 		20, 		0.5804,		2.196,		2-2
1, 11, 5, 		10, 		0.9246,		3.580,		1-1
1, 12, 1, 		20, 		0.7456,		2.869,		2-2
1, 12, 2, 		20, 		0.6298,		2.673,		2-2
1, 12, 3, 		20, 		0.6213,		2.891,		2-2
1, 12, 4, 		20, 		0.5918,		4.160,		2-2
1, 12, 5, 		10, 		0.5625,		8.317,		2-1
1, 13, 1, 		10, 		0.7541,		2.766,		1-1
1, 13, 2, 		10, 		0.7079,		0.8524,		1-1
1, 13, 3, 		10, 		0.8276,		5.312,		1-1
1, 13, 4, 		10, 		0.6582,		1.370,		1-1
1, 13, 5, 		10, 		0.9261,		1.354,		1-1
1, 14, 1, 		10, 		0.6562,		3.774,		1-1
1, 14, 2, 		10, 		0.5811,		0.8344,		1-1
1, 14, 3, 		10, 		0.5824,		2.140,		1-1
1, 14, 4, 		10, 		0.5724,		0.8685,		1-1
1, 14, 5, 		10, 		0.5936,		3.325,		1-1
1, 15, 1, 		10, 		0.5384,		3.170,		1-1
1, 15, 2, 		10, 		0.5028,		1.319,		1-1
1, 15, 3, 		10, 		0.4783,		1.139,		1-1
1, 15, 4, 		10, 		0.4975,		0.9649,		1-1
1, 15, 5, 		10, 		0.5340,		2.701,		1-1
1, 16, 1, 		10, 		0.5753,		1.170,		1-1
1, 16, 2, 		10, 		0.6527,		2.451,		1-1
1, 16, 3, 		10, 		0.5541,		1.428,		1-1
1, 16, 4, 		10, 		0.5603,		3.319,		1-1
1, 16, 5, 		10, 		0.6565,		4.204,		1-1
2, 1, 1, 		10, 		0.4665,		2.086,		1-1
2, 1, 2, 		10, 		0.3949,		2.661,		1-1
2, 1, 3, 		10, 		0.3780,		2.494,		1-1
2, 1, 4, 		10, 		0.3979,		3.469,		1-1
2, 1, 5, 		10, 		0.4261,		2.695,		1-1
2, 2, 1, 		10, 		0.5220,		2.056,		1-1
2, 2, 2, 		10, 		0.4497,		1.060,		1-1
2, 2, 3, 		10, 		0.4301,		0.1011,		1-1
2, 2, 4, 		10, 		0.4269,		1.842,		1-1
2, 2, 5, 		10, 		0.4384,		3.447,		1-1
2, 3, 1, 		20, 		0.5863,		3.176,		2-2
2, 3, 2, 		20, 		0.4553,		6.350,		2-2
2, 3, 3, 		20, 		0.5149,		5.450,		2-2
2, 3, 4, 		20, 		0.5744,		2.568,		2-2
2, 3, 5, 		30, 		0.5793,		4.908,		2-2
2, 4, 1, 		20, 		0.4929,		3.157,		2-2
2, 4, 2, 		20, 		0.4061,		3.337,		2-2
2, 4, 3, 		20, 		0.4181,		2.939,		2-2
2, 4, 4, 		20, 		0.5232,		1.535,		2-2
2, 4, 5, 		20, 		0.4405,		6.521,		2-2
2, 5, 1, 		20, 		0.4938,		6.206,		2-2
2, 5, 2, 		20, 		0.4278,		1.494,		2-2
2, 5, 3, 		30, 		0.5854,		2.571,		2-2
2, 5, 4, 		20, 		0.4829,		3.507,		2-2
2, 5, 5, 		20, 		0.4538,		6.572,		2-2
2, 6, 1, 		20, 		0.5338,		9.046,		2-2
2, 6, 2, 		20, 		0.4174,		4.506,		2-2
2, 6, 3, 		20, 		0.4959,		5.196,		2-2
2, 6, 4, 		20, 		0.4927,		6.358,		2-2
2, 6, 5, 		20, 		0.4929,		4.972,		2-2
2, 7, 1, 		20, 		0.7046,		18.19,		2-1
2, 7, 2, 		20, 		0.4723,		3.982,		2-2
2, 7, 3, 		20, 		0.4883,		5.314,		2-2
2, 7, 4, 		20, 		0.4743,		7.496,		2-2
2, 7, 5, 		20, 		0.4673,		3.183,		2-2
2, 8, 1, 		10, 		0.6943,		3.620,		2-1
2, 8, 2, 		10, 		0.9362,		1.827,		1-1
2, 8, 3, 		10, 		0.9058,		3.107,		1-1
2, 8, 4, 		10, 		0.8745,		2.400,		1-1
2, 8, 5, 		20, 		0.5366,		8.669,		3-1
2, 9, 1, 		10, 		0.9164,		2.319,		1-1
2, 9, 2, 		20, 		0.7861,		7.611,		2-1
2, 9, 3, 		10, 		0.7539,		0.8262,		1-1
2, 9, 4, 		10, 		0.7912,		0.7074,		1-1
2, 9, 5, 		20, 		0.9050,		2.983,		2-1
2, 10, 1, 		10, 		0.4736,		5.613,		2-2
2, 10, 2, 		20, 		0.8234,		8.447,		2-2
2, 10, 3, 		20, 		0.5324,		5.896,		2-2
2, 10, 4, 		20, 		0.5888,		3.104,		2-2
2, 10, 5, 		10, 		0.4748,		4.582,		2-1
2, 11, 1, 		20, 		0.8243,		9.827,		2-2
2, 11, 2, 		20, 		0.6035,		5.440,		2-2
2, 11, 3, 		20, 		0.6698,		2.989,		2-2
2, 11, 4, 		20, 		0.6176,		2.087,		2-2
2, 11, 5, 		20, 		0.8612,		1.517,		2-2
2, 12, 1, 		20, 		0.7044,		3.088,		2-2
2, 12, 2, 		20, 		0.5647,		2.895,		2-2
2, 12, 3, 		20, 		0.6852,		3.201,		2-2
2, 12, 4, 		20, 		0.6505,		1.342,		2-2
2, 12, 5, 		20, 		0.9157,		4.046,		2-2
2, 13, 1, 		20, 		0.5864,		3.665,		2-2
2, 13, 2, 		20, 		0.6384,		3.589,		2-2
2, 13, 3, 		20, 		0.5990,		3.176,		2-2
2, 13, 4, 		20, 		0.5881,		2.264,		2-2
2, 13, 5, 		20, 		0.7085,		4.551,		2-2
2, 14, 1, 		20, 		0.8219,		5.069,		2-2
2, 14, 2, 		10, 		0.7817,		3.309,		2-2
2, 14, 3, 		20, 		0.5342,		3.675,		2-2
2, 14, 4, 		20, 		0.5922,		2.709,		2-2
2, 14, 5, 		20, 		0.6390,		3.926,		2-2
2, 15, 1, 		10, 		0.9364,		1.520,		1-1
2, 15, 2, 		10, 		0.5947,		3.119,		1-1
2, 15, 3, 		10, 		0.5506,		3.661,		1-1
2, 15, 4, 		10, 		0.5263,		0.9618,		1-1
2, 15, 5, 		10, 		0.6746,		2.587,		1-1
2, 16, 1, 		10, 		0.5415,		1.406,		1-1
2, 16, 2, 		10, 		0.5213,		2.197,		1-1
2, 16, 3, 		10, 		0.5510,		3.290,		1-1
2, 16, 4, 		10, 		0.6372,		2.210,		1-1
2, 16, 5, 		10, 		0.6856,		1.089,		1-1
3, 1, 1, 		10, 		0.5386,		3.776,		1-1
3, 1, 2, 		10, 		0.5152,		2.588,		1-1
3, 1, 3, 		10, 		0.4493,		4.325,		1-1
3, 1, 4, 		10, 		0.5869,		0.5849,		1-1
3, 1, 5, 		10, 		0.6794,		5.068,		1-1
3, 2, 1, 		30, 		0.6551,		2.363,		2-2
3, 2, 2, 		20, 		0.4239,		1.669,		2-2
3, 2, 3, 		20, 		0.4110,		3.292,		2-2
3, 2, 4, 		20, 		0.4742,		5.004,		2-2
3, 2, 5, 		30, 		0.7848,		5.651,		2-2
3, 3, 1, 		20, 		0.6358,		7.411,		2-2
3, 3, 2, 		20, 		0.4426,		3.133,		2-2
3, 3, 3, 		20, 		0.4443,		3.052,		2-2
3, 3, 4, 		20, 		0.4446,		1.651,		2-2
3, 3, 5, 		20, 		0.4653,		3.786,		2-2
3, 4, 1, 		20, 		0.4744,		2.653,		2-2
3, 4, 2, 		20, 		0.4177,		0.9870,		2-2
3, 4, 3, 		30, 		0.5153,		1.674,		2-2
3, 4, 4, 		20, 		0.5061,		0.7264,		2-2
3, 4, 5, 		20, 		0.4217,		2.220,		2-2
3, 5, 1, 		20, 		0.4098,		2.684,		2-2
3, 5, 2, 		20, 		0.4123,		1.400,		2-2
3, 5, 3, 		20, 		0.4391,		2.959,		2-2
3, 5, 4, 		20, 		0.4225,		1.387,		2-2
3, 5, 5, 		20, 		0.4102,		2.199,		2-2
3, 6, 1, 		20, 		0.5013,		3.227,		2-2
3, 6, 2, 		20, 		0.3807,		2.498,		2-2
3, 6, 3, 		20, 		0.4516,		3.801,		2-2
3, 6, 4, 		20, 		0.4941,		6.200,		2-2
3, 6, 5, 		20, 		0.4773,		3.928,		2-2
3, 7, 1, 		20, 		0.6661,		10.20,		2-2
3, 7, 2, 		20, 		0.4581,		6.459,		2-2
