1, 1, 1, 		10, 		0.05617,		2.965,		1-1
1, 1, 2, 		10, 		0.06029,		3.113,		1-1
1, 1, 3, 		10, 		0.04570,		0.4883,		1-1
1, 1, 4, 		10, 		0.04321,		4.933,		1-1
1, 1, 5, 		10, 		0.04248,		5.897,		2-1
1, 2, 1, 		10, 		0.05273,		4.753,		1-1
1, 2, 2, 		10, 		0.05035,		1.036,		1-1
1, 2, 3, 		10, 		0.06063,		3.702,		1-1
1, 2, 4, 		10, 		0.05386,		1.151,		1-1
1, 2, 5, 		10, 		0.06128,		0.6049,		1-1
1, 3, 1, 		10, 		0.05441,		4.484,		1-1
1, 3, 2, 		10, 		0.04152,		1.047,		1-1
1, 3, 3, 		10, 		0.04859,		3.816,		1-1
1, 3, 4, 		10, 		0.05530,		5.137,		1-1
1, 3, 5, 		10, 		0.05037,		4.262,		2-1
1, 4, 1, 		10, 		0.04848,		4.870,		2-1
1, 4, 2, 		10, 		0.05269,		5.400,		2-1
1, 4, 3, 		10, 		0.03553,		5.701,		2-1
1, 4, 4, 		10, 		0.06385,		5.507,		2-1
1, 4, 5, 		10, 		0.06128,		7.230,		2-1
1, 5, 1, 		10, 		0.1008,		13.05,		2-1
1, 5, 2, 		10, 		0.07898,		4.600,		2-2
1, 5, 3, 		10, 		0.1374,		8.043,		2-2
1, 5, 4, 		10, 		0.07703,		9.109,		3-2
1, 5, 5, 		10, 		0.09507,		4.299,		2-2
1, 6, 1, 		10, 		0.1023,		14.63,		3-1
1, 6, 2, 		10, 		0.08675,		5.700,		2-2
1, 6, 3, 		10, 		0.09024,		4.490,		2-2
1, 6, 4, 		10, 		0.08741,		2.509,		2-2
1, 6, 5, 		10, 		0.09929,		8.162,		2-2
1, 7, 1, 		10, 		0.09808,		13.79,		2-1
1, 7, 2, 		10, 		0.07678,		19.27,		2-1
1, 7, 3, 		10, 		0.1101,		16.63,		3-1
1, 7, 4, 		10, 		0.07850,		17.47,		3-1
1, 7, 5, 		10, 		0.1064,		16.11,		3-1
1, 8, 1, 		10, 		0.1113,		8.941,		3-1
1, 8, 2, 		10, 		0.1086,		14.85,		3-1
1, 8, 3, 		10, 		0.1295,		14.72,		3-1
1, 8, 4, 		10, 		0.08526,		14.00,		2-1
1, 8, 5, 		10, 		0.09885,		9.791,		2-1
1, 9, 1, 		10, 		0.09415,		20.04,		3-1
1, 9, 2, 		10, 		0.1190,		14.13,		2-1
1, 9, 3, 		10, 		0.09268,		16.61,		3-1
1, 9, 4, 		10, 		0.09740,		17.02,		3-1
1, 9, 5, 		10, 		0.1189,		20.11,		3-1
1, 10, 1, 		10, 		0.06475,		12.64,		2-1
1, 10, 2, 		10, 		0.1106,		16.14,		3-1
1, 10, 3, 		10, 		0.1222,		17.33,		3-1
1, 10, 4, 		10, 		0.1381,		12.55,		3-1
1, 10, 5, 		10, 		0.09466,		18.43,		2-1
1, 11, 1, 		10, 		0.1212,		8.277,		3-2
1, 11, 2, 		10, 		0.1543,		3.543,		2-2
1, 11, 3, 		10, 		0.1039,		2.301,		2-2
1, 11, 4, 		10, 		0.1114,		5.042,		2-2
1, 11, 5, 		10, 		0.09498,		16.96,		3-1
1, 12, 1, 		10, 		0.1266,		4.345,		2-2
1, 12, 2, 		10, 		0.1571,		10.45,		3-2
1, 12, 3, 		10, 		0.09219,		7.743,		3-2
1, 12, 4, 		10, 		0.1356,		4.201,		2-2
1, 12, 5, 		10, 		0.1088,		15.90,		2-1
1, 13, 1, 		10, 		0.07619,		9.985,		2-1
1, 13, 2, 		10, 		0.09101,		7.783,		2-1
1, 13, 3, 		10, 		0.06686,		5.048,		1-1
1, 13, 4, 		10, 		0.07497,		10.57,		2-1
1, 13, 5, 		10, 		0.09009,		13.46,		2-1
1, 14, 1, 		10, 		0.1092,		9.990,		2-1
1, 14, 2, 		10, 		0.09156,		3.541,		1-1
1, 14, 3, 		10, 		0.08313,		12.78,		2-1
1, 14, 4, 		10, 		0.05482,		13.06,		2-1
1, 14, 5, 		10, 		0.05821,		13.30,		2-1
1, 15, 1, 		10, 		0.07395,		8.164,		1-1
1, 15, 2, 		10, 		0.06821,		12.80,		2-1
1, 15, 3, 		10, 		0.08308,		7.968,		2-1
1, 15, 4, 		10, 		0.08629,		12.80,		2-1
1, 15, 5, 		10, 		0.08774,		9.635,		2-1
1, 16, 1, 		10, 		0.06417,		13.61,		2-1
1, 16, 2, 		10, 		0.06929,		10.88,		2-1
1, 16, 3, 		10, 		0.06245,		7.744,		2-1
1, 16, 4, 		10, 		0.05330,		18.47,		3-1
1, 16, 5, 		10, 		0.07704,		5.100,		2-1
2, 1, 1, 		10, 		0.06375,		5.071,		2-1
2, 1, 2, 		10, 		0.05945,		0.2005,		1-1
2, 1, 3, 		10, 		0.05380,		4.757,		2-1
2, 1, 4, 		10, 		0.05504,		5.350,		1-1
2, 1, 5, 		10, 		0.08154,		2.098,		1-1
2, 2, 1, 		10, 		0.09549,		1.931,		1-1
2, 2, 2, 		10, 		0.04568,		2.759,		1-1
2, 2, 3, 		10, 		0.05016,		3.581,		1-1
2, 2, 4, 		10, 		0.05143,		2.688,		2-1
2, 2, 5, 		10, 		0.04644,		5.285,		1-1
2, 3, 1, 		10, 		0.07479,		4.754,		2-2
2, 3, 2, 		10, 		0.1023,		6.308,		2-2
2, 3, 3, 		10, 		0.06891,		7.730,		3-2
2, 3, 4, 		10, 		0.06826,		9.715,		2-2
2, 3, 5, 		10, 		0.1326,		1.118,		2-2
2, 4, 1, 		10, 		0.1110,		8.888,		3-2
2, 4, 2, 		10, 		0.07297,		6.461,		2-2
2, 4, 3, 		10, 		0.1092,		7.416,		2-2
2, 4, 4, 		10, 		0.1069,		6.519,		2-2
2, 4, 5, 		10, 		0.07405,		6.083,		2-2
2, 5, 1, 		10, 		0.05839,		5.799,		2-2
2, 5, 2, 		10, 		0.09108,		6.018,		2-2
2, 5, 3, 		10, 		0.1119,		2.299,		2-2
2, 5, 4, 		10, 		0.09156,		6.458,		2-2
2, 5, 5, 		10, 		0.07035,		3.177,		2-2
2, 6, 1, 		10, 		0.07277,		2.884,		2-2
2, 6, 2, 		10, 		0.1051,		9.801,		3-2
2, 6, 3, 		10, 		0.1116,		11.03,		2-2
2, 6, 4, 		10, 		0.1020,		2.123,		2-2
2, 6, 5, 		10, 		0.07612,		7.551,		3-2
2, 7, 1, 		10, 		0.1224,		7.450,		2-1
2, 7, 2, 		10, 		0.08696,		4.506,		2-2
2, 7, 3, 		10, 		0.07603,		7.898,		3-2
2, 7, 4, 		10, 		0.09184,		5.039,		2-2
2, 7, 5, 		10, 		0.08981,		3.452,		2-2
2, 8, 1, 		10, 		0.1136,		19.19,		3-1
2, 8, 2, 		10, 		0.1011,		16.09,		3-1
2, 8, 3, 		10, 		0.08595,		11.60,		3-1
2, 8, 4, 		10, 		0.1381,		6.376,		1-1
2, 8, 5, 		10, 		0.09504,		17.02,		2-1
2, 9, 1, 		10, 		0.1090,		19.49,		3-1
2, 9, 2, 		10, 		0.1128,		16.45,		3-1
2, 9, 3, 		10, 		0.08712,		9.795,		3-1
2, 9, 4, 		10, 		0.1092,		13.72,		2-1
2, 9, 5, 		10, 		0.1007,		16.64,		3-1
2, 10, 1, 		10, 		0.1084,		6.017,		2-2
2, 10, 2, 		10, 		0.1202,		7.128,		3-2
2, 10, 3, 		10, 		0.1315,		4.837,		2-2
2, 10, 4, 		10, 		0.09967,		5.706,		2-2
2, 10, 5, 		10, 		0.1101,		17.69,		3-1
2, 11, 1, 		10, 		0.1335,		6.036,		2-2
2, 11, 2, 		10, 		0.1198,		5.365,		2-2
2, 11, 3, 		10, 		0.08002,		5.111,		2-2
2, 11, 4, 		10, 		0.1305,		6.060,		2-2
2, 11, 5, 		10, 		0.1652,		5.203,		2-2
2, 12, 1, 		10, 		0.1230,		8.274,		2-2
2, 12, 2, 		10, 		0.1017,		2.918,		2-2
2, 12, 3, 		10, 		0.1233,		7.777,		3-2
2, 12, 4, 		10, 		0.08934,		6.195,		2-2
2, 12, 5, 		10, 		0.1539,		6.400,		2-2
2, 13, 1, 		10, 		0.1344,		4.177,		2-2
2, 13, 2, 		10, 		0.1340,		6.280,		2-2
2, 13, 3, 		10, 		0.1576,		6.566,		2-2
2, 13, 4, 		10, 		0.1267,		7.114,		2-2
2, 13, 5, 		10, 		0.1009,		6.491,		2-2
2, 14, 1, 		10, 		0.1255,		7.762,		2-2
2, 14, 2, 		10, 		0.1646,		5.392,		2-2
2, 14, 3, 		10, 		0.1227,		4.115,		2-2
2, 14, 4, 		10, 		0.1683,		6.385,		2-2
2, 14, 5, 		10, 		0.1166,		5.399,		2-2
2, 15, 1, 		10, 		0.08347,		15.09,		2-1
2, 15, 2, 		10, 		0.07784,		5.065,		1-1
2, 15, 3, 		10, 		0.05173,		4.543,		1-1
2, 15, 4, 		10, 		0.08022,		11.05,		2-1
2, 15, 5, 		10, 		0.07748,		11.38,		2-1
2, 16, 1, 		10, 		0.06393,		3.328,		1-1
2, 16, 2, 		10, 		0.09099,		9.115,		2-1
2, 16, 3, 		10, 		0.08195,		10.10,		2-1
2, 16, 4, 		10, 		0.07742,		14.64,		3-1
2, 16, 5, 		10, 		0.08723,		2.578,		1-1
3, 1, 1, 		10, 		0.06096,		3.044,		1-1
3, 1, 2, 		10, 		0.05739,		7.499,		2-1
3, 1, 3, 		10, 		0.04225,		1.624,		1-1
3, 1, 4, 		10, 		0.07342,		5.244,		1-1
3, 1, 5, 		10, 		0.06662,		3.207,		1-1
3, 2, 1, 		10, 		0.09431,		4.386,		2-2
3, 2, 2, 		10, 		0.1177,		4.477,		2-2
3, 2, 3, 		10, 		0.05974,		2.292,		2-2
3, 2, 4, 		10, 		0.07884,		8.909,		3-2
3, 2, 5, 		10, 		0.1283,		4.296,		2-2
3, 3, 1, 		10, 		0.07412,		4.590,		2-2
3, 3, 2, 		10, 		0.07552,		6.669,		2-2
3, 3, 3, 		10, 		0.1050,		4.836,		2-2
3, 3, 4, 		10, 		0.06790,		2.529,		2-2
3, 3, 5, 		10, 		0.1006,		8.766,		3-2
3, 4, 1, 		10, 		0.08834,		6.134,		2-2
3, 4, 2, 		10, 		0.08254,		7.904,		2-2
3, 4, 3, 		10, 		0.08568,		1.547,		2-2
3, 4, 4, 		10, 		0.1509,		6.436,		2-2
3, 4, 5, 		10, 		0.07874,		2.827,		2-2
3, 5, 1, 		10, 		0.08374,		8.390,		3-2
3, 5, 2, 		10, 		0.08691,		9.633,		3-2
3, 5, 3, 		10, 		0.08307,		2.004,		2-2
3, 5, 4, 		10, 		0.09062,		1.001,		2-2
3, 5, 5, 		10, 		0.08315,		6.208,		2-2
3, 6, 1, 		10, 		0.08021,		4.905,		2-2
3, 6, 2, 		10, 		0.07488,		10.61,		3-2
3, 6, 3, 		10, 		0.07579,		2.592,		2-2
3, 6, 4, 		10, 		0.07682,		7.623,		2-2
3, 6, 5, 		10, 		0.08450,		8.402,		3-2
3, 7, 1, 		10, 		0.07143,		7.357,		2-2
3, 7, 2, 		10, 		0.07135,		14.86,		3-2
3, 7, 3, 		10, 		0.08208,		3.886,		2-2
3, 7, 4, 		10, 		0.09242,		4.432,		2-2
3, 7, 5, 		10, 		0.1019,		11.75,		3-2
3, 8, 1, 		10, 		0.1019,		15.64,		2-1
3, 8, 2, 		10, 		0.08676,		2.969,		2-2
3, 8, 3, 		10, 		0.05056,		12.07,		3-2
3, 8, 4, 		10, 		0.07378,		3.530,		2-2
3, 8, 5, 		10, 		0.09146,		3.728,		2-2
3, 9, 1, 		10, 		0.1430,		11.77,		3-2
3, 9, 2, 		10, 		0.1155,		2.511,		2-2
3, 9, 3, 		10, 		0.1201,		3.863,		2-2
3, 9, 4, 		10, 		0.08777,		12.83,		3-2
3, 9, 5, 		10, 		0.09851,		19.15,		3-1
3, 10, 1, 		10, 		0.1123,		2.422,		2-2
3, 10, 2, 		10, 		0.09079,		5.819,		2-2
3, 10, 3, 		10, 		0.1205,		2.234,		2-2
3, 10, 4, 		10, 		0.1223,		8.951,		2-2
3, 10, 5, 		10, 		0.1102,		5.564,		2-2
3, 11, 1, 		10, 		0.1175,		5.396,		2-2
3, 11, 2, 		10, 		0.1104,		10.39,		3-2
3, 11, 3, 		10, 		0.1397,		3.596,		2-2
3, 11, 4, 		10, 		0.1294,		8.432,		3-2
3, 11, 5, 		10, 		0.1453,		6.163,		2-2
3, 12, 1, 		10, 		0.07950,		4.105,		2-2
3, 12, 2, 		10, 		0.1375,		8.994,		2-2
3, 12, 3, 		10, 		0.1736,		4.557,		2-2
3, 12, 4, 		10, 		0.1383,		10.25,		3-2
3, 12, 5, 		10, 		0.1238,		4.371,		2-2
3, 13, 1, 		10, 		0.1442,		5.370,		2-2
3, 13, 2, 		10, 		0.1072,		7.624,		3-2
3, 13, 3, 		10, 		0.1126,		6.235,		3-2
3, 13, 4, 		10, 		0.1383,		5.351,		2-2
3, 13, 5, 		10, 		0.1396,		7.698,		3-2
3, 14, 1, 		10, 		0.1339,		6.334,		2-2
3, 14, 2, 		10, 		0.1177,		8.889,		3-2
3, 14, 3, 		10, 		0.1101,		8.288,		2-2
3, 14, 4, 		10, 		0.1536,		6.998,		2-2
3, 14, 5, 		10, 		0.1185,		4.686,		2-2
3, 15, 1, 		10, 		0.1251,		7.400,		3-2
3, 15, 2, 		10, 		0.09575,		8.656,		2-2
3, 15, 3, 		10, 		0.1589,		2.357,		2-2
3, 15, 4, 		10, 		0.1256,		5.261,		2-2
3, 15, 5, 		10, 		0.1139,		3.919,		2-2
3, 16, 1, 		10, 		0.06040,		10.13,		2-1
3, 16, 2, 		10, 		0.08813,		8.979,		2-1
3, 16, 3, 		10, 		0.07364,		1.620,		1-1
3, 16, 4, 		10, 		0.06871,		7.022,		1-1
3, 16, 5, 		10, 		0.07706,		11.88,		2-1
4, 1, 1, 		10, 		0.05346,		7.707,		2-1
4, 1, 2, 		10, 		0.04339,		0.8577,		1-1
4, 1, 3, 		10, 		0.07043,		4.095,		2-1
4, 1, 4, 		10, 		0.05692,		7.498,		2-1
4, 1, 5, 		10, 		0.05673,		7.120,		2-1
4, 2, 1, 		10, 		0.1045,		5.799,		2-2
4, 2, 2, 		10, 		0.07616,		4.969,		2-2
4, 2, 3, 		10, 		0.09115,		9.297,		3-2
4, 2, 4, 		10, 		0.1210,		7.136,		2-2
4, 2, 5, 		10, 		0.1423,		4.725,		2-2
4, 3, 1, 		10, 		0.08359,		5.719,		2-2
4, 3, 2, 		10, 		0.09832,		8.794,		3-2
4, 3, 3, 		10, 		0.08267,		9.339,		3-2
4, 3, 4, 		10, 		0.08541,		4.581,		2-2
4, 3, 5, 		10, 		0.09892,		2.652,		2-2
4, 4, 1, 		10, 		0.09513,		3.138,		2-2
4, 4, 2, 		10, 		0.09928,		9.961,		3-2
4, 4, 3, 		10, 		0.08578,		6.790,		2-2
4, 4, 4, 		10, 		0.08466,		4.003,		2-2
4, 4, 5, 		10, 		0.08423,		6.837,		2-2
4, 5, 1, 		10, 		0.1052,		4.945,		2-2
4, 5, 2, 		10, 		0.08295,		10.05,		2-2
4, 5, 3, 		10, 		0.07846,		3.600,		2-2
4, 5, 4, 		10, 		0.08573,		8.888,		3-2
4, 5, 5, 		10, 		0.08259,		9.625,		3-2
4, 6, 1, 		10, 		0.07167,		2.101,		2-2
4, 6, 2, 		10, 		0.08303,		2.607,		2-2
4, 6, 3, 		10, 		0.08673,		5.479,		2-2
4, 6, 4, 		10, 		0.09563,		6.813,		2-2
4, 6, 5, 		10, 		0.07235,		11.40,		3-2
4, 7, 1, 		10, 		0.08664,		5.207,		2-2
4, 7, 2, 		10, 		0.08202,		2.528,		2-2
4, 7, 3, 		10, 		0.1195,		2.632,		2-2
4, 7, 4, 		10, 		0.07994,		4.065,		2-2
4, 7, 5, 		10, 		0.07156,		4.630,		2-2
4, 8, 1, 		10, 		0.1149,		8.248,		3-3
4, 8, 2, 		10, 		0.09961,		8.494,		3-3
4, 8, 3, 		10, 		0.08763,		11.11,		3-3
4, 8, 4, 		10, 		0.1135,		8.537,		3-3
4, 8, 5, 		10, 		0.1462,		8.285,		2-3
4, 9, 1, 		10, 		0.1184,		2.988,		3-3
4, 9, 2, 		10, 		0.1107,		8.981,		3-3
4, 9, 3, 		10, 		0.1267,		15.83,		2-3
4, 9, 4, 		10, 		0.07830,		5.091,		3-3
4, 9, 5, 		10, 		0.1205,		8.418,		3-3
4, 10, 1, 		10, 		0.1276,		10.83,		3-2
4, 10, 2, 		10, 		0.1233,		7.084,		2-2
4, 10, 3, 		10, 		0.08378,		5.198,		2-2
4, 10, 4, 		10, 		0.1056,		8.344,		3-2
4, 10, 5, 		10, 		0.09789,		5.364,		2-2
4, 11, 1, 		10, 		0.1297,		10.34,		3-2
4, 11, 2, 		10, 		0.09977,		11.65,		3-2
4, 11, 3, 		10, 		0.1248,		6.428,		2-2
4, 11, 4, 		10, 		0.1064,		6.117,		2-2
4, 11, 5, 		10, 		0.1043,		4.335,		2-2
4, 12, 1, 		10, 		0.1119,		10.28,		3-2
4, 12, 2, 		10, 		0.1147,		4.916,		2-2
4, 12, 3, 		10, 		0.1484,		6.374,		2-2
4, 12, 4, 		10, 		0.1086,		6.360,		2-2
4, 12, 5, 		10, 		0.1184,		10.48,		3-2
4, 13, 1, 		10, 		0.1403,		9.491,		3-2
4, 13, 2, 		10, 		0.1057,		7.714,		3-2
4, 13, 3, 		10, 		0.1031,		7.821,		2-2
4, 13, 4, 		10, 		0.1059,		6.064,		2-2
4, 13, 5, 		10, 		0.1325,		7.578,		3-2
4, 14, 1, 		10, 		0.1228,		6.019,		2-2
4, 14, 2, 		10, 		0.1185,		8.432,		2-2
4, 14, 3, 		10, 		0.1350,		3.308,		2-2
4, 14, 4, 		10, 		0.1480,		5.189,		2-2
4, 14, 5, 		10, 		0.1230,		3.630,		2-2
4, 15, 1, 		10, 		0.1177,		6.546,		2-2
4, 15, 2, 		10, 		0.1042,		8.676,		3-2
4, 15, 3, 		10, 		0.09303,		4.996,		2-2
4, 15, 4, 		10, 		0.1282,		4.128,		2-2
4, 15, 5, 		10, 		0.1104,		3.423,		2-2
4, 16, 1, 		10, 		0.06602,		3.082,		1-1
4, 16, 2, 		10, 		0.05989,		3.769,		1-1
4, 16, 3, 		10, 		0.06970,		8.105,		2-1
4, 16, 4, 		10, 		0.05780,		6.475,		2-1
4, 16, 5, 		10, 		0.08170,		9.089,		2-1
5, 1, 1, 		10, 		0.09083,		19.04,		3-1
5, 1, 2, 		10, 		0.09695,		3.482,		2-2
5, 1, 3, 		10, 		0.09641,		6.571,		2-2
5, 1, 4, 		10, 		0.08203,		3.539,		2-2
5, 1, 5, 		10, 		0.06674,		8.822,		3-2
5, 2, 1, 		10, 		0.1387,		4.186,		2-2
5, 2, 2, 		10, 		0.07053,		9.437,		3-2
5, 2, 3, 		10, 		0.09892,		4.742,		2-2
5, 2, 4, 		10, 		0.09331,		9.018,		3-2
5, 2, 5, 		10, 		0.08947,		4.266,		2-2
5, 3, 1, 		10, 		0.1105,		5.330,		2-2
5, 3, 2, 		10, 		0.06386,		7.522,		3-2
5, 3, 3, 		10, 		0.08797,		3.343,		2-2
5, 3, 4, 		10, 		0.09671,		3.695,		2-2
5, 3, 5, 		10, 		0.1163,		7.226,		2-2
5, 4, 1, 		10, 		0.08499,		8.146,		3-2
5, 4, 2, 		10, 		0.1166,		7.081,		2-2
5, 4, 3, 		10, 		0.08794,		4.251,		2-2
5, 4, 4, 		10, 		0.09011,		8.072,		3-2
5, 4, 5, 		10, 		0.09185,		3.175,		2-2
5, 5, 1, 		10, 		0.1030,		6.978,		2-2
5, 5, 2, 		10, 		0.08174,		0.5916,		3-2
5, 5, 3, 		10, 		0.1168,		4.835,		2-2
5, 5, 4, 		10, 		0.08736,		4.703,		2-2
5, 5, 5, 		10, 		0.07457,		2.273,		2-2
5, 6, 1, 		10, 		0.09719,		4.678,		2-2
5, 6, 2, 		10, 		0.1022,		3.029,		2-2
5, 6, 3, 		10, 		0.08935,		6.473,		2-2
5, 6, 4, 		10, 		0.07743,		9.882,		3-2
5, 6, 5, 		10, 		0.09138,		9.773,		3-2
5, 7, 1, 		10, 		0.07924,		9.206,		3-3
5, 7, 2, 		10, 		0.08606,		11.67,		3-3
5, 7, 3, 		10, 		0.09488,		6.479,		2-3
5, 7, 4, 		10, 		0.08385,		8.258,		3-3
5, 7, 5, 		10, 		0.1133,		3.804,		2-3
5, 8, 1, 		10, 		0.1697,		12.99,		2-3
5, 8, 2, 		10, 		0.1022,		7.732,		3-3
5, 8, 3, 		10, 		0.08110,		8.331,		3-3
5, 8, 4, 		10, 		0.09013,		5.577,		3-3
5, 8, 5, 		10, 		0.1024,		6.895,		2-3
5, 9, 1, 		10, 		0.1332,		11.02,		3-3
5, 9, 2, 		10, 		0.07290,		6.921,		3-3
5, 9, 3, 		10, 		0.07827,		8.311,		3-3
5, 9, 4, 		10, 		0.1106,		7.286,		3-3
5, 9, 5, 		10, 		0.09157,		7.872,		3-3
5, 10, 1, 		10, 		0.1172,		8.868,		2-3
5, 10, 2, 		10, 		0.1080,		17.16,		3-3
5, 10, 3, 		10, 		0.1071,		3.854,		2-3
5, 10, 4, 		10, 		0.1181,		8.970,		2-3
5, 10, 5, 		10, 		0.09357,		5.956,		2-3
5, 11, 1, 		10, 		0.1132,		4.986,		2-2
5, 11, 2, 		10, 		0.1139,		4.946,		2-2
5, 11, 3, 		10, 		0.1740,		6.055,		2-2
5, 11, 4, 		10, 		0.1238,		4.103,		2-2
5, 11, 5, 		10, 		0.1317,		5.373,		2-2
5, 12, 1, 		10, 		0.1400,		0.9843,		2-2
5, 12, 2, 		10, 		0.1224,		8.883,		3-2
5, 12, 3, 		10, 		0.1163,		4.969,		2-2
5, 12, 4, 		10, 		0.1645,		7.306,		2-2
5, 12, 5, 		10, 		0.1190,		4.628,		2-2
5, 13, 1, 		10, 		0.1146,		9.178,		3-2
5, 13, 2, 		10, 		0.1508,		3.327,		2-2
5, 13, 3, 		10, 		0.1552,		5.253,		2-2
5, 13, 4, 		10, 		0.1139,		6.707,		2-2
5, 13, 5, 		10, 		0.1383,		7.069,		2-2
5, 14, 1, 		10, 		0.09586,		9.231,		3-2
5, 14, 2, 		10, 		0.1413,		7.435,		2-2
5, 14, 3, 		10, 		0.08250,		9.183,		3-2
5, 14, 4, 		10, 		0.1778,		5.081,		2-2
5, 14, 5, 		10, 		0.1598,		6.558,		2-2
5, 15, 1, 		10, 		0.1023,		6.111,		2-2
5, 15, 2, 		10, 		0.1053,		5.251,		2-2
5, 15, 3, 		10, 		0.1382,		5.418,		2-2
5, 15, 4, 		10, 		0.1235,		3.278,		2-2
5, 15, 5, 		10, 		0.1255,		4.805,		2-2
5, 16, 1, 		10, 		0.1302,		6.411,		2-2
5, 16, 2, 		10, 		0.1015,		5.358,		2-2
5, 16, 3, 		10, 		0.1060,		13.22,		3-2
5, 16, 4, 		10, 		0.1031,		7.140,		2-2
5, 16, 5, 		10, 		0.08851,		17.37,		3-1
6, 1, 1, 		10, 		0.1174,		12.50,		3-1
6, 1, 2, 		10, 		0.09513,		6.492,		2-2
6, 1, 3, 		10, 		0.1315,		6.507,		2-2
6, 1, 4, 		10, 		0.06624,		3.998,		2-2
6, 1, 5, 		10, 		0.1198,		4.016,		2-2
6, 2, 1, 		10, 		0.07901,		7.840,		3-2
6, 2, 2, 		10, 		0.06406,		9.290,		3-2
6, 2, 3, 		10, 		0.07796,		1.599,		2-2
6, 2, 4, 		10, 		0.09133,		6.714,		2-2
6, 2, 5, 		10, 		0.07382,		6.222,		2-2
6, 3, 1, 		10, 		0.08458,		6.762,		2-2
6, 3, 2, 		10, 		0.06839,		6.153,		2-2
6, 3, 3, 		10, 		0.1230,		3.740,		2-2
6, 3, 4, 		10, 		0.1088,		4.618,		2-2
6, 3, 5, 		10, 		0.05874,		6.001,		2-2
6, 4, 1, 		10, 		0.09292,		2.170,		2-2
6, 4, 2, 		10, 		0.08398,		8.248,		3-2
6, 4, 3, 		10, 		0.09530,		3.928,		2-2
6, 4, 4, 		10, 		0.06302,		3.665,		2-2
6, 4, 5, 		10, 		0.09030,		1.939,		2-2
6, 5, 1, 		10, 		0.09462,		2.271,		2-2
6, 5, 2, 		10, 		0.08268,		6.490,		2-2
6, 5, 3, 		10, 		0.08087,		4.206,		2-2
6, 5, 4, 		10, 		0.09885,		4.969,		2-2
6, 5, 5, 		10, 		0.08633,		4.461,		2-2
6, 6, 1, 		10, 		0.07184,		8.768,		3-3
6, 6, 2, 		10, 		0.09478,		3.586,		2-3
6, 6, 3, 		10, 		0.05595,		9.465,		3-3
6, 6, 4, 		10, 		0.08900,		11.31,		3-3
6, 6, 5, 		10, 		0.08603,		7.227,		2-3
6, 7, 1, 		10, 		0.09436,		4.502,		2-2
6, 7, 2, 		10, 		0.06348,		3.279,		2-2
6, 7, 3, 		10, 		0.08842,		6.371,		2-2
6, 7, 4, 		10, 		0.06947,		1.212,		2-2
6, 7, 5, 		10, 		0.08633,		3.905,		2-2
6, 8, 1, 		10, 		0.06710,		6.377,		2-2
6, 8, 2, 		10, 		0.05441,		4.666,		2-2
6, 8, 3, 		10, 		0.09063,		2.169,		2-2
6, 8, 4, 		10, 		0.06647,		3.850,		2-2
6, 8, 5, 		10, 		0.08873,		2.457,		2-2
6, 9, 1, 		10, 		0.07682,		6.156,		3-2
6, 9, 2, 		10, 		0.06321,		3.453,		2-2
6, 9, 3, 		10, 		0.06682,		3.632,		2-2
6, 9, 4, 		10, 		0.05819,		5.284,		2-2
6, 9, 5, 		10, 		0.08132,		2.118,		2-2
6, 10, 1, 		10, 		0.07866,		2.263,		2-2
6, 10, 2, 		10, 		0.05801,		5.221,		2-2
6, 10, 3, 		10, 		0.06830,		5.430,		2-2
6, 10, 4, 		10, 		0.06112,		3.849,		2-2
6, 10, 5, 		10, 		0.06728,		5.911,		2-2
6, 11, 1, 		10, 		0.09521,		2.651,		2-3
6, 11, 2, 		10, 		0.1094,		5.966,		2-3
6, 11, 3, 		10, 		0.08727,		4.521,		2-3
6, 11, 4, 		10, 		0.08629,		5.544,		2-3
6, 11, 5, 		10, 		0.08369,		15.05,		3-3
6, 12, 1, 		10, 		0.1248,		4.091,		2-2
6, 12, 2, 		10, 		0.1062,		3.024,		2-2
6, 12, 3, 		10, 		0.1380,		11.39,		3-2
6, 12, 4, 		10, 		0.09895,		8.540,		3-2
6, 12, 5, 		10, 		0.1233,		3.275,		2-2
6, 13, 1, 		10, 		0.1697,		2.812,		2-2
6, 13, 2, 		10, 		0.1319,		6.995,		2-2
6, 13, 3, 		10, 		0.1141,		8.401,		2-2
6, 13, 4, 		10, 		0.1049,		5.638,		2-2
6, 13, 5, 		10, 		0.1027,		9.809,		3-2
6, 14, 1, 		10, 		0.1236,		2.911,		2-2
6, 14, 2, 		10, 		0.1273,		3.007,		2-2
6, 14, 3, 		10, 		0.1383,		4.886,		2-2
6, 14, 4, 		10, 		0.1171,		12.40,		3-2
6, 14, 5, 		10, 		0.1068,		5.904,		2-2
6, 15, 1, 		10, 		0.1021,		7.215,		2-2
6, 15, 2, 		10, 		0.1140,		9.431,		3-2
6, 15, 3, 		10, 		0.09978,		12.27,		3-2
6, 15, 4, 		10, 		0.1624,		7.065,		2-2
6, 15, 5, 		10, 		0.1229,		12.27,		3-2
6, 16, 1, 		10, 		0.1380,		4.517,		2-2
6, 16, 2, 		10, 		0.09298,		4.760,		2-2
6, 16, 3, 		10, 		0.07987,		9.416,		3-2
6, 16, 4, 		10, 		0.09083,		10.70,		3-2
6, 16, 5, 		10, 		0.1127,		11.63,		3-1
7, 1, 1, 		10, 		0.09898,		12.74,		2-1
7, 1, 2, 		10, 		0.1352,		7.242,		2-1
7, 1, 3, 		10, 		0.09213,		18.16,		3-1
7, 1, 4, 		10, 		0.1159,		13.24,		2-1
7, 1, 5, 		10, 		0.09671,		8.566,		2-1
7, 2, 1, 		10, 		0.1342,		9.291,		2-1
7, 2, 2, 		10, 		0.08930,		6.376,		2-2
7, 2, 3, 		10, 		0.09286,		10.22,		3-2
7, 2, 4, 		10, 		0.06980,		7.983,		3-2
7, 2, 5, 		10, 		0.08812,		6.856,		2-2
7, 3, 1, 		10, 		0.06686,		4.107,		2-2
7, 3, 2, 		10, 		0.1124,		4.841,		2-2
7, 3, 3, 		10, 		0.09933,		5.271,		2-2
7, 3, 4, 		10, 		0.05472,		8.262,		3-2
7, 3, 5, 		10, 		0.1153,		4.862,		2-2
7, 4, 1, 		10, 		0.08067,		7.395,		2-2
7, 4, 2, 		10, 		0.09925,		5.636,		2-2
7, 4, 3, 		10, 		0.08395,		6.851,		2-2
7, 4, 4, 		10, 		0.09280,		7.092,		2-2
7, 4, 5, 		10, 		0.08811,		8.569,		3-2
7, 5, 1, 		10, 		0.1019,		8.068,		3-3
7, 5, 2, 		10, 		0.1012,		7.135,		3-3
7, 5, 3, 		10, 		0.1180,		12.20,		2-3
7, 5, 4, 		10, 		0.08566,		7.455,		3-3
7, 5, 5, 		10, 		0.09954,		5.444,		3-3
7, 6, 1, 		10, 		0.08190,		2.452,		2-2
7, 6, 2, 		10, 		0.07248,		5.406,		2-2
7, 6, 3, 		10, 		0.05677,		2.728,		2-2
7, 6, 4, 		10, 		0.07101,		5.473,		2-2
7, 6, 5, 		10, 		0.09829,		6.906,		3-2
7, 7, 1, 		10, 		0.08416,		4.224,		2-2
7, 7, 2, 		10, 		0.05152,		6.720,		2-2
7, 7, 3, 		10, 		0.07843,		2.865,		2-2
7, 7, 4, 		10, 		0.08686,		3.087,		2-2
7, 7, 5, 		10, 		0.07553,		5.297,		2-2
7, 8, 1, 		10, 		0.1022,		0.8095,		2-2
7, 8, 2, 		10, 		0.07185,		6.322,		2-2
7, 8, 3, 		10, 		0.07071,		3.690,		2-2
7, 8, 4, 		10, 		0.07839,		7.620,		3-2
7, 8, 5, 		10, 		0.06481,		6.312,		3-2
7, 9, 1, 		10, 		0.06553,		4.649,		2-2
7, 9, 2, 		10, 		0.06520,		2.551,		2-2
7, 9, 3, 		10, 		0.1059,		2.966,		2-2
7, 9, 4, 		10, 		0.07941,		5.321,		2-2
7, 9, 5, 		10, 		0.05256,		8.139,		3-2
7, 10, 1, 		10, 		0.07418,		6.339,		2-2
7, 10, 2, 		10, 		0.04214,		3.656,		2-2
7, 10, 3, 		10, 		0.07193,		6.400,		2-2
7, 10, 4, 		10, 		0.08959,		8.017,		2-2
7, 10, 5, 		10, 		0.1043,		8.829,		3-2
7, 11, 1, 		10, 		0.05804,		6.745,		2-2
7, 11, 2, 		10, 		0.06272,		4.085,		2-2
7, 11, 3, 		10, 		0.07673,		6.585,		2-2
7, 11, 4, 		10, 		0.09010,		3.335,		2-2
7, 11, 5, 		10, 		0.08082,		7.882,		2-2
7, 12, 1, 		10, 		0.1398,		6.203,		2-3
7, 12, 2, 		10, 		0.08274,		4.067,		2-3
7, 12, 3, 		10, 		0.1344,		23.58,		3-3
7, 12, 4, 		10, 		0.1297,		3.941,		2-3
7, 12, 5, 		10, 		0.09151,		9.204,		2-3
7, 13, 1, 		10, 		0.09633,		10.91,		3-2
7, 13, 2, 		10, 		0.1026,		7.346,		2-2
7, 13, 3, 		10, 		0.1165,		10.70,		3-2
7, 13, 4, 		10, 		0.1534,		1.068,		2-2
7, 13, 5, 		10, 		0.1389,		2.360,		2-2
7, 14, 1, 		10, 		0.1160,		9.695,		3-2
7, 14, 2, 		10, 		0.1290,		8.071,		2-2
7, 14, 3, 		10, 		0.09967,		5.424,		2-2
7, 14, 4, 		10, 		0.1316,		5.589,		2-2
7, 14, 5, 		10, 		0.1546,		2.218,		2-2
7, 15, 1, 		10, 		0.1112,		12.55,		3-2
7, 15, 2, 		10, 		0.1392,		2.612,		2-2
7, 15, 3, 		10, 		0.1372,		5.699,		2-2
7, 15, 4, 		10, 		0.1073,		2.591,		2-2
7, 15, 5, 		10, 		0.09184,		17.87,		3-1
7, 16, 1, 		10, 		0.1190,		17.65,		3-1
7, 16, 2, 		10, 		0.09269,		15.77,		2-1
7, 16, 3, 		10, 		0.1416,		9.950,		2-1
7, 16, 4, 		10, 		0.1150,		13.14,		3-1
7, 16, 5, 		10, 		0.1019,		15.74,		3-1
8, 1, 1, 		10, 		0.1024,		11.79,		2-1
8, 1, 2, 		10, 		0.09789,		15.45,		2-1
8, 1, 3, 		10, 		0.09964,		19.90,		3-1
8, 1, 4, 		10, 		0.08285,		19.89,		3-1
8, 1, 5, 		10, 		0.08844,		17.83,		3-1
8, 2, 1, 		10, 		0.1055,		8.441,		2-1
8, 2, 2, 		10, 		0.08251,		10.84,		3-1
8, 2, 3, 		10, 		0.1030,		16.61,		3-1
8, 2, 4, 		10, 		0.1089,		11.95,		2-1
8, 2, 5, 		10, 		0.1004,		18.30,		3-1
8, 3, 1, 		10, 		0.1148,		9.242,		2-1
8, 3, 2, 		10, 		0.05562,		5.326,		2-2
8, 3, 3, 		10, 		0.07090,		5.077,		2-2
8, 3, 4, 		10, 		0.07685,		4.220,		2-2
8, 3, 5, 		10, 		0.06090,		6.905,		2-2
8, 4, 1, 		10, 		0.1504,		5.155,		3-3
8, 4, 2, 		10, 		0.07990,		5.089,		3-3
8, 4, 3, 		10, 		0.09332,		4.448,		3-3
8, 4, 4, 		10, 		0.08217,		7.753,		3-3
8, 4, 5, 		10, 		0.09777,		8.598,		3-3
8, 5, 1, 		10, 		0.1185,		3.576,		3-3
8, 5, 2, 		10, 		0.1142,		7.432,		3-3
8, 5, 3, 		10, 		0.1140,		11.38,		3-3
8, 5, 4, 		10, 		0.1002,		6.862,		3-3
8, 5, 5, 		10, 		0.07898,		8.608,		3-3
8, 6, 1, 		10, 		0.08582,		5.725,		2-2
8, 6, 2, 		10, 		0.08271,		3.173,		2-2
8, 6, 3, 		10, 		0.08359,		2.697,		2-2
8, 6, 4, 		10, 		0.05595,		7.810,		2-2
8, 6, 5, 		10, 		0.07595,		3.236,		2-2
8, 7, 1, 		10, 		0.06012,		1.778,		2-2
8, 7, 2, 		10, 		0.06872,		3.251,		2-2
8, 7, 3, 		10, 		0.06149,		3.787,		2-2
8, 7, 4, 		10, 		0.07966,		4.070,		2-2
8, 7, 5, 		10, 		0.06078,		4.553,		2-2
8, 8, 1, 		10, 		0.09578,		8.624,		2-2
8, 8, 2, 		10, 		0.06741,		3.609,		2-2
8, 8, 3, 		10, 		0.09423,		3.531,		2-2
8, 8, 4, 		10, 		0.05673,		2.795,		2-2
8, 8, 5, 		10, 		0.05711,		5.639,		2-2
8, 9, 1, 		10, 		0.07834,		5.759,		2-2
8, 9, 2, 		10, 		0.08034,		3.834,		2-2
8, 9, 3, 		10, 		0.08748,		4.344,		2-2
8, 9, 4, 		10, 		0.06603,		4.011,		2-2
8, 9, 5, 		10, 		0.1103,		4.515,		2-2
8, 10, 1, 		10, 		0.06718,		4.129,		2-2
8, 10, 2, 		10, 		0.07015,		2.960,		2-2
8, 10, 3, 		10, 		0.07529,		4.426,		2-2
8, 10, 4, 		10, 		0.09447,		5.346,		2-2
8, 10, 5, 		10, 		0.08837,		4.246,		2-2
8, 11, 1, 		10, 		0.06350,		11.13,		3-2
8, 11, 2, 		10, 		0.07750,		4.780,		2-2
8, 11, 3, 		10, 		0.07525,		4.760,		2-2
8, 11, 4, 		10, 		0.07813,		3.253,		2-2
8, 11, 5, 		10, 		0.1013,		3.210,		2-2
8, 12, 1, 		10, 		0.09541,		8.910,		3-3
8, 12, 2, 		10, 		0.07090,		10.25,		3-3
8, 12, 3, 		10, 		0.09260,		7.795,		3-3
8, 12, 4, 		10, 		0.07421,		12.38,		3-3
8, 12, 5, 		10, 		0.1114,		5.607,		3-3
8, 13, 1, 		10, 		0.08859,		2.307,		3-3
8, 13, 2, 		10, 		0.08762,		5.421,		3-3
8, 13, 3, 		10, 		0.08266,		5.724,		3-3
8, 13, 4, 		10, 		0.1337,		20.59,		3-3
8, 13, 5, 		10, 		0.1197,		11.24,		2-3
8, 14, 1, 		10, 		0.1021,		4.559,		2-2
8, 14, 2, 		10, 		0.09926,		6.409,		2-2
8, 14, 3, 		10, 		0.07423,		9.268,		3-2
8, 14, 4, 		10, 		0.09802,		7.581,		2-2
8, 14, 5, 		10, 		0.1016,		17.87,		3-1
8, 15, 1, 		10, 		0.1165,		16.64,		3-1
8, 15, 2, 		10, 		0.09212,		17.72,		3-1
8, 15, 3, 		10, 		0.08790,		19.40,		3-1
8, 15, 4, 		10, 		0.09288,		6.161,		1-1
8, 15, 5, 		10, 		0.1176,		18.54,		3-1
8, 16, 1, 		10, 		0.08665,		14.91,		2-1
8, 16, 2, 		10, 		0.09007,		14.83,		2-1
8, 16, 3, 		10, 		0.1187,		15.82,		3-1
8, 16, 4, 		10, 		0.1082,		18.85,		3-1
8, 16, 5, 		10, 		0.08864,		18.65,		3-1
9, 1, 1, 		10, 		0.09004,		18.47,		3-1
9, 1, 2, 		10, 		0.1063,		14.31,		3-1
9, 1, 3, 		10, 		0.1032,		18.77,		3-1
9, 1, 4, 		10, 		0.08421,		12.49,		2-1
9, 1, 5, 		10, 		0.1054,		21.87,		3-1
9, 2, 1, 		10, 		0.09830,		15.16,		3-1
9, 2, 2, 		10, 		0.08759,		13.49,		2-1
9, 2, 3, 		10, 		0.09951,		15.05,		3-1
9, 2, 4, 		10, 		0.09937,		7.221,		2-1
9, 2, 5, 		10, 		0.1163,		14.78,		2-1
9, 3, 1, 		10, 		0.1071,		14.31,		3-1
9, 3, 2, 		10, 		0.1485,		9.809,		2-2
9, 3, 3, 		10, 		0.1050,		5.940,		2-2
9, 3, 4, 		10, 		0.1284,		7.058,		2-2
9, 3, 5, 		10, 		0.08541,		5.820,		2-2
9, 4, 1, 		10, 		0.1437,		15.32,		2-3
9, 4, 2, 		10, 		0.09680,		9.819,		3-3
9, 4, 3, 		10, 		0.08850,		4.245,		3-3
9, 4, 4, 		10, 		0.09117,		3.640,		3-3
9, 4, 5, 		10, 		0.08099,		2.457,		3-3
9, 5, 1, 		10, 		0.1103,		18.74,		3-3
9, 5, 2, 		10, 		0.1064,		9.301,		3-3
9, 5, 3, 		10, 		0.1003,		8.170,		3-3
9, 5, 4, 		10, 		0.09960,		7.609,		3-3
9, 5, 5, 		10, 		0.1119,		10.33,		2-3
9, 6, 1, 		10, 		0.06014,		3.299,		2-2
9, 6, 2, 		10, 		0.06742,		2.286,		2-2
9, 6, 3, 		10, 		0.06286,		7.737,		2-2
9, 6, 4, 		10, 		0.06494,		3.922,		2-2
9, 6, 5, 		10, 		0.07674,		3.169,		2-2
9, 7, 1, 		10, 		0.07979,		3.292,		2-2
9, 7, 2, 		10, 		0.05471,		9.033,		3-2
9, 7, 3, 		10, 		0.04792,		2.076,		2-2
9, 7, 4, 		10, 		0.08250,		3.883,		2-2
9, 7, 5, 		10, 		0.05713,		1.892,		2-2
9, 8, 1, 		10, 		0.07293,		4.886,		2-2
9, 8, 2, 		10, 		0.06691,		1.516,		2-2
9, 8, 3, 		10, 		0.06159,		11.21,		3-2
9, 8, 4, 		10, 		0.07340,		3.864,		2-2
9, 8, 5, 		10, 		0.07732,		2.443,		2-2
9, 9, 1, 		10, 		0.06442,		5.748,		2-2
9, 9, 2, 		10, 		0.08149,		3.789,		2-2
9, 9, 3, 		10, 		0.05781,		7.352,		2-2
9, 9, 4, 		10, 		0.07169,		5.723,		2-2
9, 9, 5, 		10, 		0.07861,		3.021,		2-2
9, 10, 1, 		10, 		0.08293,		4.121,		2-2
9, 10, 2, 		10, 		0.04724,		7.020,		2-2
9, 10, 3, 		10, 		0.05482,		7.024,		3-2
9, 10, 4, 		10, 		0.06251,		2.769,		2-2
9, 10, 5, 		10, 		0.05276,		4.359,		2-2
9, 11, 1, 		10, 		0.07362,		8.229,		2-2
9, 11, 2, 		10, 		0.09784,		4.012,		2-2
9, 11, 3, 		10, 		0.08468,		7.084,		3-2
9, 11, 4, 		10, 		0.06787,		3.782,		2-2
9, 11, 5, 		10, 		0.05990,		4.296,		2-2
9, 12, 1, 		10, 		0.1011,		8.653,		3-3
9, 12, 2, 		10, 		0.1224,		8.929,		3-3
9, 12, 3, 		10, 		0.1037,		18.43,		2-3
9, 12, 4, 		10, 		0.1183,		3.030,		3-3
9, 12, 5, 		10, 		0.09845,		10.34,		3-3
9, 13, 1, 		10, 		0.08492,		2.468,		3-3
9, 13, 2, 		10, 		0.1117,		6.033,		3-3
9, 13, 3, 		10, 		0.08791,		5.089,		3-3
9, 13, 4, 		10, 		0.1270,		11.51,		3-3
9, 13, 5, 		10, 		0.1628,		13.67,		2-3
9, 14, 1, 		10, 		0.06544,		10.93,		3-2
9, 14, 2, 		10, 		0.09940,		10.66,		3-2
9, 14, 3, 		10, 		0.07487,		7.772,		2-2
9, 14, 4, 		10, 		0.08598,		9.131,		2-2
9, 14, 5, 		10, 		0.1196,		17.20,		3-1
9, 15, 1, 		10, 		0.1105,		13.23,		2-1
9, 15, 2, 		10, 		0.09986,		13.17,		2-1
9, 15, 3, 		10, 		0.1013,		15.37,		2-1
9, 15, 4, 		10, 		0.1332,		16.25,		2-1
9, 15, 5, 		10, 		0.1099,		16.27,		3-1
9, 16, 1, 		10, 		0.1069,		22.58,		3-1
9, 16, 2, 		10, 		0.1009,		16.69,		2-1
9, 16, 3, 		10, 		0.1117,		4.972,		1-1
9, 16, 4, 		10, 		0.1139,		10.10,		2-1
9, 16, 5, 		10, 		0.1062,		11.11,		2-1
10, 1, 1, 		10, 		0.1526,		6.200,		1-1
10, 1, 2, 		10, 		0.1175,		14.45,		2-1
10, 1, 3, 		10, 		0.1031,		21.27,		3-1
10, 1, 4, 		10, 		0.1023,		17.20,		3-1
10, 1, 5, 		10, 		0.1253,		15.86,		3-1
10, 2, 1, 		10, 		0.1078,		15.13,		3-1
10, 2, 2, 		10, 		0.1329,		7.356,		2-2
10, 2, 3, 		10, 		0.1091,		4.849,		2-2
10, 2, 4, 		10, 		0.1428,		5.216,		2-2
10, 2, 5, 		10, 		0.1076,		6.528,		2-2
10, 3, 1, 		10, 		0.1318,		6.838,		2-2
10, 3, 2, 		10, 		0.1154,		4.868,		2-2
10, 3, 3, 		10, 		0.09308,		8.824,		3-2
10, 3, 4, 		10, 		0.1140,		9.342,		2-2
10, 3, 5, 		10, 		0.1188,		6.173,		2-2
10, 4, 1, 		10, 		0.1102,		5.364,		2-2
10, 4, 2, 		10, 		0.1305,		4.670,		2-2
10, 4, 3, 		10, 		0.1047,		4.275,		2-2
10, 4, 4, 		10, 		0.1101,		3.171,		2-2
10, 4, 5, 		10, 		0.1261,		5.021,		2-2
10, 5, 1, 		10, 		0.09236,		8.131,		3-3
10, 5, 2, 		10, 		0.09834,		11.92,		3-3
10, 5, 3, 		10, 		0.1013,		5.029,		2-3
10, 5, 4, 		10, 		0.09779,		10.04,		3-3
10, 5, 5, 		10, 		0.1031,		26.09,		3-3
10, 6, 1, 		10, 		0.05985,		1.175,		2-2
10, 6, 2, 		10, 		0.05504,		2.095,		2-2
10, 6, 3, 		10, 		0.04636,		3.460,		2-2
10, 6, 4, 		10, 		0.08044,		4.276,		2-2
10, 6, 5, 		10, 		0.08074,		4.313,		2-2
10, 7, 1, 		10, 		0.06082,		4.987,		2-2
10, 7, 2, 		10, 		0.08309,		3.472,		2-2
10, 7, 3, 		10, 		0.06385,		6.036,		2-2
10, 7, 4, 		10, 		0.06714,		5.805,		2-2
10, 7, 5, 		10, 		0.05876,		3.802,		2-2
10, 8, 1, 		10, 		0.06557,		3.808,		2-2
10, 8, 2, 		10, 		0.05552,		3.571,		2-2
10, 8, 3, 		10, 		0.07874,		9.217,		3-2
10, 8, 4, 		10, 		0.06649,		2.305,		2-2
10, 8, 5, 		10, 		0.08445,		1.917,		2-2
10, 9, 1, 		10, 		0.06871,		4.153,		2-2
10, 9, 2, 		10, 		0.06897,		5.946,		2-2
10, 9, 3, 		10, 		0.06483,		1.692,		2-2
10, 9, 4, 		10, 		0.1070,		3.563,		2-2
10, 9, 5, 		10, 		0.07761,		2.570,		2-2
10, 10, 1, 		10, 		0.07709,		5.924,		2-2
10, 10, 2, 		10, 		0.05808,		4.730,		2-2
10, 10, 3, 		10, 		0.04790,		3.562,		2-2
10, 10, 4, 		10, 		0.08366,		4.479,		2-2
10, 10, 5, 		10, 		0.07602,		3.426,		2-2
10, 11, 1, 		10, 		0.05407,		2.027,		2-2
10, 11, 2, 		10, 		0.06378,		5.439,		2-2
10, 11, 3, 		10, 		0.06380,		5.087,		2-2
10, 11, 4, 		10, 		0.06704,		4.055,		2-2
10, 11, 5, 		10, 		0.05668,		2.029,		2-2
10, 12, 1, 		10, 		0.07870,		13.43,		3-3
10, 12, 2, 		10, 		0.1169,		8.689,		3-3
10, 12, 3, 		10, 		0.1076,		14.52,		3-3
10, 12, 4, 		10, 		0.1089,		6.888,		3-3
10, 12, 5, 		10, 		0.1021,		10.15,		3-3
10, 13, 1, 		10, 		0.08491,		7.287,		2-2
10, 13, 2, 		10, 		0.06777,		3.056,		2-2
10, 13, 3, 		10, 		0.09429,		2.801,		2-2
10, 13, 4, 		10, 		0.07810,		5.060,		2-2
10, 13, 5, 		10, 		0.1138,		9.930,		3-2
10, 14, 1, 		10, 		0.1024,		3.684,		2-2
10, 14, 2, 		10, 		0.07553,		2.490,		2-2
10, 14, 3, 		10, 		0.09730,		3.563,		2-2
10, 14, 4, 		10, 		0.06581,		5.857,		2-2
10, 14, 5, 		10, 		0.1034,		4.876,		2-2
10, 15, 1, 		10, 		0.09719,		4.976,		2-2
10, 15, 2, 		10, 		0.06988,		12.90,		3-2
10, 15, 3, 		10, 		0.1078,		14.23,		3-2
10, 15, 4, 		10, 		0.1047,		6.688,		2-2
10, 15, 5, 		10, 		0.1185,		13.69,		2-1
10, 16, 1, 		10, 		0.1181,		4.805,		1-1
10, 16, 2, 		10, 		0.09025,		13.20,		2-1
10, 16, 3, 		10, 		0.1082,		17.57,		3-1
10, 16, 4, 		10, 		0.1130,		18.69,		3-1
10, 16, 5, 		10, 		0.1209,		15.34,		2-1
11, 1, 1, 		10, 		0.09308,		12.46,		3-1
11, 1, 2, 		10, 		0.1249,		7.885,		3-2
11, 1, 3, 		10, 		0.09307,		6.245,		2-2
11, 1, 4, 		10, 		0.1379,		6.335,		2-2
11, 1, 5, 		10, 		0.1110,		4.390,		2-2
11, 2, 1, 		10, 		0.1181,		6.519,		2-2
11, 2, 2, 		10, 		0.1265,		8.156,		3-2
11, 2, 3, 		10, 		0.1064,		3.753,		2-2
11, 2, 4, 		10, 		0.1567,		4.337,		2-2
11, 2, 5, 		10, 		0.1206,		4.736,		2-2
11, 3, 1, 		10, 		0.1154,		8.477,		3-2
11, 3, 2, 		10, 		0.1184,		4.945,		2-2
11, 3, 3, 		10, 		0.1256,		4.604,		2-2
11, 3, 4, 		10, 		0.1016,		5.708,		2-2
11, 3, 5, 		10, 		0.1645,		8.049,		3-2
11, 4, 1, 		10, 		0.09099,		4.648,		2-2
11, 4, 2, 		10, 		0.1342,		7.263,		3-2
11, 4, 3, 		10, 		0.1127,		10.80,		3-2
11, 4, 4, 		10, 		0.1539,		6.876,		2-2
11, 4, 5, 		10, 		0.1345,		9.376,		3-2
11, 5, 1, 		10, 		0.1342,		8.604,		3-2
11, 5, 2, 		10, 		0.1446,		4.933,		2-2
11, 5, 3, 		10, 		0.1464,		4.918,		2-2
11, 5, 4, 		10, 		0.1332,		6.419,		2-2
11, 5, 5, 		10, 		0.1498,		8.754,		3-2
11, 6, 1, 		10, 		0.08450,		2.331,		2-3
11, 6, 2, 		10, 		0.09907,		3.693,		2-3
11, 6, 3, 		10, 		0.09467,		5.365,		2-3
11, 6, 4, 		10, 		0.1001,		6.029,		2-3
11, 6, 5, 		10, 		0.08823,		2.296,		2-3
11, 7, 1, 		10, 		0.07073,		2.944,		2-2
11, 7, 2, 		10, 		0.05766,		4.301,		2-2
11, 7, 3, 		10, 		0.07007,		5.997,		2-2
11, 7, 4, 		10, 		0.08523,		3.699,		2-2
11, 7, 5, 		10, 		0.06435,		3.790,		2-2
11, 8, 1, 		10, 		0.06185,		5.814,		2-2
11, 8, 2, 		10, 		0.06013,		5.725,		2-2
11, 8, 3, 		10, 		0.06392,		4.118,		2-2
11, 8, 4, 		10, 		0.07850,		2.201,		2-2
11, 8, 5, 		10, 		0.1001,		6.561,		2-2
11, 9, 1, 		10, 		0.06078,		5.561,		2-2
11, 9, 2, 		10, 		0.07506,		6.922,		2-2
11, 9, 3, 		10, 		0.09708,		3.480,		2-2
11, 9, 4, 		10, 		0.06211,		4.511,		2-2
11, 9, 5, 		10, 		0.07562,		4.045,		2-2
11, 10, 1, 		10, 		0.09088,		4.188,		2-2
11, 10, 2, 		10, 		0.06028,		5.066,		2-2
11, 10, 3, 		10, 		0.08118,		4.795,		2-2
11, 10, 4, 		10, 		0.06309,		4.831,		2-2
11, 10, 5, 		10, 		0.09471,		3.650,		2-2
11, 11, 1, 		10, 		0.1144,		10.11,		3-3
11, 11, 2, 		10, 		0.1134,		2.614,		2-3
11, 11, 3, 		10, 		0.08526,		4.649,		2-3
11, 11, 4, 		10, 		0.08507,		11.34,		3-3
11, 11, 5, 		10, 		0.06942,		8.541,		3-3
11, 12, 1, 		10, 		0.1081,		9.912,		3-2
11, 12, 2, 		10, 		0.09442,		10.69,		3-2
11, 12, 3, 		10, 		0.08438,		9.156,		2-2
11, 12, 4, 		10, 		0.1491,		4.176,		2-2
11, 12, 5, 		10, 		0.09751,		8.425,		3-2
11, 13, 1, 		10, 		0.1615,		6.110,		2-2
11, 13, 2, 		10, 		0.07040,		6.808,		2-2
11, 13, 3, 		10, 		0.09516,		8.915,		2-2
11, 13, 4, 		10, 		0.08091,		6.017,		2-2
11, 13, 5, 		10, 		0.1036,		5.778,		2-2
11, 14, 1, 		10, 		0.09478,		7.154,		3-2
11, 14, 2, 		10, 		0.09980,		4.584,		2-2
11, 14, 3, 		10, 		0.09885,		7.540,		3-2
11, 14, 4, 		10, 		0.07159,		3.273,		2-2
11, 14, 5, 		10, 		0.07621,		9.617,		3-2
11, 15, 1, 		10, 		0.08935,		6.663,		2-2
11, 15, 2, 		10, 		0.1016,		0.8158,		2-2
11, 15, 3, 		10, 		0.07713,		4.982,		2-2
11, 15, 4, 		10, 		0.08572,		5.693,		2-2
11, 15, 5, 		10, 		0.1027,		6.766,		2-2
11, 16, 1, 		10, 		0.1137,		2.122,		2-2
11, 16, 2, 		10, 		0.06978,		5.827,		2-2
11, 16, 3, 		10, 		0.06551,		7.440,		2-2
11, 16, 4, 		10, 		0.07783,		4.378,		2-2
11, 16, 5, 		10, 		0.1159,		11.78,		3-1
12, 1, 1, 		10, 		0.1016,		17.02,		3-1
12, 1, 2, 		10, 		0.1042,		7.488,		3-2
12, 1, 3, 		10, 		0.1126,		6.838,		2-2
12, 1, 4, 		10, 		0.08195,		5.314,		2-2
12, 1, 5, 		10, 		0.1399,		3.563,		2-2
12, 2, 1, 		10, 		0.1254,		6.348,		2-2
12, 2, 2, 		10, 		0.1264,		12.86,		3-2
12, 2, 3, 		10, 		0.1216,		7.278,		2-2
12, 2, 4, 		10, 		0.1321,		5.464,		2-2
12, 2, 5, 		10, 		0.1066,		5.592,		2-2
12, 3, 1, 		10, 		0.1307,		3.835,		2-2
12, 3, 2, 		10, 		0.1062,		6.021,		2-2
12, 3, 3, 		10, 		0.09800,		5.135,		2-2
12, 3, 4, 		10, 		0.1207,		7.535,		2-2
12, 3, 5, 		10, 		0.1317,		3.936,		2-2
12, 4, 1, 		10, 		0.1021,		6.321,		2-2
12, 4, 2, 		10, 		0.1011,		3.540,		2-2
12, 4, 3, 		10, 		0.1392,		7.028,		2-2
12, 4, 4, 		10, 		0.1208,		6.648,		2-2
12, 4, 5, 		10, 		0.1098,		9.129,		2-2
12, 5, 1, 		10, 		0.1348,		8.059,		2-2
12, 5, 2, 		10, 		0.1163,		4.207,		2-2
12, 5, 3, 		10, 		0.1151,		5.118,		2-2
12, 5, 4, 		10, 		0.1305,		7.195,		2-2
12, 5, 5, 		10, 		0.1304,		9.311,		3-2
12, 6, 1, 		10, 		0.08588,		9.072,		3-2
12, 6, 2, 		10, 		0.1122,		9.366,		3-2
12, 6, 3, 		10, 		0.1113,		3.507,		2-2
12, 6, 4, 		10, 		0.1083,		9.588,		3-2
12, 6, 5, 		10, 		0.1149,		4.220,		2-2
12, 7, 1, 		10, 		0.09318,		12.20,		2-3
12, 7, 2, 		10, 		0.08842,		7.254,		2-3
12, 7, 3, 		10, 		0.09221,		6.223,		2-3
12, 7, 4, 		10, 		0.1157,		7.351,		2-3
12, 7, 5, 		10, 		0.1510,		29.45,		3-3
12, 8, 1, 		10, 		0.1096,		13.24,		2-3
12, 8, 2, 		10, 		0.1335,		7.932,		2-3
12, 8, 3, 		10, 		0.1056,		8.712,		3-3
12, 8, 4, 		10, 		0.09831,		5.468,		3-3
12, 8, 5, 		10, 		0.1076,		8.706,		3-3
12, 9, 1, 		10, 		0.08051,		10.48,		3-3
12, 9, 2, 		10, 		0.1138,		5.774,		3-3
12, 9, 3, 		10, 		0.1066,		6.382,		3-3
12, 9, 4, 		10, 		0.1142,		15.86,		3-3
12, 9, 5, 		10, 		0.1021,		4.258,		3-3
12, 10, 1, 		10, 		0.1255,		14.29,		3-3
12, 10, 2, 		10, 		0.1066,		11.64,		3-3
12, 10, 3, 		10, 		0.1032,		17.32,		2-3
12, 10, 4, 		10, 		0.1214,		3.649,		2-3
12, 10, 5, 		10, 		0.1182,		13.33,		3-3
12, 11, 1, 		10, 		0.1168,		8.326,		3-2
12, 11, 2, 		10, 		0.08447,		4.827,		2-2
12, 11, 3, 		10, 		0.07092,		7.701,		2-2
12, 11, 4, 		10, 		0.09837,		3.534,		2-2
12, 11, 5, 		10, 		0.07422,		11.89,		3-2
12, 12, 1, 		10, 		0.06995,		4.601,		2-2
12, 12, 2, 		10, 		0.09295,		7.537,		2-2
12, 12, 3, 		10, 		0.1060,		5.388,		2-2
12, 12, 4, 		10, 		0.09628,		3.700,		2-2
12, 12, 5, 		10, 		0.08960,		6.323,		2-2
12, 13, 1, 		10, 		0.09009,		6.816,		2-2
12, 13, 2, 		10, 		0.1136,		3.053,		2-2
12, 13, 3, 		10, 		0.08213,		4.016,		2-2
12, 13, 4, 		10, 		0.08681,		6.819,		2-2
12, 13, 5, 		10, 		0.07641,		4.175,		2-2
12, 14, 1, 		10, 		0.08814,		7.041,		3-2
12, 14, 2, 		10, 		0.09504,		6.442,		2-2
12, 14, 3, 		10, 		0.09928,		4.227,		2-2
12, 14, 4, 		10, 		0.1129,		4.869,		2-2
12, 14, 5, 		10, 		0.06825,		7.960,		3-2
12, 15, 1, 		10, 		0.07390,		5.671,		2-2
12, 15, 2, 		10, 		0.1249,		3.102,		2-2
12, 15, 3, 		10, 		0.06746,		6.498,		2-2
12, 15, 4, 		10, 		0.07823,		9.613,		3-2
12, 15, 5, 		10, 		0.07079,		8.121,		2-2
12, 16, 1, 		10, 		0.06846,		4.893,		2-2
12, 16, 2, 		10, 		0.08493,		8.626,		3-2
12, 16, 3, 		10, 		0.07526,		7.958,		2-2
12, 16, 4, 		10, 		0.08633,		4.229,		2-2
12, 16, 5, 		10, 		0.1037,		9.704,		2-1
13, 1, 1, 		10, 		0.07660,		6.910,		1-1
13, 1, 2, 		10, 		0.06260,		3.744,		1-1
13, 1, 3, 		10, 		0.08980,		8.687,		2-1
13, 1, 4, 		10, 		0.06335,		13.01,		2-1
13, 1, 5, 		10, 		0.07503,		7.773,		2-1
13, 2, 1, 		10, 		0.1563,		5.661,		2-2
13, 2, 2, 		10, 		0.09594,		4.071,		2-2
13, 2, 3, 		10, 		0.1019,		8.671,		3-2
13, 2, 4, 		10, 		0.1283,		9.131,		2-2
13, 2, 5, 		10, 		0.1184,		6.486,		2-2
13, 3, 1, 		10, 		0.1406,		4.625,		2-2
13, 3, 2, 		10, 		0.1035,		6.864,		2-2
13, 3, 3, 		10, 		0.2103,		6.072,		2-2
13, 3, 4, 		10, 		0.1330,		11.28,		2-2
13, 3, 5, 		10, 		0.1415,		3.073,		2-2
13, 4, 1, 		10, 		0.1113,		4.817,		2-2
13, 4, 2, 		10, 		0.1219,		10.11,		3-2
13, 4, 3, 		10, 		0.1040,		7.362,		3-2
13, 4, 4, 		10, 		0.1179,		7.917,		2-2
13, 4, 5, 		10, 		0.1097,		6.597,		3-2
13, 5, 1, 		10, 		0.1190,		4.910,		2-2
13, 5, 2, 		10, 		0.1750,		5.775,		2-2
13, 5, 3, 		10, 		0.1464,		11.22,		3-2
13, 5, 4, 		10, 		0.1217,		4.414,		2-2
13, 5, 5, 		10, 		0.09757,		1.775,		2-2
13, 6, 1, 		10, 		0.1180,		4.273,		2-2
13, 6, 2, 		10, 		0.09699,		5.150,		2-2
13, 6, 3, 		10, 		0.1056,		8.123,		3-2
13, 6, 4, 		10, 		0.1257,		3.846,		2-2
13, 6, 5, 		10, 		0.1233,		13.36,		3-2
13, 7, 1, 		10, 		0.1372,		11.16,		3-2
13, 7, 2, 		10, 		0.1233,		7.937,		2-2
13, 7, 3, 		10, 		0.1051,		8.093,		3-2
13, 7, 4, 		10, 		0.1135,		5.988,		2-2
13, 7, 5, 		10, 		0.1471,		5.427,		2-2
13, 8, 1, 		10, 		0.08958,		5.490,		3-3
13, 8, 2, 		10, 		0.08620,		4.102,		3-3
13, 8, 3, 		10, 		0.1139,		14.47,		2-3
13, 8, 4, 		10, 		0.09867,		6.406,		3-3
13, 8, 5, 		10, 		0.06647,		11.49,		3-3
13, 9, 1, 		10, 		0.07585,		8.144,		3-3
13, 9, 2, 		10, 		0.1053,		4.766,		3-3
13, 9, 3, 		10, 		0.09519,		6.799,		3-3
13, 9, 4, 		10, 		0.09001,		6.451,		3-3
13, 9, 5, 		10, 		0.07349,		1.975,		3-3
13, 10, 1, 		10, 		0.08018,		4.221,		2-2
13, 10, 2, 		10, 		0.06608,		5.820,		3-2
13, 10, 3, 		10, 		0.09062,		5.535,		2-2
13, 10, 4, 		10, 		0.09480,		4.858,		2-2
13, 10, 5, 		10, 		0.06172,		9.548,		3-2
13, 11, 1, 		10, 		0.07414,		3.894,		2-2
13, 11, 2, 		10, 		0.08797,		4.357,		2-2
13, 11, 3, 		10, 		0.1100,		3.209,		2-2
13, 11, 4, 		10, 		0.07941,		8.400,		3-2
13, 11, 5, 		10, 		0.08332,		3.237,		2-2
13, 12, 1, 		10, 		0.08981,		2.234,		2-2
13, 12, 2, 		10, 		0.06962,		4.897,		2-2
13, 12, 3, 		10, 		0.1090,		3.398,		2-2
13, 12, 4, 		10, 		0.09383,		5.739,		2-2
13, 12, 5, 		10, 		0.07184,		8.305,		3-2
13, 13, 1, 		10, 		0.08871,		4.572,		2-2
13, 13, 2, 		10, 		0.08607,		2.934,		2-2
13, 13, 3, 		10, 		0.1163,		7.265,		3-2
13, 13, 4, 		10, 		0.08472,		11.40,		3-2
13, 13, 5, 		10, 		0.1193,		8.641,		2-2
13, 14, 1, 		10, 		0.07532,		4.547,		2-2
13, 14, 2, 		10, 		0.08360,		10.36,		3-2
13, 14, 3, 		10, 		0.07238,		5.098,		2-2
13, 14, 4, 		10, 		0.06787,		6.311,		2-2
13, 14, 5, 		10, 		0.09779,		5.180,		2-2
13, 15, 1, 		10, 		0.07171,		4.353,		2-2
13, 15, 2, 		10, 		0.07722,		4.682,		2-2
13, 15, 3, 		10, 		0.08119,		8.369,		3-2
13, 15, 4, 		10, 		0.1086,		6.307,		2-2
13, 15, 5, 		10, 		0.1097,		6.700,		2-2
13, 16, 1, 		10, 		0.05688,		3.709,		1-1
13, 16, 2, 		10, 		0.04724,		10.06,		2-1
13, 16, 3, 		10, 		0.03588,		3.580,		1-1
13, 16, 4, 		10, 		0.03482,		1.454,		1-1
13, 16, 5, 		10, 		0.04750,		4.823,		2-1
14, 1, 1, 		10, 		0.06702,		3.688,		1-1
14, 1, 2, 		10, 		0.07141,		6.774,		2-1
14, 1, 3, 		10, 		0.07172,		14.28,		2-1
14, 1, 4, 		10, 		0.08081,		15.32,		3-1
14, 1, 5, 		10, 		0.07504,		10.66,		2-1
14, 2, 1, 		10, 		0.1814,		6.147,		3-2
14, 2, 2, 		10, 		0.1129,		10.13,		3-2
14, 2, 3, 		10, 		0.1231,		2.149,		2-2
14, 2, 4, 		10, 		0.1349,		6.575,		2-2
14, 2, 5, 		10, 		0.1229,		7.607,		2-2
14, 3, 1, 		10, 		0.1311,		7.608,		3-2
14, 3, 2, 		10, 		0.1226,		5.396,		2-2
14, 3, 3, 		10, 		0.1407,		9.958,		3-2
14, 3, 4, 		10, 		0.1351,		5.611,		2-2
14, 3, 5, 		10, 		0.1394,		4.568,		2-2
14, 4, 1, 		10, 		0.1045,		5.869,		2-2
14, 4, 2, 		10, 		0.1119,		4.271,		2-2
14, 4, 3, 		10, 		0.1309,		8.678,		3-2
14, 4, 4, 		10, 		0.1003,		8.047,		3-2
14, 4, 5, 		10, 		0.1433,		6.684,		2-2
14, 5, 1, 		10, 		0.1140,		6.437,		2-2
14, 5, 2, 		10, 		0.08579,		9.039,		3-2
14, 5, 3, 		10, 		0.1559,		10.24,		3-2
14, 5, 4, 		10, 		0.1145,		10.54,		3-2
14, 5, 5, 		10, 		0.1413,		3.714,		2-2
14, 6, 1, 		10, 		0.1409,		1.344,		2-2
14, 6, 2, 		10, 		0.09604,		8.026,		2-2
14, 6, 3, 		10, 		0.1223,		3.254,		2-2
14, 6, 4, 		10, 		0.1351,		5.765,		3-2
14, 6, 5, 		10, 		0.1439,		8.009,		2-2
14, 7, 1, 		10, 		0.09453,		5.274,		2-2
14, 7, 2, 		10, 		0.1098,		5.451,		2-2
14, 7, 3, 		10, 		0.1111,		7.986,		2-2
14, 7, 4, 		10, 		0.1016,		4.500,		2-2
14, 7, 5, 		10, 		0.09667,		9.545,		3-2
14, 8, 1, 		10, 		0.1335,		13.89,		2-1
14, 8, 2, 		10, 		0.1087,		10.03,		3-2
14, 8, 3, 		10, 		0.1011,		8.263,		2-2
14, 8, 4, 		10, 		0.1154,		4.601,		2-2
14, 8, 5, 		10, 		0.1261,		5.581,		2-2
14, 9, 1, 		10, 		0.07903,		3.675,		2-2
14, 9, 2, 		10, 		0.09931,		11.81,		3-2
14, 9, 3, 		10, 		0.07106,		7.303,		2-2
14, 9, 4, 		10, 		0.07634,		4.087,		2-2
14, 9, 5, 		10, 		0.1050,		14.05,		2-1
14, 10, 1, 		10, 		0.06586,		5.162,		2-2
14, 10, 2, 		10, 		0.07317,		11.65,		3-2
14, 10, 3, 		10, 		0.09505,		9.471,		2-2
14, 10, 4, 		10, 		0.09130,		2.734,		2-2
14, 10, 5, 		10, 		0.08531,		5.335,		2-2
14, 11, 1, 		10, 		0.07789,		12.36,		2-2
14, 11, 2, 		10, 		0.07840,		3.757,		2-2
14, 11, 3, 		10, 		0.1105,		6.758,		2-2
14, 11, 4, 		10, 		0.08347,		4.109,		2-2
14, 11, 5, 		10, 		0.05618,		4.152,		2-2
14, 12, 1, 		10, 		0.09978,		8.435,		3-2
14, 12, 2, 		10, 		0.07120,		2.447,		2-2
14, 12, 3, 		10, 		0.1249,		4.756,		2-2
14, 12, 4, 		10, 		0.08799,		6.878,		2-2
14, 12, 5, 		10, 		0.09321,		6.068,		3-2
14, 13, 1, 		10, 		0.06562,		6.346,		2-2
14, 13, 2, 		10, 		0.08698,		2.566,		2-2
14, 13, 3, 		10, 		0.08532,		8.352,		3-2
14, 13, 4, 		10, 		0.08133,		6.281,		2-2
14, 13, 5, 		10, 		0.06312,		7.383,		3-2
14, 14, 1, 		10, 		0.09606,		5.263,		2-2
14, 14, 2, 		10, 		0.1537,		5.993,		2-2
14, 14, 3, 		10, 		0.1431,		4.656,		2-2
14, 14, 4, 		10, 		0.06975,		4.483,		2-2
14, 14, 5, 		10, 		0.06558,		5.627,		2-2
14, 15, 1, 		10, 		0.09339,		4.895,		2-2
14, 15, 2, 		10, 		0.09564,		5.035,		2-2
14, 15, 3, 		10, 		0.09590,		10.38,		3-2
14, 15, 4, 		10, 		0.09495,		0.9302,		2-2
14, 15, 5, 		10, 		0.09961,		4.765,		2-2
14, 16, 1, 		10, 		0.04898,		1.508,		1-1
14, 16, 2, 		10, 		0.07286,		5.869,		2-1
14, 16, 3, 		10, 		0.04749,		4.799,		1-1
14, 16, 4, 		10, 		0.08216,		3.479,		1-1
14, 16, 5, 		10, 		0.06027,		4.723,		2-1
15, 1, 1, 		10, 		0.08266,		4.755,		1-1
15, 1, 2, 		10, 		0.09245,		9.369,		2-1
15, 1, 3, 		10, 		0.05768,		11.35,		2-1
15, 1, 4, 		10, 		0.07574,		5.726,		1-1
15, 1, 5, 		10, 		0.07994,		4.025,		1-1
15, 2, 1, 		10, 		0.07979,		9.830,		2-1
15, 2, 2, 		10, 		0.08891,		3.740,		1-1
15, 2, 3, 		10, 		0.07473,		2.474,		1-1
15, 2, 4, 		10, 		0.09952,		4.971,		1-1
15, 2, 5, 		10, 		0.06425,		5.967,		1-1
15, 3, 1, 		10, 		0.1598,		11.82,		3-2
15, 3, 2, 		10, 		0.1348,		6.218,		2-2
15, 3, 3, 		10, 		0.1608,		5.140,		2-2
15, 3, 4, 		10, 		0.1326,		9.264,		3-2
15, 3, 5, 		10, 		0.1334,		3.274,		2-2
15, 4, 1, 		10, 		0.09821,		5.349,		2-2
15, 4, 2, 		10, 		0.1274,		8.903,		3-2
15, 4, 3, 		10, 		0.1400,		11.68,		3-2
15, 4, 4, 		10, 		0.1104,		5.891,		2-2
15, 4, 5, 		10, 		0.1163,		5.922,		2-2
15, 5, 1, 		10, 		0.1442,		5.703,		2-2
15, 5, 2, 		10, 		0.1454,		7.293,		2-2
15, 5, 3, 		10, 		0.1046,		7.891,		2-2
15, 5, 4, 		10, 		0.1334,		10.30,		3-2
15, 5, 5, 		10, 		0.09660,		6.126,		2-2
15, 6, 1, 		10, 		0.1139,		8.712,		3-2
15, 6, 2, 		10, 		0.1468,		5.832,		2-2
15, 6, 3, 		10, 		0.1062,		6.782,		2-2
15, 6, 4, 		10, 		0.1388,		8.118,		2-2
15, 6, 5, 		10, 		0.1075,		4.780,		2-2
15, 7, 1, 		10, 		0.1116,		10.14,		2-1
15, 7, 2, 		10, 		0.09738,		6.770,		2-2
15, 7, 3, 		10, 		0.1249,		5.310,		2-2
15, 7, 4, 		10, 		0.09507,		10.51,		3-2
15, 7, 5, 		10, 		0.07754,		3.263,		2-2
15, 8, 1, 		10, 		0.1320,		17.05,		3-1
15, 8, 2, 		10, 		0.1069,		11.52,		2-1
15, 8, 3, 		10, 		0.1349,		10.04,		2-1
15, 8, 4, 		10, 		0.1235,		13.85,		2-1
15, 8, 5, 		10, 		0.1190,		19.60,		3-1
15, 9, 1, 		10, 		0.07199,		16.36,		2-1
15, 9, 2, 		10, 		0.09365,		19.68,		3-1
15, 9, 3, 		10, 		0.1335,		9.719,		2-1
15, 9, 4, 		10, 		0.1174,		17.62,		2-1
15, 9, 5, 		10, 		0.1095,		10.44,		2-1
15, 10, 1, 		10, 		0.09835,		5.773,		2-2
15, 10, 2, 		10, 		0.08867,		2.783,		2-2
15, 10, 3, 		10, 		0.07251,		7.335,		2-2
15, 10, 4, 		10, 		0.08912,		5.393,		2-2
15, 10, 5, 		10, 		0.1162,		13.18,		2-1
15, 11, 1, 		10, 		0.08020,		11.19,		2-2
15, 11, 2, 		10, 		0.09676,		7.865,		3-2
15, 11, 3, 		10, 		0.1034,		2.704,		2-2
15, 11, 4, 		10, 		0.08829,		3.449,		2-2
15, 11, 5, 		10, 		0.08437,		6.855,		2-2
15, 12, 1, 		10, 		0.08489,		5.551,		2-2
15, 12, 2, 		10, 		0.07413,		9.983,		3-2
15, 12, 3, 		10, 		0.08918,		10.12,		3-2
15, 12, 4, 		10, 		0.1007,		6.923,		2-2
15, 12, 5, 		10, 		0.08337,		1.698,		2-2
15, 13, 1, 		10, 		0.07942,		8.794,		3-2
15, 13, 2, 		10, 		0.09919,		1.101,		2-2
15, 13, 3, 		10, 		0.06752,		7.220,		2-2
15, 13, 4, 		10, 		0.09310,		4.221,		2-2
15, 13, 5, 		10, 		0.08006,		5.675,		2-2
15, 14, 1, 		10, 		0.06880,		5.584,		2-2
15, 14, 2, 		10, 		0.08930,		7.055,		2-2
15, 14, 3, 		10, 		0.09720,		11.15,		3-2
15, 14, 4, 		10, 		0.1058,		6.851,		3-2
15, 14, 5, 		10, 		0.09759,		3.976,		2-2
15, 15, 1, 		10, 		0.07184,		5.195,		2-1
15, 15, 2, 		10, 		0.04229,		2.505,		1-1
15, 15, 3, 		10, 		0.04525,		6.249,		2-1
15, 15, 4, 		10, 		0.04567,		6.582,		2-1
15, 15, 5, 		10, 		0.04689,		0.5682,		1-1
15, 16, 1, 		10, 		0.05885,		0.8227,		1-1
15, 16, 2, 		10, 		0.04177,		7.650,		2-1
15, 16, 3, 		10, 		0.04271,		0.9756,		1-1
15, 16, 4, 		10, 		0.04085,		0.7735,		1-1
15, 16, 5, 		10, 		0.05224,		0.5130,		1-1
16, 1, 1, 		10, 		0.04587,		7.417,		2-1
16, 1, 2, 		10, 		0.06474,		12.61,		2-1
16, 1, 3, 		10, 		0.06578,		10.10,		2-1
16, 1, 4, 		10, 		0.06092,		10.18,		2-1
16, 1, 5, 		10, 		0.09882,		11.41,		2-1
16, 2, 1, 		10, 		0.06392,		11.71,		2-1
16, 2, 2, 		10, 		0.06219,		5.911,		2-1
16, 2, 3, 		10, 		0.07882,		3.102,		1-1
16, 2, 4, 		10, 		0.08408,		8.499,		2-1
16, 2, 5, 		10, 		0.08169,		9.443,		2-1
16, 3, 1, 		10, 		0.07273,		4.427,		1-1
16, 3, 2, 		10, 		0.06828,		4.471,		1-1
16, 3, 3, 		10, 		0.08101,		6.953,		2-1
16, 3, 4, 		10, 		0.08844,		1.622,		1-1
16, 3, 5, 		10, 		0.07706,		10.42,		2-1
16, 4, 1, 		10, 		0.08498,		1.953,		1-1
16, 4, 2, 		10, 		0.08260,		6.392,		2-1
16, 4, 3, 		10, 		0.08340,		9.510,		2-1
16, 4, 4, 		10, 		0.07060,		8.823,		2-1
16, 4, 5, 		10, 		0.1014,		3.706,		1-1
16, 5, 1, 		10, 		0.1089,		12.61,		2-1
16, 5, 2, 		10, 		0.1248,		4.727,		2-2
16, 5, 3, 		10, 		0.1244,		7.393,		2-2
16, 5, 4, 		10, 		0.1507,		1.101,		2-2
16, 5, 5, 		10, 		0.1273,		5.420,		2-2
16, 6, 1, 		10, 		0.09507,		14.07,		3-1
16, 6, 2, 		10, 		0.1144,		11.05,		3-2
16, 6, 3, 		10, 		0.09712,		11.29,		3-2
16, 6, 4, 		10, 		0.1266,		4.276,		2-2
16, 6, 5, 		10, 		0.1259,		12.21,		3-2
16, 7, 1, 		10, 		0.1209,		12.48,		2-1
16, 7, 2, 		10, 		0.1073,		17.46,		2-1
16, 7, 3, 		10, 		0.1345,		16.06,		2-1
16, 7, 4, 		10, 		0.1065,		16.90,		3-1
16, 7, 5, 		10, 		0.1178,		16.63,		2-1
16, 8, 1, 		10, 		0.09978,		19.72,		3-1
16, 8, 2, 		10, 		0.09611,		16.71,		3-1
16, 8, 3, 		10, 		0.1043,		13.52,		3-1
16, 8, 4, 		10, 		0.09896,		20.09,		3-1
16, 8, 5, 		10, 		0.1163,		13.33,		2-1
16, 9, 1, 		10, 		0.09825,		18.28,		2-1
16, 9, 2, 		10, 		0.1072,		16.51,		3-1
16, 9, 3, 		10, 		0.1059,		16.68,		2-1
16, 9, 4, 		10, 		0.1009,		20.47,		3-1
16, 9, 5, 		10, 		0.1426,		6.722,		2-1
16, 10, 1, 		10, 		0.1057,		14.46,		2-1
16, 10, 2, 		10, 		0.06396,		19.87,		3-1
16, 10, 3, 		10, 		0.1390,		16.92,		2-1
16, 10, 4, 		10, 		0.1156,		17.70,		3-1
16, 10, 5, 		10, 		0.1119,		16.03,		3-1
16, 11, 1, 		10, 		0.09738,		5.982,		2-2
16, 11, 2, 		10, 		0.1150,		6.202,		2-2
16, 11, 3, 		10, 		0.09607,		3.225,		2-2
16, 11, 4, 		10, 		0.08938,		6.314,		2-2
16, 11, 5, 		10, 		0.1238,		12.78,		2-1
16, 12, 1, 		10, 		0.07798,		6.048,		2-2
16, 12, 2, 		10, 		0.1053,		9.434,		3-2
16, 12, 3, 		10, 		0.1085,		6.641,		2-2
16, 12, 4, 		10, 		0.08424,		7.301,		3-2
16, 12, 5, 		10, 		0.08902,		12.77,		2-1
16, 13, 1, 		10, 		0.08754,		3.285,		1-1
16, 13, 2, 		10, 		0.04253,		0.5755,		1-1
16, 13, 3, 		10, 		0.04879,		2.845,		1-1
16, 13, 4, 		10, 		0.06026,		7.583,		2-1
16, 13, 5, 		10, 		0.05880,		1.135,		1-1
16, 14, 1, 		10, 		0.05380,		8.518,		2-1
16, 14, 2, 		10, 		0.05083,		3.143,		1-1
16, 14, 3, 		10, 		0.04496,		2.050,		1-1
16, 14, 4, 		10, 		0.05093,		3.054,		2-1
16, 14, 5, 		10, 		0.03350,		3.080,		1-1
16, 15, 1, 		10, 		0.05655,		1.055,		1-1
16, 15, 2, 		10, 		0.07373,		3.427,		2-1
16, 15, 3, 		10, 		0.06688,		0.9493,		1-1
16, 15, 4, 		10, 		0.05866,		2.978,		1-1
16, 15, 5, 		10, 		0.06228,		3.687,		1-1
16, 16, 1, 		10, 		0.04779,		4.188,		1-1
16, 16, 2, 		10, 		0.04214,		2.032,		1-1
16, 16, 3, 		10, 		0.06921,		3.711,		1-1
16, 16, 4, 		10, 		0.06773,		1.888,		1-1
16, 16, 5, 		10, 		0.05021,		1.108,		1-1
