1, 1, 1, 		10, 		0.08611,		4.896,		1-1
1, 2, 1, 		10, 		0.09138,		2.746,		1-1
1, 3, 1, 		10, 		0.1141,		3.075,		1-1
1, 4, 1, 		10, 		0.1063,		3.399,		1-1
1, 5, 1, 		10, 		0.1188,		3.570,		1-1
1, 6, 1, 		10, 		0.3803,		0.4602,		1-1
1, 7, 1, 		10, 		0.1346,		1.422,		2-2
1, 8, 1, 		20, 		0.3361,		1.377,		2-2
1, 9, 1, 		10, 		0.1516,		1.261,		2-2
1, 10, 1, 		20, 		0.3787,		1.197,		2-2
2, 1, 1, 		10, 		0.09776,		3.789,		1-1
2, 2, 1, 		10, 		0.1079,		1.033,		1-1
2, 3, 1, 		10, 		0.1545,		3.440,		1-1
2, 4, 1, 		20, 		0.2807,		2.216,		2-2
2, 5, 1, 		20, 		0.2957,		1.276,		2-2
2, 6, 1, 		10, 		0.4005,		0.7770,		1-1
2, 7, 1, 		10, 		0.1334,		1.415,		2-2
2, 8, 1, 		20, 		0.3387,		1.145,		2-2
2, 9, 1, 		20, 		0.3538,		1.124,		2-2
2, 10, 1, 		10, 		0.1502,		1.968,		2-2
3, 1, 1, 		10, 		0.1291,		2.991,		1-1
3, 2, 1, 		10, 		0.1152,		4.419,		1-1
3, 3, 1, 		20, 		0.3068,		2.661,		2-2
3, 4, 1, 		20, 		0.3017,		1.116,		2-2
3, 5, 1, 		30, 		0.3927,		2.406,		2-2
3, 6, 1, 		20, 		0.2906,		4.639,		2-2
3, 7, 1, 		20, 		0.3300,		1.321,		2-2
3, 8, 1, 		10, 		0.1536,		1.065,		2-2
3, 9, 1, 		10, 		0.1498,		1.268,		2-2
3, 10, 1, 		20, 		0.3564,		0.4364,		2-2
4, 1, 1, 		30, 		0.4169,		6.286,		2-2
4, 2, 1, 		20, 		0.3180,		3.662,		2-2
4, 3, 1, 		20, 		0.3229,		2.514,		2-2
4, 4, 1, 		20, 		0.3324,		1.659,		2-2
4, 5, 1, 		30, 		0.4518,		1.648,		2-2
4, 6, 1, 		20, 		0.3592,		2.371,		2-2
4, 7, 1, 		20, 		0.3730,		1.490,		2-2
4, 8, 1, 		20, 		0.3795,		1.245,		2-2
4, 9, 1, 		20, 		0.3603,		1.174,		2-2
4, 10, 1, 		10, 		0.1665,		2.066,		2-2
5, 1, 1, 		30, 		0.4056,		3.692,		2-2
5, 2, 1, 		20, 		0.3117,		2.696,		2-2
5, 3, 1, 		20, 		0.3157,		2.001,		2-2
5, 4, 1, 		30, 		0.4541,		2.371,		2-2
5, 5, 1, 		40, 		0.3560,		1.591,		3-3
5, 6, 1, 		40, 		0.3452,		2.007,		3-3
5, 7, 1, 		40, 		0.3318,		2.318,		3-3
5, 8, 1, 		20, 		0.5417,		1.769,		2-3
5, 9, 1, 		20, 		0.4776,		1.532,		2-3
5, 10, 1, 		30, 		0.2922,		2.183,		2-2
6, 1, 1, 		30, 		0.3447,		2.424,		2-2
6, 2, 1, 		20, 		0.2692,		1.313,		2-2
6, 3, 1, 		30, 		0.3545,		3.117,		2-2
6, 4, 1, 		20, 		0.3302,		2.687,		2-2
6, 5, 1, 		40, 		0.3109,		1.189,		3-3
6, 6, 1, 		50, 		0.3325,		2.049,		3-3
6, 7, 1, 		50, 		0.3403,		2.450,		3-3
6, 8, 1, 		30, 		0.3171,		1.961,		2-2
6, 9, 1, 		30, 		0.2475,		1.742,		2-2
6, 10, 1, 		30, 		0.2134,		1.805,		2-2
7, 1, 1, 		10, 		0.4080,		5.975,		1-2
7, 2, 1, 		10, 		0.4875,		7.110,		1-2
7, 3, 1, 		10, 		0.5753,		8.849,		1-2
7, 4, 1, 		30, 		0.3437,		1.749,		2-2
7, 5, 1, 		50, 		0.3038,		2.184,		3-3
7, 6, 1, 		20, 		0.3781,		2.215,		2-2
7, 7, 1, 		30, 		0.4072,		3.177,		2-2
7, 8, 1, 		30, 		0.2518,		1.065,		2-2
7, 9, 1, 		30, 		0.2197,		1.519,		2-2
7, 10, 1, 		30, 		0.2058,		1.366,		2-2
8, 1, 1, 		10, 		0.2748,		6.137,		1-2
8, 2, 1, 		10, 		0.3140,		5.231,		1-2
8, 3, 1, 		10, 		0.3517,		7.553,		1-2
8, 4, 1, 		10, 		0.2449,		9.579,		1-1
8, 5, 1, 		30, 		0.1804,		1.550,		2-2
8, 6, 1, 		30, 		0.1908,		2.865,		2-2
8, 7, 1, 		30, 		0.2436,		1.624,		2-2
8, 8, 1, 		30, 		0.2433,		1.166,		2-2
8, 9, 1, 		30, 		0.2467,		0.9668,		2-2
8, 10, 1, 		40, 		0.2772,		0.7740,		2-2
9, 1, 1, 		10, 		0.2035,		1.136,		1-2
9, 2, 1, 		10, 		0.2063,		5.704,		1-2
9, 3, 1, 		10, 		0.1633,		4.935,		1-1
9, 4, 1, 		10, 		0.1403,		2.811,		1-1
9, 5, 1, 		10, 		0.5509,		5.298,		1-2
9, 6, 1, 		20, 		0.2525,		1.481,		1-1
9, 7, 1, 		30, 		0.2046,		1.505,		2-2
9, 8, 1, 		30, 		0.2472,		1.204,		2-2
9, 9, 1, 		30, 		0.2637,		1.423,		2-2
9, 10, 1, 		20, 		0.1928,		1.035,		2-2
10, 1, 1, 		10, 		0.1613,		6.630,		1-1
10, 2, 1, 		10, 		0.1379,		2.091,		1-1
10, 3, 1, 		10, 		0.1429,		3.891,		1-1
10, 4, 1, 		10, 		0.1193,		3.053,		1-1
10, 5, 1, 		10, 		0.4841,		7.422,		1-2
10, 6, 1, 		10, 		0.08849,		0.5152,		1-1
10, 7, 1, 		30, 		0.2067,		1.412,		2-2
10, 8, 1, 		30, 		0.2581,		1.210,		2-2
10, 9, 1, 		30, 		0.2839,		1.134,		2-2
10, 10, 1, 		20, 		0.2325,		1.393,		2-2
