1, 1, 1, 		0.4682,		4.067,		1-1
1, 1, 2, 		0.4337,		2.685,		2-1
1, 1, 3, 		0.4290,		4.094,		1-1
1, 1, 4, 		0.2843,		2.847,		2-1
1, 1, 5, 		0.3289,		4.825,		2-1
1, 2, 1, 		0.3821,		4.801,		2-1
1, 2, 2, 		0.2885,		3.523,		2-1
1, 2, 3, 		0.3957,		3.184,		1-1
1, 2, 4, 		0.3378,		6.365,		1-1
1, 2, 5, 		0.4060,		4.253,		2-1
1, 3, 1, 		0.4321,		5.922,		2-1
1, 3, 2, 		0.3818,		2.601,		1-1
1, 3, 3, 		0.4539,		3.683,		1-1
1, 3, 4, 		0.4535,		3.713,		1-1
1, 3, 5, 		0.4369,		1.977,		2-1
1, 4, 1, 		0.3042,		4.537,		2-1
1, 4, 2, 		0.4063,		4.252,		2-1
1, 4, 3, 		0.5179,		7.787,		2-1
1, 4, 4, 		0.3376,		2.147,		3-1
1, 4, 5, 		0.4694,		1.472,		1-1
1, 5, 1, 		0.5275,		16.16,		2-1
1, 5, 2, 		0.4769,		17.60,		3-2
1, 5, 3, 		0.3013,		6.051,		2-2
1, 5, 4, 		0.6687,		12.31,		2-2
1, 5, 5, 		0.4401,		6.690,		3-2
1, 6, 1, 		0.5787,		3.058,		1-1
1, 6, 2, 		0.6244,		5.230,		2-2
1, 6, 3, 		0.5268,		4.285,		2-2
1, 6, 4, 		0.6255,		18.43,		2-2
1, 6, 5, 		0.5914,		25.46,		3-2
1, 7, 1, 		0.5852,		8.823,		3-1
1, 7, 2, 		0.5470,		10.74,		2-1
1, 7, 3, 		0.5260,		1.580,		1-1
1, 7, 4, 		0.3364,		14.70,		3-1
1, 7, 5, 		0.5472,		16.64,		2-1
1, 8, 1, 		0.4257,		9.507,		3-1
1, 8, 2, 		0.4485,		6.581,		1-1
1, 8, 3, 		0.5106,		19.48,		2-1
1, 8, 4, 		0.6043,		14.27,		2-1
1, 8, 5, 		0.5551,		17.53,		3-1
1, 9, 1, 		0.4349,		12.28,		2-1
1, 9, 2, 		0.4443,		17.72,		2-1
1, 9, 3, 		0.4143,		1.463,		1-1
1, 9, 4, 		0.4040,		13.75,		2-1
1, 9, 5, 		0.5020,		5.435,		2-1
1, 10, 1, 		0.5164,		22.80,		3-1
1, 10, 2, 		0.4274,		9.523,		2-1
1, 10, 3, 		0.6115,		7.720,		1-1
1, 10, 4, 		0.5232,		5.592,		1-1
1, 10, 5, 		0.4749,		14.59,		2-1
1, 11, 1, 		0.6654,		4.696,		2-2
1, 11, 2, 		0.6002,		10.71,		3-2
1, 11, 3, 		0.7295,		2.170,		2-2
1, 11, 4, 		0.4448,		3.958,		2-2
1, 11, 5, 		0.3819,		15.10,		2-1
1, 12, 1, 		0.6278,		5.194,		2-2
1, 12, 2, 		0.5885,		8.408,		3-2
1, 12, 3, 		0.5330,		1.644,		2-2
1, 12, 4, 		0.4387,		11.28,		2-2
1, 12, 5, 		0.5624,		0.9488,		2-1
1, 13, 1, 		0.4262,		4.038,		1-1
1, 13, 2, 		0.3340,		3.293,		2-1
1, 13, 3, 		0.6710,		4.202,		1-1
1, 13, 4, 		0.4430,		13.19,		2-1
1, 13, 5, 		0.5546,		2.120,		1-1
1, 14, 1, 		0.5244,		6.278,		2-1
1, 14, 2, 		0.4959,		0.4595,		1-1
1, 14, 3, 		0.5618,		2.020,		1-1
1, 14, 4, 		0.4894,		16.17,		2-1
1, 14, 5, 		0.3785,		6.541,		1-1
1, 15, 1, 		0.4701,		12.80,		2-1
1, 15, 2, 		0.4429,		13.41,		2-1
1, 15, 3, 		0.4769,		5.154,		1-1
1, 15, 4, 		0.4209,		7.946,		2-1
1, 15, 5, 		0.3811,		2.104,		1-1
1, 16, 1, 		0.3370,		12.40,		2-1
1, 16, 2, 		0.5618,		0.9962,		2-1
1, 16, 3, 		0.3412,		3.627,		1-1
1, 16, 4, 		0.4288,		2.716,		1-1
1, 16, 5, 		0.4610,		3.981,		1-1
2, 1, 1, 		0.3796,		5.562,		2-1
2, 1, 2, 		0.3147,		2.777,		1-1
2, 1, 3, 		0.4530,		2.868,		2-1
2, 1, 4, 		0.3552,		3.607,		1-1
2, 1, 5, 		0.3509,		2.156,		1-1
2, 2, 1, 		0.3300,		7.094,		2-1
2, 2, 2, 		0.3095,		7.794,		2-1
2, 2, 3, 		0.3506,		1.601,		1-1
2, 2, 4, 		0.4128,		10.52,		2-1
2, 2, 5, 		0.2757,		9.566,		2-1
2, 3, 1, 		0.6045,		12.24,		3-2
2, 3, 2, 		0.5673,		10.86,		2-2
2, 3, 3, 		0.5640,		11.20,		3-2
2, 3, 4, 		0.5855,		10.80,		3-2
2, 3, 5, 		0.5102,		13.36,		3-2
2, 4, 1, 		0.5155,		11.66,		3-2
2, 4, 2, 		0.3633,		4.232,		3-2
2, 4, 3, 		0.4858,		6.158,		2-2
2, 4, 4, 		0.6418,		4.692,		2-2
2, 4, 5, 		0.4467,		15.91,		2-2
2, 5, 1, 		0.4813,		15.13,		3-2
2, 5, 2, 		0.3860,		9.772,		3-2
2, 5, 3, 		0.6780,		10.40,		3-2
2, 5, 4, 		0.4896,		6.802,		3-2
2, 5, 5, 		0.5764,		8.655,		3-2
2, 6, 1, 		0.5370,		7.852,		2-2
2, 6, 2, 		0.5081,		3.911,		2-2
2, 6, 3, 		0.5087,		9.331,		3-2
2, 6, 4, 		0.5737,		14.00,		3-2
2, 6, 5, 		0.4619,		9.809,		3-2
2, 7, 1, 		0.4961,		15.34,		2-1
2, 7, 2, 		0.4514,		12.32,		3-2
2, 7, 3, 		0.3672,		12.13,		3-2
2, 7, 4, 		0.3684,		11.85,		2-2
2, 7, 5, 		0.4344,		6.011,		2-2
2, 8, 1, 		0.7497,		2.762,		2-1
2, 8, 2, 		0.5699,		16.32,		2-1
2, 8, 3, 		0.4611,		8.856,		3-1
2, 8, 4, 		0.4911,		2.275,		2-1
2, 8, 5, 		0.5740,		7.832,		2-1
2, 9, 1, 		0.5636,		5.093,		1-1
2, 9, 2, 		0.5140,		5.746,		2-1
2, 9, 3, 		0.4373,		1.260,		1-1
2, 9, 4, 		0.4428,		1.496,		1-1
2, 9, 5, 		0.7030,		12.57,		3-1
2, 10, 1, 		0.5201,		5.926,		2-2
2, 10, 2, 		0.7709,		9.698,		2-2
2, 10, 3, 		0.4387,		9.730,		2-2
2, 10, 4, 		0.5049,		3.580,		2-2
2, 10, 5, 		0.3906,		4.756,		2-1
2, 11, 1, 		0.7291,		19.31,		3-2
2, 11, 2, 		0.4796,		8.247,		2-2
2, 11, 3, 		0.7334,		5.505,		2-2
2, 11, 4, 		0.5674,		10.01,		3-2
2, 11, 5, 		0.6433,		11.99,		3-2
2, 12, 1, 		0.8099,		4.303,		2-2
2, 12, 2, 		0.5046,		5.239,		2-2
2, 12, 3, 		0.9141,		14.03,		2-2
2, 12, 4, 		0.5995,		8.333,		3-2
2, 12, 5, 		0.7656,		22.38,		3-2
2, 13, 1, 		0.3970,		6.522,		2-2
2, 13, 2, 		0.5998,		12.39,		3-2
2, 13, 3, 		0.5722,		7.194,		3-2
2, 13, 4, 		0.6842,		6.697,		2-2
2, 13, 5, 		0.6097,		8.022,		3-2
2, 14, 1, 		0.6632,		4.048,		3-2
2, 14, 2, 		0.9414,		11.18,		3-2
2, 14, 3, 		0.5130,		5.827,		2-2
2, 14, 4, 		0.5082,		8.085,		3-2
2, 14, 5, 		0.4988,		8.186,		3-2
2, 15, 1, 		0.5998,		16.08,		3-1
2, 15, 2, 		0.3919,		12.62,		2-1
2, 15, 3, 		0.5093,		0.5324,		1-1
2, 15, 4, 		0.3988,		1.859,		1-1
2, 15, 5, 		0.5816,		7.058,		2-1
2, 16, 1, 		0.4026,		8.964,		2-1
2, 16, 2, 		0.4619,		4.187,		1-1
2, 16, 3, 		0.5366,		5.388,		1-1
2, 16, 4, 		0.5653,		6.741,		2-1
2, 16, 5, 		0.4742,		5.576,		1-1
3, 1, 1, 		0.4201,		1.317,		2-1
3, 1, 2, 		0.4027,		4.383,		1-1
3, 1, 3, 		0.3673,		2.161,		1-1
3, 1, 4, 		0.5245,		8.773,		3-1
3, 1, 5, 		0.4005,		2.388,		2-1
3, 2, 1, 		0.5030,		11.61,		3-2
3, 2, 2, 		0.4641,		13.04,		3-2
3, 2, 3, 		0.5981,		5.236,		2-2
3, 2, 4, 		0.4716,		9.151,		2-2
3, 2, 5, 		0.6662,		16.37,		3-2
3, 3, 1, 		0.6300,		14.03,		3-2
3, 3, 2, 		0.4320,		12.10,		3-2
3, 3, 3, 		0.4660,		9.959,		2-2
3, 3, 4, 		0.4773,		8.658,		2-2
3, 3, 5, 		0.5173,		7.793,		3-2
3, 4, 1, 		0.6306,		4.375,		2-2
3, 4, 2, 		0.5597,		5.916,		2-2
3, 4, 3, 		0.4589,		6.611,		3-2
3, 4, 4, 		0.6193,		12.72,		3-2
3, 4, 5, 		0.5303,		5.293,		2-2
3, 5, 1, 		0.3224,		7.214,		3-2
3, 5, 2, 		0.4418,		18.50,		3-2
3, 5, 3, 		0.5916,		17.12,		3-2
3, 5, 4, 		0.3675,		8.078,		3-2
3, 5, 5, 		0.4349,		6.696,		2-2
3, 6, 1, 		0.6143,		3.914,		3-2
3, 6, 2, 		0.4744,		5.996,		2-2
3, 6, 3, 		0.5012,		13.75,		3-2
3, 6, 4, 		0.5498,		13.87,		3-2
3, 6, 5, 		0.5870,		5.706,		3-2
3, 7, 1, 		0.6062,		7.962,		3-2
3, 7, 2, 		0.6371,		9.103,		2-2
3, 7, 3, 		0.3885,		8.796,		2-2
3, 7, 4, 		0.4596,		26.59,		3-2
3, 7, 5, 		0.4330,		13.83,		2-2
3, 8, 1, 		0.5101,		7.287,		1-1
3, 8, 2, 		0.5154,		5.469,		2-2
3, 8, 3, 		0.5440,		17.54,		3-2
3, 8, 4, 		0.4446,		21.22,		3-2
3, 8, 5, 		0.4889,		11.57,		2-2
3, 9, 1, 		0.4681,		5.194,		2-2
3, 9, 2, 		0.8598,		20.00,		2-2
3, 9, 3, 		0.6480,		14.23,		3-2
3, 9, 4, 		0.5364,		8.813,		3-2
3, 9, 5, 		0.5991,		4.581,		1-1
3, 10, 1, 		0.4496,		5.435,		2-2
3, 10, 2, 		0.8744,		6.904,		2-2
3, 10, 3, 		0.6116,		3.691,		2-2
3, 10, 4, 		0.5838,		14.02,		2-2
3, 10, 5, 		0.5476,		6.014,		2-2
3, 11, 1, 		0.6324,		12.30,		3-2
3, 11, 2, 		0.6666,		16.50,		3-2
3, 11, 3, 		0.7374,		4.375,		3-2
3, 11, 4, 		0.5249,		6.285,		3-2
3, 11, 5, 		0.3814,		12.25,		3-2
3, 12, 1, 		0.7485,		6.822,		3-2
3, 12, 2, 		0.6261,		6.597,		2-2
3, 12, 3, 		0.5342,		12.28,		3-2
3, 12, 4, 		0.6068,		15.45,		3-2
3, 12, 5, 		0.4129,		8.365,		2-2
3, 13, 1, 		0.4221,		11.81,		3-2
3, 13, 2, 		0.5610,		14.88,		3-2
3, 13, 3, 		0.4930,		6.857,		3-2
3, 13, 4, 		0.4518,		6.693,		2-2
3, 13, 5, 		0.7295,		7.889,		2-2
3, 14, 1, 		0.5230,		5.691,		3-2
3, 14, 2, 		0.4132,		6.590,		3-2
3, 14, 3, 		0.5110,		18.65,		3-2
3, 14, 4, 		0.5127,		16.34,		2-2
3, 14, 5, 		0.5957,		7.854,		3-2
3, 15, 1, 		0.6324,		5.815,		2-2
3, 15, 2, 		0.4128,		15.51,		3-2
3, 15, 3, 		0.6700,		8.044,		3-2
3, 15, 4, 		0.6819,		7.819,		3-2
3, 15, 5, 		0.5009,		9.692,		3-2
3, 16, 1, 		0.3070,		0.7457,		1-1
3, 16, 2, 		0.3787,		1.678,		1-1
3, 16, 3, 		0.4077,		4.169,		2-1
3, 16, 4, 		0.4584,		9.447,		2-1
3, 16, 5, 		0.6445,		4.405,		3-1
4, 1, 1, 		0.4133,		2.011,		1-1
4, 1, 2, 		0.6305,		4.905,		2-1
4, 1, 3, 		0.4304,		4.761,		2-1
4, 1, 4, 		0.4119,		1.442,		1-1
4, 1, 5, 		0.3965,		1.363,		2-1
4, 2, 1, 		0.5560,		5.276,		2-2
4, 2, 2, 		0.4850,		7.742,		2-2
4, 2, 3, 		0.3165,		8.676,		3-2
4, 2, 4, 		0.3433,		2.153,		2-2
4, 2, 5, 		0.5056,		15.79,		3-2
4, 3, 1, 		0.4970,		8.089,		3-2
4, 3, 2, 		0.5694,		5.805,		2-2
4, 3, 3, 		0.5438,		9.215,		2-2
4, 3, 4, 		0.3946,		2.798,		2-2
4, 3, 5, 		0.4154,		6.864,		2-2
4, 4, 1, 		0.3350,		16.76,		3-2
4, 4, 2, 		0.5266,		11.57,		3-2
4, 4, 3, 		0.4692,		13.82,		3-2
4, 4, 4, 		0.5046,		18.69,		3-2
4, 4, 5, 		0.4115,		14.10,		3-2
4, 5, 1, 		0.5178,		4.876,		3-2
4, 5, 2, 		0.5836,		7.346,		2-2
4, 5, 3, 		0.3764,		7.983,		2-2
4, 5, 4, 		0.5138,		3.529,		2-2
4, 5, 5, 		0.5539,		9.851,		3-2
4, 6, 1, 		0.5421,		2.933,		3-2
4, 6, 2, 		0.3596,		11.71,		3-2
4, 6, 3, 		0.3439,		16.73,		3-2
4, 6, 4, 		0.5120,		8.548,		2-2
4, 6, 5, 		0.7057,		13.07,		3-2
4, 7, 1, 		0.4796,		21.01,		3-2
4, 7, 2, 		0.3506,		10.62,		3-2
4, 7, 3, 		0.5358,		9.067,		3-2
4, 7, 4, 		0.5491,		24.45,		3-2
4, 7, 5, 		0.3571,		5.951,		3-2
4, 8, 1, 		0.5797,		7.019,		2-3
4, 8, 2, 		0.6917,		9.280,		2-3
4, 8, 3, 		0.4528,		19.84,		3-3
4, 8, 4, 		0.5855,		9.413,		2-3
4, 8, 5, 		0.4243,		13.95,		3-3
4, 9, 1, 		0.6142,		34.39,		3-3
4, 9, 2, 		0.5853,		27.90,		3-3
4, 9, 3, 		0.3688,		32.05,		3-3
4, 9, 4, 		0.5070,		15.01,		2-3
4, 9, 5, 		0.7938,		17.58,		3-3
4, 10, 1, 		0.5590,		4.446,		2-2
4, 10, 2, 		0.5493,		6.109,		3-2
4, 10, 3, 		0.5781,		11.53,		2-2
4, 10, 4, 		0.6338,		8.581,		3-2
4, 10, 5, 		0.8051,		5.463,		2-2
4, 11, 1, 		0.5549,		5.647,		2-2
4, 11, 2, 		0.4634,		5.312,		3-2
4, 11, 3, 		0.6271,		16.61,		3-2
4, 11, 4, 		0.5298,		13.71,		3-2
4, 11, 5, 		0.4743,		4.550,		2-2
4, 12, 1, 		0.6307,		11.52,		3-2
4, 12, 2, 		0.5517,		13.61,		3-2
4, 12, 3, 		0.5230,		11.55,		3-2
4, 12, 4, 		0.4849,		2.660,		2-2
4, 12, 5, 		0.5057,		18.61,		3-2
4, 13, 1, 		0.4339,		14.39,		3-2
4, 13, 2, 		0.8044,		5.319,		2-2
4, 13, 3, 		0.4919,		9.308,		2-2
4, 13, 4, 		0.3449,		14.24,		3-2
4, 13, 5, 		0.6921,		4.641,		2-2
4, 14, 1, 		0.7101,		14.35,		3-2
4, 14, 2, 		0.5615,		10.99,		3-2
4, 14, 3, 		0.5211,		9.376,		2-2
4, 14, 4, 		0.6016,		11.34,		3-2
4, 14, 5, 		0.6142,		9.832,		2-2
4, 15, 1, 		0.7037,		21.44,		3-2
4, 15, 2, 		0.6059,		11.58,		2-2
4, 15, 3, 		0.6529,		8.082,		2-2
4, 15, 4, 		0.3918,		8.084,		2-2
4, 15, 5, 		0.6678,		10.60,		3-2
4, 16, 1, 		0.3862,		16.45,		2-1
4, 16, 2, 		0.3344,		1.417,		1-1
4, 16, 3, 		0.4976,		10.19,		2-1
4, 16, 4, 		0.5590,		2.637,		1-1
4, 16, 5, 		0.7185,		10.44,		2-1
5, 1, 1, 		0.5221,		0.9874,		1-1
5, 1, 2, 		0.5510,		2.959,		3-2
5, 1, 3, 		0.4106,		15.49,		3-2
5, 1, 4, 		0.7242,		6.735,		3-2
5, 1, 5, 		0.4456,		12.62,		2-2
5, 2, 1, 		0.4277,		19.33,		3-2
5, 2, 2, 		0.4927,		8.224,		2-2
5, 2, 3, 		0.3761,		4.752,		2-2
5, 2, 4, 		0.6478,		4.777,		2-2
5, 2, 5, 		0.5305,		17.36,		3-2
5, 3, 1, 		0.5305,		9.599,		3-2
5, 3, 2, 		0.4207,		15.06,		3-2
5, 3, 3, 		0.6647,		14.94,		3-2
5, 3, 4, 		0.3321,		4.899,		2-2
5, 3, 5, 		0.5557,		7.558,		3-2
5, 4, 1, 		0.5092,		6.455,		2-2
5, 4, 2, 		0.5524,		6.103,		2-2
5, 4, 3, 		0.5199,		8.572,		2-2
5, 4, 4, 		0.3662,		11.97,		3-2
5, 4, 5, 		0.4728,		5.145,		2-2
5, 5, 1, 		0.4730,		14.12,		3-2
5, 5, 2, 		0.3455,		12.95,		3-2
5, 5, 3, 		0.4395,		12.50,		2-2
5, 5, 4, 		0.7734,		9.493,		3-2
5, 5, 5, 		0.4872,		7.195,		2-2
5, 6, 1, 		0.5578,		5.679,		2-2
5, 6, 2, 		0.3817,		3.482,		2-2
5, 6, 3, 		0.5828,		8.031,		2-2
5, 6, 4, 		0.6145,		19.75,		3-2
5, 6, 5, 		0.5065,		4.355,		2-2
5, 7, 1, 		0.5288,		21.20,		3-3
5, 7, 2, 		0.5164,		34.42,		3-3
5, 7, 3, 		0.6970,		24.81,		3-3
5, 7, 4, 		0.5220,		28.86,		3-3
5, 7, 5, 		0.4855,		18.52,		3-3
5, 8, 1, 		0.4364,		10.68,		2-3
5, 8, 2, 		0.5267,		9.986,		3-3
5, 8, 3, 		0.5977,		23.44,		3-3
5, 8, 4, 		0.5071,		15.54,		2-3
5, 8, 5, 		0.5157,		19.66,		3-3
5, 9, 1, 		0.5676,		28.37,		3-3
5, 9, 2, 		0.5235,		37.05,		3-3
5, 9, 3, 		0.6300,		7.109,		2-3
5, 9, 4, 		0.6267,		35.60,		3-3
5, 9, 5, 		0.4352,		33.33,		3-3
5, 10, 1, 		0.5524,		10.32,		2-3
5, 10, 2, 		0.5131,		5.699,		2-3
5, 10, 3, 		0.6847,		29.47,		3-3
5, 10, 4, 		0.5575,		11.73,		2-3
5, 10, 5, 		0.4897,		20.74,		3-3
5, 11, 1, 		0.3928,		12.77,		3-2
5, 11, 2, 		0.4336,		18.54,		3-2
5, 11, 3, 		0.4902,		12.80,		3-2
5, 11, 4, 		0.4488,		16.46,		3-2
5, 11, 5, 		0.6640,		8.829,		2-2
5, 12, 1, 		0.6902,		6.029,		2-2
5, 12, 2, 		0.5910,		17.37,		3-2
5, 12, 3, 		0.5359,		16.61,		3-2
5, 12, 4, 		0.5284,		7.974,		2-2
5, 12, 5, 		0.6517,		7.421,		2-2
5, 13, 1, 		0.6048,		4.716,		2-2
5, 13, 2, 		0.5308,		14.63,		3-2
5, 13, 3, 		0.4244,		11.64,		3-2
5, 13, 4, 		0.4380,		5.595,		2-2
5, 13, 5, 		0.8473,		9.147,		2-2
5, 14, 1, 		0.7229,		3.098,		2-2
5, 14, 2, 		0.4538,		5.543,		2-2
5, 14, 3, 		0.5304,		11.43,		2-2
5, 14, 4, 		0.5935,		10.40,		3-2
5, 14, 5, 		0.5106,		13.52,		3-2
5, 15, 1, 		0.6487,		4.388,		2-2
5, 15, 2, 		0.5699,		9.583,		2-2
5, 15, 3, 		0.3478,		7.357,		3-2
5, 15, 4, 		0.5900,		6.854,		3-2
5, 15, 5, 		0.6139,		6.285,		2-2
5, 16, 1, 		0.6293,		16.12,		3-2
5, 16, 2, 		0.6463,		9.211,		3-2
5, 16, 3, 		0.5579,		5.796,		2-2
5, 16, 4, 		0.5716,		4.842,		2-2
5, 16, 5, 		0.5276,		3.407,		2-1
6, 1, 1, 		0.5112,		5.504,		1-1
6, 1, 2, 		0.6833,		4.158,		2-2
6, 1, 3, 		0.6090,		6.102,		3-2
6, 1, 4, 		0.4565,		10.48,		3-2
6, 1, 5, 		0.5144,		5.793,		3-2
6, 2, 1, 		0.5659,		11.77,		3-2
6, 2, 2, 		0.4774,		6.067,		2-2
6, 2, 3, 		0.5200,		8.847,		2-2
6, 2, 4, 		0.5930,		6.678,		2-2
6, 2, 5, 		0.4456,		9.381,		3-2
6, 3, 1, 		0.6576,		6.848,		2-2
6, 3, 2, 		0.5316,		10.67,		3-2
6, 3, 3, 		0.7569,		13.51,		2-2
6, 3, 4, 		0.4542,		7.256,		2-2
6, 3, 5, 		0.5034,		14.15,		3-2
6, 4, 1, 		0.3486,		7.859,		2-2
6, 4, 2, 		0.4165,		3.182,		2-2
6, 4, 3, 		0.4935,		12.52,		3-2
6, 4, 4, 		0.5545,		4.709,		2-2
6, 4, 5, 		0.4544,		3.998,		2-2
6, 5, 1, 		0.6315,		5.081,		2-2
6, 5, 2, 		0.5509,		10.68,		3-2
6, 5, 3, 		0.4653,		11.28,		3-2
6, 5, 4, 		0.4897,		9.931,		3-2
6, 5, 5, 		0.4476,		7.562,		2-2
6, 6, 1, 		0.6724,		11.67,		2-3
6, 6, 2, 		0.6491,		25.56,		3-3
6, 6, 3, 		0.5996,		8.776,		2-3
6, 6, 4, 		0.6497,		11.68,		2-3
6, 6, 5, 		0.4823,		21.07,		3-3
6, 7, 1, 		0.4239,		13.72,		3-2
6, 7, 2, 		0.6009,		9.693,		3-2
6, 7, 3, 		0.4868,		3.227,		2-2
6, 7, 4, 		0.5266,		6.754,		3-2
6, 7, 5, 		0.5965,		8.359,		2-2
6, 8, 1, 		0.5243,		5.454,		2-2
6, 8, 2, 		0.3563,		6.496,		2-2
6, 8, 3, 		0.7327,		3.819,		2-2
6, 8, 4, 		0.6575,		12.09,		3-2
6, 8, 5, 		0.4976,		11.89,		3-2
6, 9, 1, 		0.5221,		14.80,		3-2
6, 9, 2, 		0.4523,		5.657,		2-2
6, 9, 3, 		0.3462,		8.517,		2-2
6, 9, 4, 		0.6457,		16.10,		2-2
6, 9, 5, 		0.5034,		7.864,		2-2
6, 10, 1, 		0.5604,		3.399,		2-2
6, 10, 2, 		0.5431,		6.796,		2-2
6, 10, 3, 		0.4740,		8.465,		2-2
6, 10, 4, 		0.3976,		5.091,		2-2
6, 10, 5, 		0.6024,		12.80,		3-2
6, 11, 1, 		0.4712,		8.580,		2-3
6, 11, 2, 		0.6282,		15.79,		3-3
6, 11, 3, 		0.5382,		12.64,		3-3
6, 11, 4, 		0.3612,		9.324,		2-3
6, 11, 5, 		0.5503,		33.66,		3-3
6, 12, 1, 		0.6117,		5.300,		2-2
6, 12, 2, 		0.7700,		9.428,		2-2
6, 12, 3, 		0.6579,		18.25,		3-2
6, 12, 4, 		0.5223,		6.070,		3-2
6, 12, 5, 		0.6489,		3.032,		2-2
6, 13, 1, 		0.5488,		17.00,		3-2
6, 13, 2, 		0.3665,		8.906,		3-2
6, 13, 3, 		0.3336,		13.08,		3-2
6, 13, 4, 		0.6393,		4.061,		2-2
6, 13, 5, 		0.4217,		7.353,		2-2
6, 14, 1, 		0.5335,		10.54,		3-2
6, 14, 2, 		0.5800,		8.161,		3-2
6, 14, 3, 		0.4694,		15.98,		3-2
6, 14, 4, 		0.6682,		24.69,		3-2
6, 14, 5, 		0.5509,		7.423,		3-2
6, 15, 1, 		0.5153,		13.34,		3-2
6, 15, 2, 		0.5859,		20.33,		3-2
6, 15, 3, 		0.9231,		4.687,		2-2
6, 15, 4, 		0.5488,		2.415,		2-2
6, 15, 5, 		0.6229,		15.02,		3-2
6, 16, 1, 		0.4457,		6.007,		2-2
6, 16, 2, 		0.5114,		12.00,		3-2
6, 16, 3, 		0.5813,		6.747,		3-2
6, 16, 4, 		0.6927,		7.784,		2-2
6, 16, 5, 		0.7176,		10.75,		2-1
7, 1, 1, 		0.4238,		1.837,		1-1
7, 1, 2, 		0.4818,		22.81,		3-1
7, 1, 3, 		0.5349,		5.277,		1-1
7, 1, 4, 		0.5165,		16.06,		2-1
7, 1, 5, 		0.5306,		4.646,		1-1
7, 2, 1, 		0.5672,		6.578,		2-1
7, 2, 2, 		0.4895,		10.60,		3-2
7, 2, 3, 		0.6128,		6.510,		3-2
7, 2, 4, 		0.6997,		14.75,		3-2
7, 2, 5, 		0.6212,		8.714,		2-2
7, 3, 1, 		0.4589,		18.51,		3-2
7, 3, 2, 		0.4344,		13.63,		2-2
7, 3, 3, 		0.6061,		2.744,		2-2
7, 3, 4, 		0.4274,		14.93,		3-2
7, 3, 5, 		0.3810,		17.21,		3-2
7, 4, 1, 		0.4959,		25.25,		3-2
7, 4, 2, 		0.2941,		5.400,		3-2
7, 4, 3, 		0.4765,		13.66,		3-2
7, 4, 4, 		0.5531,		10.17,		2-2
7, 4, 5, 		0.5065,		7.019,		3-2
7, 5, 1, 		0.3678,		8.009,		2-3
7, 5, 2, 		0.7379,		11.58,		2-3
7, 5, 3, 		0.6710,		3.222,		2-3
7, 5, 4, 		0.4137,		13.87,		3-3
7, 5, 5, 		0.5036,		9.325,		2-3
7, 6, 1, 		0.5595,		17.75,		3-2
7, 6, 2, 		0.4120,		3.478,		2-2
7, 6, 3, 		0.5308,		13.04,		3-2
7, 6, 4, 		0.5088,		11.35,		2-2
7, 6, 5, 		0.4181,		12.65,		3-2
7, 7, 1, 		0.4533,		4.378,		2-2
7, 7, 2, 		0.5180,		4.737,		2-2
7, 7, 3, 		0.4437,		7.527,		2-2
7, 7, 4, 		0.4741,		6.606,		2-2
7, 7, 5, 		0.6066,		17.39,		3-2
7, 8, 1, 		0.5435,		5.214,		2-2
7, 8, 2, 		0.3949,		6.593,		2-2
7, 8, 3, 		0.4041,		2.595,		2-2
7, 8, 4, 		0.4901,		9.194,		2-2
7, 8, 5, 		0.2537,		8.600,		2-2
7, 9, 1, 		0.4684,		18.98,		3-2
7, 9, 2, 		0.4586,		12.06,		2-2
7, 9, 3, 		0.4146,		12.02,		2-2
7, 9, 4, 		0.4747,		6.694,		3-2
7, 9, 5, 		0.4787,		7.305,		2-2
7, 10, 1, 		0.4862,		15.20,		3-2
7, 10, 2, 		0.4648,		7.848,		2-2
7, 10, 3, 		0.4752,		8.453,		2-2
7, 10, 4, 		0.4190,		10.86,		3-2
7, 10, 5, 		0.4298,		8.841,		2-2
7, 11, 1, 		0.5043,		11.77,		2-2
7, 11, 2, 		0.4467,		8.412,		2-2
7, 11, 3, 		0.5436,		17.44,		3-2
7, 11, 4, 		0.6663,		8.764,		2-2
7, 11, 5, 		0.5161,		10.83,		2-2
7, 12, 1, 		0.3619,		15.63,		3-3
7, 12, 2, 		0.6666,		21.30,		3-3
7, 12, 3, 		0.5301,		6.700,		2-3
7, 12, 4, 		0.4901,		24.07,		3-3
7, 12, 5, 		0.4035,		20.01,		3-3
7, 13, 1, 		0.7277,		9.021,		3-2
7, 13, 2, 		0.5844,		7.624,		3-2
7, 13, 3, 		0.5503,		6.094,		2-2
7, 13, 4, 		0.6605,		5.004,		3-2
7, 13, 5, 		0.5900,		10.18,		3-2
7, 14, 1, 		0.5001,		16.86,		3-2
7, 14, 2, 		0.5608,		6.329,		2-2
7, 14, 3, 		0.6006,		9.809,		2-2
7, 14, 4, 		0.5283,		18.66,		3-2
7, 14, 5, 		0.3255,		5.395,		2-2
7, 15, 1, 		0.5763,		10.12,		2-2
7, 15, 2, 		0.5117,		20.54,		3-2
7, 15, 3, 		0.5402,		11.29,		2-2
7, 15, 4, 		0.7047,		18.27,		3-2
7, 15, 5, 		0.4649,		12.01,		3-1
7, 16, 1, 		0.7212,		6.985,		2-1
7, 16, 2, 		0.5725,		12.53,		2-1
7, 16, 3, 		0.5716,		9.193,		2-1
7, 16, 4, 		0.4441,		13.97,		2-1
7, 16, 5, 		0.5554,		9.246,		2-1
8, 1, 1, 		0.5365,		13.87,		2-1
8, 1, 2, 		0.5407,		14.25,		3-1
8, 1, 3, 		0.5516,		7.222,		1-1
8, 1, 4, 		0.5154,		20.11,		2-1
8, 1, 5, 		0.5647,		6.571,		1-1
8, 2, 1, 		0.6156,		14.35,		2-1
8, 2, 2, 		0.4773,		3.173,		1-1
8, 2, 3, 		0.5899,		6.046,		1-1
8, 2, 4, 		0.6593,		2.041,		1-1
8, 2, 5, 		0.5544,		13.00,		2-1
8, 3, 1, 		0.5604,		2.489,		2-1
8, 3, 2, 		0.6343,		9.426,		3-2
8, 3, 3, 		0.3862,		21.75,		3-2
8, 3, 4, 		0.5844,		8.397,		2-2
8, 3, 5, 		0.5609,		22.33,		3-2
8, 4, 1, 		0.5547,		24.59,		3-3
8, 4, 2, 		0.6329,		32.47,		3-3
8, 4, 3, 		0.5494,		23.34,		3-3
8, 4, 4, 		0.3064,		10.12,		3-3
8, 4, 5, 		0.4785,		7.701,		2-3
8, 5, 1, 		0.4528,		8.419,		2-3
8, 5, 2, 		0.6262,		10.98,		3-3
8, 5, 3, 		0.5456,		9.504,		3-3
8, 5, 4, 		0.4540,		7.433,		3-3
8, 5, 5, 		0.5935,		37.17,		3-3
8, 6, 1, 		0.4855,		8.696,		2-2
8, 6, 2, 		0.3588,		13.73,		3-2
8, 6, 3, 		0.3920,		6.405,		2-2
8, 6, 4, 		0.4904,		11.11,		2-2
8, 6, 5, 		0.5252,		12.71,		2-2
8, 7, 1, 		0.4458,		5.699,		3-2
8, 7, 2, 		0.7043,		5.042,		3-2
8, 7, 3, 		0.7271,		13.03,		2-2
8, 7, 4, 		0.3756,		7.459,		2-2
8, 7, 5, 		0.6393,		4.951,		3-2
8, 8, 1, 		0.4078,		2.999,		2-2
8, 8, 2, 		0.3606,		11.11,		3-2
8, 8, 3, 		0.4283,		8.866,		2-2
8, 8, 4, 		0.6545,		13.15,		2-2
8, 8, 5, 		0.5344,		11.92,		3-2
8, 9, 1, 		0.3831,		9.352,		3-2
8, 9, 2, 		0.4879,		6.034,		2-2
8, 9, 3, 		0.5189,		3.254,		2-2
8, 9, 4, 		0.4959,		13.04,		3-2
8, 9, 5, 		0.4337,		7.802,		2-2
8, 10, 1, 		0.3812,		3.715,		2-2
8, 10, 2, 		0.4717,		5.218,		3-2
8, 10, 3, 		0.5569,		6.010,		2-2
8, 10, 4, 		0.4057,		11.89,		2-2
8, 10, 5, 		0.4679,		8.618,		2-2
8, 11, 1, 		0.3582,		4.456,		2-2
8, 11, 2, 		0.5219,		8.426,		2-2
8, 11, 3, 		0.6279,		5.566,		3-2
8, 11, 4, 		0.3721,		8.610,		2-2
8, 11, 5, 		0.3637,		12.49,		3-2
8, 12, 1, 		0.4338,		24.57,		3-3
8, 12, 2, 		0.6814,		12.62,		2-3
8, 12, 3, 		0.4154,		7.609,		2-3
8, 12, 4, 		0.5722,		10.57,		3-3
8, 12, 5, 		0.6110,		23.31,		3-3
8, 13, 1, 		0.4960,		21.89,		3-3
8, 13, 2, 		0.8090,		6.239,		2-3
8, 13, 3, 		0.5110,		6.751,		2-3
8, 13, 4, 		0.5803,		11.09,		3-3
8, 13, 5, 		0.5853,		25.65,		3-3
8, 14, 1, 		0.4027,		6.311,		2-2
8, 14, 2, 		0.5970,		8.773,		2-2
8, 14, 3, 		0.3086,		12.00,		2-2
8, 14, 4, 		0.5632,		2.472,		2-2
8, 14, 5, 		0.4886,		3.029,		2-1
8, 15, 1, 		0.6296,		9.302,		2-1
8, 15, 2, 		0.4976,		11.01,		2-1
8, 15, 3, 		0.5299,		7.061,		1-1
8, 15, 4, 		0.4010,		10.36,		2-1
8, 15, 5, 		0.7310,		5.902,		2-1
8, 16, 1, 		0.3965,		1.944,		1-1
8, 16, 2, 		0.5494,		4.195,		2-1
8, 16, 3, 		0.4889,		9.804,		3-1
8, 16, 4, 		0.5511,		8.524,		2-1
8, 16, 5, 		0.4895,		6.726,		1-1
9, 1, 1, 		0.4934,		18.72,		3-1
9, 1, 2, 		0.4312,		14.52,		3-1
9, 1, 3, 		0.4821,		18.84,		2-1
9, 1, 4, 		0.5756,		4.858,		1-1
9, 1, 5, 		0.5267,		8.156,		1-1
9, 2, 1, 		0.6946,		16.27,		2-1
9, 2, 2, 		0.6645,		2.543,		1-1
9, 2, 3, 		0.6235,		4.514,		2-1
9, 2, 4, 		0.5933,		7.737,		1-1
9, 2, 5, 		0.5318,		5.631,		2-1
9, 3, 1, 		0.3626,		5.713,		2-1
9, 3, 2, 		0.4147,		12.26,		2-2
9, 3, 3, 		0.6030,		11.08,		3-2
9, 3, 4, 		0.5858,		25.70,		3-2
9, 3, 5, 		0.4789,		19.83,		3-2
9, 4, 1, 		0.4857,		28.10,		3-3
9, 4, 2, 		0.7189,		8.633,		3-3
9, 4, 3, 		0.5094,		18.70,		3-3
9, 4, 4, 		0.4488,		7.683,		2-3
9, 4, 5, 		0.5372,		8.530,		2-3
9, 5, 1, 		0.5239,		19.91,		3-3
9, 5, 2, 		0.4010,		28.92,		3-3
9, 5, 3, 		0.5602,		7.019,		2-3
9, 5, 4, 		0.7655,		24.84,		3-3
9, 5, 5, 		0.6081,		33.93,		3-3
9, 6, 1, 		0.5077,		5.008,		2-2
9, 6, 2, 		0.3496,		12.77,		3-2
9, 6, 3, 		0.4381,		5.323,		2-2
9, 6, 4, 		0.3889,		6.641,		3-2
9, 6, 5, 		0.5038,		11.42,		2-2
9, 7, 1, 		0.4718,		5.524,		2-2
9, 7, 2, 		0.4661,		11.98,		3-2
9, 7, 3, 		0.4161,		13.94,		3-2
9, 7, 4, 		0.6764,		11.22,		2-2
9, 7, 5, 		0.4569,		14.00,		3-2
9, 8, 1, 		0.4748,		9.783,		3-2
9, 8, 2, 		0.3872,		8.510,		3-2
9, 8, 3, 		0.3478,		4.827,		3-2
9, 8, 4, 		0.3413,		7.594,		3-2
9, 8, 5, 		0.6377,		9.555,		2-2
9, 9, 1, 		0.6437,		11.04,		2-2
9, 9, 2, 		0.2984,		18.23,		3-2
9, 9, 3, 		0.5657,		11.04,		2-2
9, 9, 4, 		0.5036,		7.964,		3-2
9, 9, 5, 		0.6027,		12.24,		3-2
9, 10, 1, 		0.5371,		6.016,		3-2
9, 10, 2, 		0.6071,		11.68,		2-2
9, 10, 3, 		0.4466,		6.767,		3-2
9, 10, 4, 		0.4981,		9.004,		3-2
9, 10, 5, 		0.5745,		9.067,		3-2
9, 11, 1, 		0.5199,		11.94,		2-2
9, 11, 2, 		0.3541,		10.57,		2-2
9, 11, 3, 		0.3298,		15.43,		3-2
9, 11, 4, 		0.3504,		5.148,		3-2
9, 11, 5, 		0.4842,		8.829,		3-2
9, 12, 1, 		0.5562,		20.86,		3-3
9, 12, 2, 		0.6829,		20.47,		3-3
9, 12, 3, 		0.5428,		18.23,		3-3
9, 12, 4, 		0.6037,		14.43,		2-3
9, 12, 5, 		0.6240,		25.64,		3-3
9, 13, 1, 		0.6331,		8.094,		2-3
9, 13, 2, 		0.5179,		31.11,		3-3
9, 13, 3, 		0.5267,		12.90,		3-3
9, 13, 4, 		0.6267,		24.88,		3-3
9, 13, 5, 		0.6543,		9.883,		2-3
9, 14, 1, 		0.6512,		9.184,		2-2
9, 14, 2, 		0.5066,		13.15,		2-2
9, 14, 3, 		0.4563,		6.129,		2-2
9, 14, 4, 		0.5989,		19.85,		2-2
9, 14, 5, 		0.4939,		2.911,		2-1
9, 15, 1, 		0.4101,		12.29,		2-1
9, 15, 2, 		0.4263,		12.10,		2-1
9, 15, 3, 		0.4471,		20.39,		3-1
9, 15, 4, 		0.4990,		16.99,		2-1
9, 15, 5, 		0.5034,		7.416,		2-1
9, 16, 1, 		0.7214,		7.334,		2-1
9, 16, 2, 		0.5435,		6.423,		3-1
9, 16, 3, 		0.7210,		15.46,		2-1
9, 16, 4, 		0.6691,		8.856,		2-1
9, 16, 5, 		0.6079,		5.823,		2-1
10, 1, 1, 		0.5980,		10.53,		3-1
10, 1, 2, 		0.5603,		4.483,		2-1
10, 1, 3, 		0.4378,		8.752,		2-1
10, 1, 4, 		0.7453,		4.121,		2-1
10, 1, 5, 		0.3143,		22.48,		3-1
10, 2, 1, 		0.5450,		20.71,		2-1
10, 2, 2, 		0.8060,		13.56,		2-2
10, 2, 3, 		0.6776,		9.043,		3-2
10, 2, 4, 		0.6490,		4.101,		2-2
10, 2, 5, 		0.4624,		5.525,		3-2
10, 3, 1, 		0.6718,		14.22,		3-2
10, 3, 2, 		0.8283,		16.29,		3-2
10, 3, 3, 		0.4705,		10.75,		3-2
10, 3, 4, 		0.5694,		9.095,		2-2
10, 3, 5, 		0.4298,		7.159,		3-2
10, 4, 1, 		0.5460,		8.101,		2-2
10, 4, 2, 		0.5684,		5.464,		2-2
10, 4, 3, 		0.6873,		17.15,		3-2
10, 4, 4, 		0.5944,		12.83,		2-2
10, 4, 5, 		0.7026,		6.989,		3-2
10, 5, 1, 		0.6302,		4.762,		2-3
10, 5, 2, 		0.6713,		17.55,		3-3
10, 5, 3, 		0.5354,		19.94,		3-3
10, 5, 4, 		0.6518,		6.069,		2-3
10, 5, 5, 		0.6388,		28.99,		3-3
10, 6, 1, 		0.5430,		3.728,		2-2
10, 6, 2, 		0.3846,		8.468,		2-2
10, 6, 3, 		0.4763,		16.39,		3-2
10, 6, 4, 		0.4685,		6.507,		2-2
10, 6, 5, 		0.4898,		36.59,		2-2
10, 7, 1, 		0.3840,		6.005,		2-2
10, 7, 2, 		0.4075,		15.62,		3-2
10, 7, 3, 		0.4353,		7.322,		2-2
10, 7, 4, 		0.5657,		13.28,		3-2
10, 7, 5, 		0.4087,		3.550,		3-2
10, 8, 1, 		0.4366,		9.739,		2-2
10, 8, 2, 		0.4034,		6.079,		2-2
10, 8, 3, 		0.3835,		13.10,		3-2
10, 8, 4, 		0.4331,		3.291,		3-2
10, 8, 5, 		0.5781,		5.106,		2-2
10, 9, 1, 		0.3988,		9.084,		3-2
10, 9, 2, 		0.2916,		6.963,		3-2
10, 9, 3, 		0.3603,		12.65,		3-2
10, 9, 4, 		0.8600,		15.51,		3-2
10, 9, 5, 		0.3516,		17.61,		3-2
10, 10, 1, 		0.6174,		3.011,		2-2
10, 10, 2, 		0.4193,		4.159,		2-2
10, 10, 3, 		0.4806,		13.55,		3-2
10, 10, 4, 		0.5419,		13.62,		3-2
10, 10, 5, 		0.3423,		8.283,		2-2
10, 11, 1, 		0.5979,		10.38,		3-2
10, 11, 2, 		0.4829,		8.302,		3-2
10, 11, 3, 		0.3376,		5.317,		2-2
10, 11, 4, 		0.2862,		13.20,		3-2
10, 11, 5, 		0.3558,		9.076,		3-2
10, 12, 1, 		0.5150,		26.26,		3-3
10, 12, 2, 		0.4826,		30.94,		3-3
10, 12, 3, 		0.5288,		15.59,		3-3
10, 12, 4, 		0.5452,		12.07,		2-3
10, 12, 5, 		0.7026,		11.61,		2-3
10, 13, 1, 		0.4995,		8.564,		2-2
10, 13, 2, 		0.4423,		3.806,		2-2
10, 13, 3, 		0.3993,		10.61,		2-2
10, 13, 4, 		0.4720,		12.69,		2-2
10, 13, 5, 		0.3992,		16.26,		3-2
10, 14, 1, 		0.4891,		5.522,		2-2
10, 14, 2, 		0.4343,		5.468,		2-2
10, 14, 3, 		0.5767,		11.16,		3-2
10, 14, 4, 		0.4250,		8.935,		3-2
10, 14, 5, 		0.4225,		5.373,		2-2
10, 15, 1, 		0.6251,		6.468,		2-2
10, 15, 2, 		0.5343,		11.63,		2-2
10, 15, 3, 		0.4855,		10.01,		2-2
10, 15, 4, 		0.5954,		5.831,		3-2
10, 15, 5, 		0.4535,		4.376,		1-1
10, 16, 1, 		0.5664,		8.343,		2-1
10, 16, 2, 		0.4703,		14.40,		2-1
10, 16, 3, 		0.4423,		7.527,		3-1
10, 16, 4, 		0.3993,		15.98,		3-1
10, 16, 5, 		0.4202,		3.857,		1-1
11, 1, 1, 		0.4004,		15.46,		2-1
11, 1, 2, 		0.4555,		9.345,		2-2
11, 1, 3, 		0.4854,		13.88,		3-2
11, 1, 4, 		0.5808,		5.525,		2-2
11, 1, 5, 		0.5919,		14.26,		3-2
11, 2, 1, 		0.4818,		11.16,		3-2
11, 2, 2, 		0.6448,		4.205,		2-2
11, 2, 3, 		0.5520,		8.694,		3-2
11, 2, 4, 		0.6506,		14.76,		3-2
11, 2, 5, 		0.6643,		11.78,		3-2
11, 3, 1, 		0.4434,		6.648,		2-2
11, 3, 2, 		0.5187,		7.313,		2-2
11, 3, 3, 		0.4897,		3.270,		3-2
11, 3, 4, 		0.5709,		5.533,		2-2
11, 3, 5, 		0.4090,		15.59,		3-2
11, 4, 1, 		0.3939,		7.959,		2-2
11, 4, 2, 		0.4536,		12.22,		3-2
11, 4, 3, 		0.5767,		7.327,		2-2
11, 4, 4, 		0.5571,		3.783,		2-2
11, 4, 5, 		0.5755,		3.729,		2-2
11, 5, 1, 		0.5686,		13.88,		3-2
11, 5, 2, 		0.4944,		18.82,		3-2
11, 5, 3, 		0.5287,		5.025,		2-2
11, 5, 4, 		0.6398,		19.19,		3-2
11, 5, 5, 		0.6466,		18.15,		3-2
11, 6, 1, 		0.6141,		21.37,		3-3
11, 6, 2, 		0.3787,		15.77,		3-3
11, 6, 3, 		0.8177,		4.941,		2-3
11, 6, 4, 		0.4254,		4.428,		2-3
11, 6, 5, 		0.6527,		7.056,		2-3
11, 7, 1, 		0.5343,		14.54,		3-2
11, 7, 2, 		0.4520,		8.125,		2-2
11, 7, 3, 		0.4608,		5.371,		2-2
11, 7, 4, 		0.5048,		3.894,		2-2
11, 7, 5, 		0.5911,		8.508,		3-2
11, 8, 1, 		0.4852,		9.595,		2-2
11, 8, 2, 		0.4748,		13.84,		3-2
11, 8, 3, 		0.3541,		4.515,		2-2
11, 8, 4, 		0.5656,		15.31,		3-2
11, 8, 5, 		0.4607,		4.658,		3-2
11, 9, 1, 		0.5417,		6.849,		2-2
11, 9, 2, 		0.4938,		14.47,		3-2
11, 9, 3, 		0.5078,		8.974,		2-2
11, 9, 4, 		0.7236,		11.51,		3-2
11, 9, 5, 		0.5130,		10.61,		3-2
11, 10, 1, 		0.5092,		4.436,		3-2
11, 10, 2, 		0.4362,		6.153,		2-2
11, 10, 3, 		0.4858,		11.04,		3-2
11, 10, 4, 		0.3846,		6.911,		3-2
11, 10, 5, 		0.3850,		3.620,		2-2
11, 11, 1, 		0.6888,		2.656,		2-3
11, 11, 2, 		0.6145,		8.771,		2-3
11, 11, 3, 		0.4504,		23.48,		3-3
11, 11, 4, 		0.4640,		15.57,		3-3
11, 11, 5, 		0.4774,		4.443,		2-3
11, 12, 1, 		0.5469,		15.55,		3-2
11, 12, 2, 		0.5754,		1.936,		2-2
11, 12, 3, 		0.5790,		15.12,		3-2
11, 12, 4, 		0.3675,		2.511,		2-2
11, 12, 5, 		0.4765,		9.490,		3-2
11, 13, 1, 		0.7735,		7.522,		3-2
11, 13, 2, 		0.4808,		8.984,		3-2
11, 13, 3, 		0.7078,		15.44,		3-2
11, 13, 4, 		0.4657,		10.53,		3-2
11, 13, 5, 		0.6799,		8.768,		3-2
11, 14, 1, 		0.3950,		13.22,		3-2
11, 14, 2, 		0.4749,		9.558,		2-2
11, 14, 3, 		0.5017,		9.135,		3-2
11, 14, 4, 		0.4930,		12.61,		3-2
11, 14, 5, 		0.5694,		8.688,		2-2
11, 15, 1, 		0.5693,		14.06,		3-2
11, 15, 2, 		0.5271,		13.32,		3-2
11, 15, 3, 		0.6549,		6.226,		2-2
11, 15, 4, 		0.4560,		10.85,		2-2
11, 15, 5, 		0.8191,		3.501,		3-2
11, 16, 1, 		0.4066,		13.38,		3-2
11, 16, 2, 		0.3897,		9.478,		2-2
11, 16, 3, 		0.6334,		21.15,		3-2
11, 16, 4, 		0.3417,		2.604,		2-2
11, 16, 5, 		0.4784,		7.132,		2-1
12, 1, 1, 		0.5777,		20.64,		3-1
12, 1, 2, 		0.5442,		13.17,		3-2
12, 1, 3, 		0.6498,		5.592,		3-2
12, 1, 4, 		0.5528,		11.87,		2-2
12, 1, 5, 		0.4441,		13.78,		3-2
12, 2, 1, 		0.6558,		13.11,		3-2
12, 2, 2, 		0.4162,		13.98,		3-2
12, 2, 3, 		0.6109,		3.230,		2-2
12, 2, 4, 		0.7233,		15.11,		3-2
12, 2, 5, 		0.5382,		4.957,		2-2
12, 3, 1, 		0.6306,		9.641,		2-2
12, 3, 2, 		0.7627,		13.57,		2-2
12, 3, 3, 		0.7061,		9.877,		2-2
12, 3, 4, 		0.7606,		7.980,		3-2
12, 3, 5, 		0.4718,		15.96,		3-2
12, 4, 1, 		0.5882,		6.624,		2-2
12, 4, 2, 		0.4977,		10.23,		2-2
12, 4, 3, 		0.6751,		9.950,		3-2
12, 4, 4, 		0.5637,		11.28,		2-2
12, 4, 5, 		0.6976,		10.15,		3-2
12, 5, 1, 		0.5461,		13.53,		3-2
12, 5, 2, 		0.6403,		15.66,		3-2
12, 5, 3, 		0.6877,		4.638,		2-2
12, 5, 4, 		0.5117,		5.263,		3-2
12, 5, 5, 		0.5681,		12.67,		2-2
12, 6, 1, 		0.6940,		6.790,		3-2
12, 6, 2, 		0.5026,		13.63,		3-2
12, 6, 3, 		0.8841,		4.566,		2-2
12, 6, 4, 		0.4068,		10.25,		2-2
12, 6, 5, 		0.4390,		5.639,		2-2
12, 7, 1, 		0.5808,		17.92,		3-3
12, 7, 2, 		0.4625,		13.26,		3-3
12, 7, 3, 		0.5264,		25.18,		3-3
12, 7, 4, 		0.4792,		4.947,		2-3
12, 7, 5, 		0.4870,		21.56,		3-3
12, 8, 1, 		0.4892,		27.53,		3-3
12, 8, 2, 		0.4583,		12.96,		2-3
12, 8, 3, 		0.5911,		22.85,		3-3
12, 8, 4, 		0.6137,		24.75,		3-3
12, 8, 5, 		0.6628,		30.30,		3-3
12, 9, 1, 		0.5486,		22.80,		3-3
12, 9, 2, 		0.5167,		16.93,		3-3
12, 9, 3, 		0.6831,		7.984,		2-3
12, 9, 4, 		0.6909,		18.11,		3-3
12, 9, 5, 		0.3935,		14.26,		3-3
12, 10, 1, 		0.5119,		11.21,		2-3
12, 10, 2, 		0.3842,		6.752,		2-3
12, 10, 3, 		0.5502,		27.86,		3-3
12, 10, 4, 		0.4263,		12.32,		3-3
12, 10, 5, 		0.4353,		31.35,		3-3
12, 11, 1, 		0.3833,		15.05,		2-2
12, 11, 2, 		0.4466,		16.71,		3-2
12, 11, 3, 		0.5441,		8.856,		2-2
12, 11, 4, 		0.4227,		6.506,		2-2
12, 11, 5, 		0.4061,		6.123,		2-2
12, 12, 1, 		0.5165,		7.054,		3-2
12, 12, 2, 		0.6081,		7.266,		2-2
12, 12, 3, 		0.5612,		13.90,		3-2
12, 12, 4, 		0.3644,		7.670,		2-2
12, 12, 5, 		0.7428,		10.98,		2-2
12, 13, 1, 		0.6166,		9.054,		2-2
12, 13, 2, 		0.5085,		4.336,		2-2
12, 13, 3, 		0.4349,		7.433,		2-2
12, 13, 4, 		0.7315,		15.41,		3-2
12, 13, 5, 		0.6536,		14.87,		3-2
12, 14, 1, 		0.6965,		3.987,		3-2
12, 14, 2, 		0.4413,		7.445,		2-2
12, 14, 3, 		0.3417,		5.483,		2-2
12, 14, 4, 		0.5010,		3.098,		2-2
12, 14, 5, 		0.5427,		5.867,		3-2
12, 15, 1, 		0.5604,		6.992,		3-2
12, 15, 2, 		0.5657,		6.874,		2-2
12, 15, 3, 		0.5181,		7.704,		2-2
12, 15, 4, 		0.4268,		3.742,		2-2
12, 15, 5, 		0.5645,		14.41,		3-2
12, 16, 1, 		0.5031,		6.104,		3-2
12, 16, 2, 		0.6226,		7.651,		2-2
12, 16, 3, 		0.5270,		8.281,		3-2
12, 16, 4, 		0.3170,		14.47,		3-2
12, 16, 5, 		0.5756,		20.46,		3-1
13, 1, 1, 		0.5189,		14.72,		2-1
13, 1, 2, 		0.4181,		12.59,		2-1
13, 1, 3, 		0.3901,		7.530,		2-1
13, 1, 4, 		0.4192,		26.14,		3-1
13, 1, 5, 		0.4715,		10.48,		2-1
13, 2, 1, 		0.6161,		14.95,		3-2
13, 2, 2, 		0.7333,		1.201,		3-2
13, 2, 3, 		0.6581,		14.42,		3-2
13, 2, 4, 		0.3718,		9.951,		3-2
13, 2, 5, 		0.4776,		4.511,		2-2
13, 3, 1, 		0.6698,		6.880,		3-2
13, 3, 2, 		0.5287,		5.216,		2-2
13, 3, 3, 		0.5692,		5.962,		2-2
