1, 1, 1, 		10, 		0.2468,		6.966,		1-1
1, 2, 1, 		10, 		0.1855,		5.714,		1-1
1, 3, 1, 		10, 		0.1585,		2.861,		1-1
1, 4, 1, 		10, 		0.2128,		0.5436,		1-1
1, 5, 1, 		10, 		0.3620,		5.045,		1-1
1, 6, 1, 		10, 		0.2692,		5.378,		1-1
1, 7, 1, 		10, 		0.4222,		9.196,		3-2
1, 8, 1, 		10, 		0.2948,		5.823,		2-2
1, 9, 1, 		10, 		0.4283,		2.603,		2-2
1, 10, 1, 		10, 		0.4002,		4.747,		3-2
2, 1, 1, 		10, 		0.2179,		2.869,		1-1
2, 2, 1, 		10, 		0.1877,		1.821,		1-1
2, 3, 1, 		10, 		0.2010,		5.984,		1-1
2, 4, 1, 		10, 		0.3144,		9.415,		2-2
2, 5, 1, 		10, 		0.6513,		9.986,		3-2
2, 6, 1, 		10, 		0.2623,		1.922,		1-1
2, 7, 1, 		10, 		0.2926,		13.89,		3-2
2, 8, 1, 		10, 		0.1819,		14.35,		3-2
2, 9, 1, 		10, 		0.2848,		5.520,		2-2
2, 10, 1, 		10, 		0.2399,		10.37,		2-2
3, 1, 1, 		10, 		0.1702,		2.990,		1-1
3, 2, 1, 		10, 		0.2428,		2.681,		1-1
3, 3, 1, 		10, 		0.3099,		8.405,		2-2
3, 4, 1, 		10, 		0.1757,		6.190,		2-2
3, 5, 1, 		10, 		0.3210,		4.075,		2-2
3, 6, 1, 		10, 		0.2513,		4.496,		2-2
3, 7, 1, 		10, 		0.2533,		9.815,		3-2
3, 8, 1, 		10, 		0.2308,		2.982,		2-2
3, 9, 1, 		10, 		0.2371,		5.911,		2-2
3, 10, 1, 		10, 		0.3795,		10.13,		3-2
4, 1, 1, 		10, 		0.2618,		5.187,		2-2
4, 2, 1, 		10, 		0.1727,		7.624,		3-2
4, 3, 1, 		10, 		0.2521,		9.583,		3-2
4, 4, 1, 		10, 		0.3799,		6.022,		2-2
4, 5, 1, 		10, 		0.2866,		3.021,		2-2
4, 6, 1, 		10, 		0.2551,		2.926,		2-2
4, 7, 1, 		10, 		0.2649,		15.76,		3-2
4, 8, 1, 		10, 		0.2683,		5.388,		2-2
4, 9, 1, 		10, 		0.3163,		9.014,		2-2
4, 10, 1, 		10, 		0.4302,		3.245,		2-2
5, 1, 1, 		10, 		0.3952,		11.43,		3-2
5, 2, 1, 		10, 		0.2454,		8.897,		2-2
5, 3, 1, 		10, 		0.1821,		6.776,		3-2
5, 4, 1, 		10, 		0.3331,		8.820,		3-2
5, 5, 1, 		10, 		0.2936,		9.216,		3-3
5, 6, 1, 		10, 		0.3120,		8.392,		3-3
5, 7, 1, 		10, 		0.3646,		6.876,		3-3
5, 8, 1, 		10, 		0.2666,		8.571,		3-3
5, 9, 1, 		10, 		0.2451,		8.375,		3-3
5, 10, 1, 		10, 		0.2928,		6.793,		2-2
6, 1, 1, 		10, 		0.3055,		13.36,		3-2
6, 2, 1, 		10, 		0.3104,		13.41,		3-2
6, 3, 1, 		10, 		0.2941,		9.364,		2-2
6, 4, 1, 		10, 		0.3872,		9.067,		2-2
6, 5, 1, 		10, 		0.5307,		20.31,		3-3
6, 6, 1, 		10, 		0.4939,		20.72,		3-3
6, 7, 1, 		10, 		0.5608,		9.901,		3-3
6, 8, 1, 		10, 		0.2132,		3.222,		2-2
6, 9, 1, 		10, 		0.1462,		7.194,		2-2
6, 10, 1, 		10, 		0.3246,		7.989,		2-2
7, 1, 1, 		10, 		0.2560,		25.54,		2-2
7, 2, 1, 		10, 		0.2855,		12.48,		2-2
7, 3, 1, 		10, 		0.1688,		16.27,		2-2
7, 4, 1, 		10, 		0.2583,		13.94,		3-2
7, 5, 1, 		10, 		0.4937,		16.22,		3-3
7, 6, 1, 		10, 		0.5155,		11.99,		2-2
7, 7, 1, 		10, 		0.2889,		9.422,		2-2
7, 8, 1, 		10, 		0.1712,		4.422,		2-2
7, 9, 1, 		10, 		0.1324,		7.675,		2-2
7, 10, 1, 		10, 		0.2262,		5.817,		2-2
8, 1, 1, 		10, 		0.1864,		11.52,		2-2
8, 2, 1, 		10, 		0.2022,		10.70,		2-2
8, 3, 1, 		10, 		0.2848,		5.695,		2-2
8, 4, 1, 		10, 		0.2867,		1.148,		1-1
8, 5, 1, 		10, 		0.2037,		13.67,		2-2
8, 6, 1, 		10, 		0.2818,		6.816,		3-2
8, 7, 1, 		10, 		0.3130,		5.529,		2-2
8, 8, 1, 		10, 		0.2790,		7.820,		2-2
8, 9, 1, 		10, 		0.2206,		6.966,		2-2
8, 10, 1, 		10, 		0.3063,		6.601,		2-2
9, 1, 1, 		10, 		0.2261,		19.77,		2-2
9, 2, 1, 		10, 		0.1364,		14.89,		2-2
9, 3, 1, 		10, 		0.1840,		6.054,		1-1
9, 4, 1, 		10, 		0.2952,		2.028,		1-1
9, 5, 1, 		10, 		0.2840,		3.198,		2-2
9, 6, 1, 		10, 		0.2171,		2.052,		3-1
9, 7, 1, 		10, 		0.3401,		3.769,		2-2
9, 8, 1, 		10, 		0.1970,		4.366,		2-2
9, 9, 1, 		10, 		0.2304,		11.05,		3-2
9, 10, 1, 		10, 		0.2628,		6.376,		2-2
10, 1, 1, 		10, 		0.1986,		11.14,		2-1
10, 2, 1, 		10, 		0.1547,		17.41,		2-1
10, 3, 1, 		10, 		0.1731,		1.478,		1-1
10, 4, 1, 		10, 		0.2271,		5.061,		1-1
10, 5, 1, 		10, 		0.3305,		21.54,		3-2
10, 6, 1, 		10, 		0.3061,		5.671,		3-1
10, 7, 1, 		10, 		0.4831,		15.27,		3-2
10, 8, 1, 		10, 		0.3466,		4.886,		2-2
10, 9, 1, 		10, 		0.3436,		11.85,		3-2
10, 10, 1, 		10, 		0.3744,		11.34,		2-2
