1, 1, 1, 		0.3986,		3.415,		2-1
1, 2, 1, 		0.4285,		1.411,		1-1
1, 3, 1, 		0.3541,		2.919,		1-1
1, 4, 1, 		0.3781,		0.7361,		1-1
1, 5, 1, 		0.4635,		5.282,		1-1
1, 6, 1, 		0.3692,		6.039,		1-1
1, 7, 1, 		0.5458,		10.74,		3-2
1, 8, 1, 		0.5161,		6.378,		2-2
1, 9, 1, 		0.7069,		7.231,		2-2
1, 10, 1, 		0.6118,		11.01,		3-2
2, 1, 1, 		0.4542,		2.971,		1-1
2, 2, 1, 		0.4543,		1.341,		1-1
2, 3, 1, 		0.3150,		11.05,		2-1
2, 4, 1, 		0.5336,		9.875,		3-2
2, 5, 1, 		0.8808,		10.63,		3-2
2, 6, 1, 		0.3487,		2.676,		1-1
2, 7, 1, 		0.5633,		16.39,		3-2
2, 8, 1, 		0.4358,		15.16,		3-2
2, 9, 1, 		0.6416,		6.896,		2-2
2, 10, 1, 		0.4070,		11.56,		2-2
3, 1, 1, 		0.2738,		3.753,		1-1
3, 2, 1, 		0.3689,		3.493,		1-1
3, 3, 1, 		0.5405,		9.960,		3-2
3, 4, 1, 		0.3875,		6.126,		2-2
3, 5, 1, 		0.6793,		6.848,		2-2
3, 6, 1, 		0.4403,		5.751,		2-2
3, 7, 1, 		0.5271,		7.031,		3-2
3, 8, 1, 		0.5736,		4.643,		2-2
3, 9, 1, 		0.5313,		6.410,		2-2
3, 10, 1, 		0.5871,		12.68,		3-2
4, 1, 1, 		0.3980,		5.753,		2-2
4, 2, 1, 		0.3690,		12.46,		2-2
4, 3, 1, 		0.6823,		7.559,		2-2
4, 4, 1, 		0.7820,		6.366,		2-2
4, 5, 1, 		0.6086,		5.208,		2-2
4, 6, 1, 		0.5406,		5.376,		2-2
4, 7, 1, 		0.4753,		16.73,		3-2
4, 8, 1, 		0.5475,		5.404,		2-2
4, 9, 1, 		0.6319,		4.323,		2-2
4, 10, 1, 		0.6422,		4.655,		2-2
5, 1, 1, 		0.6360,		12.41,		3-2
5, 2, 1, 		0.4879,		11.81,		3-2
5, 3, 1, 		0.3448,		7.467,		3-2
5, 4, 1, 		0.5961,		10.47,		3-2
5, 5, 1, 		0.5208,		10.31,		3-3
5, 6, 1, 		0.6572,		9.979,		3-3
5, 7, 1, 		0.6522,		8.104,		3-3
5, 8, 1, 		0.4619,		32.84,		3-3
5, 9, 1, 		0.4447,		9.610,		3-3
5, 10, 1, 		0.4036,		7.250,		2-2
6, 1, 1, 		0.4579,		17.03,		3-2
6, 2, 1, 		0.6058,		11.51,		3-2
6, 3, 1, 		0.6573,		12.90,		2-2
6, 4, 1, 		0.6996,		6.514,		2-2
6, 5, 1, 		0.7884,		37.12,		3-3
6, 6, 1, 		0.7050,		40.50,		3-3
6, 7, 1, 		0.7724,		21.26,		3-3
6, 8, 1, 		0.4622,		6.384,		2-2
6, 9, 1, 		0.3887,		7.035,		2-2
6, 10, 1, 		0.5569,		13.16,		3-2
7, 1, 1, 		0.4389,		26.27,		2-2
7, 2, 1, 		0.6619,		13.25,		2-2
7, 3, 1, 		0.4105,		5.407,		2-2
7, 4, 1, 		0.4444,		11.33,		3-2
7, 5, 1, 		0.6593,		17.19,		3-3
7, 6, 1, 		0.7081,		12.63,		2-2
7, 7, 1, 		0.4756,		12.79,		3-2
7, 8, 1, 		0.4439,		6.512,		2-2
7, 9, 1, 		0.3942,		11.42,		2-2
7, 10, 1, 		0.4458,		8.043,		3-2
8, 1, 1, 		0.3644,		10.33,		2-2
8, 2, 1, 		0.4976,		9.811,		2-2
8, 3, 1, 		0.5603,		8.778,		3-2
8, 4, 1, 		0.3957,		2.470,		1-1
8, 5, 1, 		0.3485,		11.41,		2-2
8, 6, 1, 		0.4721,		10.83,		3-2
8, 7, 1, 		0.5429,		6.065,		2-2
8, 8, 1, 		0.6019,		10.65,		3-2
8, 9, 1, 		0.6315,		11.20,		2-2
8, 10, 1, 		0.5681,		11.64,		2-2
9, 1, 1, 		0.5418,		13.64,		2-2
9, 2, 1, 		0.2968,		15.22,		2-2
9, 3, 1, 		0.3700,		5.915,		2-1
9, 4, 1, 		0.5097,		8.193,		1-1
9, 5, 1, 		0.5532,		5.003,		2-2
9, 6, 1, 		0.3615,		1.994,		3-1
9, 7, 1, 		0.4406,		14.26,		3-2
9, 8, 1, 		0.4501,		2.421,		2-2
9, 9, 1, 		0.5011,		14.53,		3-2
9, 10, 1, 		0.4595,		7.245,		2-2
10, 1, 1, 		0.3400,		14.36,		2-1
10, 2, 1, 		0.3308,		11.00,		2-1
10, 3, 1, 		0.3763,		3.639,		1-1
10, 4, 1, 		0.3661,		6.799,		1-1
10, 5, 1, 		0.4738,		31.79,		3-2
10, 6, 1, 		0.4693,		9.935,		3-1
10, 7, 1, 		0.6501,		17.74,		3-2
10, 8, 1, 		0.5285,		14.98,		2-2
10, 9, 1, 		0.5724,		14.15,		3-2
10, 10, 1, 		0.6111,		5.996,		2-2
