1, 1, 1, 		10, 		0.6922,		3.515,		1-1
1, 2, 1, 		10, 		0.5735,		2.327,		1-1
1, 3, 1, 		10, 		0.5542,		2.672,		1-1
1, 4, 1, 		10, 		0.6651,		4.013,		1-1
1, 5, 1, 		10, 		0.7448,		3.798,		1-1
1, 6, 1, 		10, 		0.9016,		3.672,		1-1
1, 7, 1, 		20, 		0.9135,		6.514,		2-2
1, 8, 1, 		10, 		0.5081,		2.209,		2-2
1, 9, 1, 		20, 		0.8253,		1.798,		2-2
1, 10, 1, 		10, 		0.6389,		5.906,		2-2
2, 1, 1, 		10, 		0.5624,		4.687,		1-1
2, 2, 1, 		10, 		0.5370,		1.843,		1-1
2, 3, 1, 		10, 		0.5498,		6.607,		1-1
2, 4, 1, 		20, 		0.6507,		4.690,		2-2
2, 5, 1, 		50, 		0.8577,		9.495,		3-2
2, 6, 1, 		10, 		0.7189,		1.768,		1-1
2, 7, 1, 		20, 		0.8006,		4.102,		2-2
2, 8, 1, 		20, 		0.6060,		5.613,		2-2
2, 9, 1, 		10, 		0.4420,		4.838,		2-2
2, 10, 1, 		20, 		0.6481,		5.617,		2-2
3, 1, 1, 		10, 		0.4881,		4.130,		1-1
3, 2, 1, 		10, 		0.5295,		2.710,		1-1
3, 3, 1, 		20, 		0.7404,		6.125,		2-2
3, 4, 1, 		20, 		0.4940,		2.965,		2-2
3, 5, 1, 		20, 		0.6746,		3.402,		2-2
3, 6, 1, 		20, 		0.6370,		3.685,		2-2
3, 7, 1, 		10, 		0.4727,		3.505,		2-2
3, 8, 1, 		10, 		0.3947,		3.971,		2-2
3, 9, 1, 		10, 		0.3829,		3.415,		2-2
3, 10, 1, 		10, 		0.5155,		8.782,		2-2
4, 1, 1, 		20, 		0.5783,		4.128,		2-2
4, 2, 1, 		20, 		0.4927,		4.070,		2-2
4, 3, 1, 		20, 		0.6244,		3.313,		2-2
4, 4, 1, 		20, 		0.7291,		4.661,		2-2
4, 5, 1, 		20, 		0.7542,		5.006,		2-2
4, 6, 1, 		20, 		0.7495,		3.566,		2-2
4, 7, 1, 		10, 		0.5052,		6.924,		2-2
4, 8, 1, 		20, 		0.6425,		4.165,		2-2
4, 9, 1, 		10, 		0.5056,		3.987,		2-2
4, 10, 1, 		20, 		0.9475,		2.944,		2-2
5, 1, 1, 		20, 		0.7348,		7.154,		2-2
5, 2, 1, 		20, 		0.6152,		4.536,		2-2
5, 3, 1, 		20, 		0.5513,		0.8302,		2-2
5, 4, 1, 		20, 		0.7583,		6.476,		2-2
5, 5, 1, 		40, 		0.5324,		9.704,		3-3
5, 6, 1, 		40, 		0.6080,		9.033,		3-3
5, 7, 1, 		30, 		0.6272,		6.852,		3-3
5, 8, 1, 		20, 		0.8756,		13.81,		2-3
5, 9, 1, 		50, 		0.5128,		8.752,		3-3
5, 10, 1, 		10, 		0.8902,		1.941,		1-2
6, 1, 1, 		20, 		0.7509,		6.869,		2-2
6, 2, 1, 		20, 		0.7634,		4.716,		2-2
6, 3, 1, 		10, 		0.4850,		5.515,		2-2
6, 4, 1, 		20, 		0.8190,		5.002,		2-2
6, 5, 1, 		30, 		0.8266,		24.46,		3-3
6, 6, 1, 		50, 		0.8145,		27.50,		3-3
6, 7, 1, 		30, 		0.8242,		10.29,		3-3
6, 8, 1, 		30, 		0.5444,		3.114,		2-2
6, 9, 1, 		30, 		0.4183,		3.233,		2-2
6, 10, 1, 		30, 		0.6135,		3.706,		2-2
7, 1, 1, 		10, 		0.7894,		4.694,		1-2
7, 2, 1, 		30, 		0.7721,		14.50,		2-2
7, 3, 1, 		20, 		0.5147,		5.275,		2-2
7, 4, 1, 		20, 		0.6171,		7.959,		2-2
7, 5, 1, 		40, 		0.8176,		14.14,		3-3
7, 6, 1, 		20, 		0.9036,		9.016,		2-2
7, 7, 1, 		20, 		0.7048,		5.751,		2-2
7, 8, 1, 		20, 		0.4146,		3.868,		2-2
7, 9, 1, 		20, 		0.3442,		3.664,		2-2
7, 10, 1, 		30, 		0.5366,		4.752,		2-2
8, 1, 1, 		10, 		0.6478,		2.180,		1-2
8, 2, 1, 		10, 		0.7975,		4.471,		1-2
8, 3, 1, 		10, 		0.9234,		7.334,		1-2
8, 4, 1, 		10, 		0.7050,		3.353,		1-1
8, 5, 1, 		10, 		0.8924,		11.39,		1-2
8, 6, 1, 		30, 		0.5919,		4.754,		2-2
8, 7, 1, 		30, 		0.6323,		3.619,		2-2
8, 8, 1, 		20, 		0.6183,		8.200,		2-2
8, 9, 1, 		20, 		0.5311,		6.228,		2-2
8, 10, 1, 		20, 		0.5941,		5.692,		2-2
9, 1, 1, 		10, 		0.6629,		2.330,		1-2
9, 2, 1, 		10, 		0.6632,		3.399,		1-2
9, 3, 1, 		10, 		0.6145,		4.978,		1-1
9, 4, 1, 		10, 		0.7563,		5.801,		1-1
9, 5, 1, 		30, 		0.5475,		1.826,		2-2
9, 6, 1, 		10, 		0.6763,		2.671,		1-1
9, 7, 1, 		30, 		0.5360,		4.181,		2-2
9, 8, 1, 		20, 		0.4189,		4.271,		2-2
9, 9, 1, 		20, 		0.5455,		15.06,		2-2
9, 10, 1, 		20, 		0.5729,		1.926,		2-2
10, 1, 1, 		10, 		0.5256,		2.495,		1-1
10, 2, 1, 		10, 		0.5709,		3.105,		1-1
10, 3, 1, 		10, 		0.5241,		2.738,		1-1
10, 4, 1, 		10, 		0.6717,		2.491,		1-1
10, 5, 1, 		40, 		0.8133,		40.38,		2-2
10, 6, 1, 		10, 		0.7545,		3.915,		1-1
10, 7, 1, 		30, 		0.7728,		10.89,		2-2
10, 8, 1, 		30, 		0.6396,		7.804,		2-2
10, 9, 1, 		20, 		0.7002,		7.522,		2-2
10, 10, 1, 		20, 		0.7433,		7.207,		2-2
