1, 1, 1, 		10, 		0.1663,		6.060,		1-1
1, 2, 1, 		10, 		0.1592,		1.601,		1-1
1, 3, 1, 		10, 		0.1591,		2.437,		1-1
1, 4, 1, 		10, 		0.1694,		0.3500,		1-1
1, 5, 1, 		10, 		0.2271,		1.650,		1-1
1, 6, 1, 		10, 		0.5485,		3.803,		1-1
1, 7, 1, 		10, 		0.2145,		3.588,		2-2
1, 8, 1, 		10, 		0.2097,		1.318,		2-2
1, 9, 1, 		10, 		0.1895,		1.310,		2-2
1, 10, 1, 		20, 		0.3967,		3.281,		2-2
2, 1, 1, 		10, 		0.1691,		3.531,		1-1
2, 2, 1, 		10, 		0.1704,		1.105,		1-1
2, 3, 1, 		10, 		0.1956,		4.888,		1-1
2, 4, 1, 		20, 		0.3074,		3.986,		2-2
2, 5, 1, 		20, 		0.3231,		2.197,		2-2
2, 6, 1, 		10, 		0.4829,		1.046,		1-1
2, 7, 1, 		20, 		0.4100,		1.464,		2-2
2, 8, 1, 		10, 		0.1755,		2.644,		2-2
2, 9, 1, 		20, 		0.3638,		0.6374,		2-2
2, 10, 1, 		10, 		0.1698,		3.688,		2-2
3, 1, 1, 		10, 		0.2053,		0.6542,		1-1
3, 2, 1, 		10, 		0.2190,		4.985,		1-1
3, 3, 1, 		20, 		0.3602,		3.561,		2-2
3, 4, 1, 		20, 		0.3345,		2.346,		2-2
3, 5, 1, 		20, 		0.3247,		2.012,		2-2
3, 6, 1, 		20, 		0.3286,		3.067,		2-2
3, 7, 1, 		10, 		0.1939,		2.679,		2-2
3, 8, 1, 		20, 		0.3889,		0.4382,		2-2
3, 9, 1, 		20, 		0.3900,		1.449,		2-2
3, 10, 1, 		20, 		0.3916,		1.034,		2-2
4, 1, 1, 		20, 		0.3398,		5.305,		2-2
4, 2, 1, 		20, 		0.3376,		3.406,		2-2
4, 3, 1, 		20, 		0.3350,		1.199,		2-2
4, 4, 1, 		20, 		0.3496,		1.031,		2-2
4, 5, 1, 		20, 		0.3746,		1.738,		2-2
4, 6, 1, 		20, 		0.4099,		1.948,		2-2
4, 7, 1, 		20, 		0.4580,		2.670,		2-2
4, 8, 1, 		20, 		0.4194,		0.7091,		2-2
4, 9, 1, 		10, 		0.1872,		1.326,		2-2
4, 10, 1, 		10, 		0.1717,		1.543,		2-2
5, 1, 1, 		20, 		0.3471,		1.939,		2-2
5, 2, 1, 		20, 		0.3275,		0.9851,		2-2
5, 3, 1, 		20, 		0.3443,		1.591,		2-2
5, 4, 1, 		20, 		0.3812,		0.7952,		2-2
5, 5, 1, 		50, 		0.3609,		2.654,		3-3
5, 6, 1, 		40, 		0.3415,		2.259,		3-3
5, 7, 1, 		40, 		0.3608,		1.477,		3-3
5, 8, 1, 		50, 		0.3246,		1.592,		3-3
5, 9, 1, 		10, 		0.3789,		5.768,		2-3
5, 10, 1, 		30, 		0.5811,		44.32,		2-2
6, 1, 1, 		30, 		0.3779,		2.677,		2-2
6, 2, 1, 		10, 		0.1353,		3.741,		2-2
6, 3, 1, 		20, 		0.3141,		0.8104,		2-2
6, 4, 1, 		20, 		0.3476,		0.4415,		2-2
6, 5, 1, 		40, 		0.3348,		2.535,		3-3
6, 6, 1, 		40, 		0.3445,		1.386,		3-3
6, 7, 1, 		40, 		0.3471,		0.9132,		3-3
6, 8, 1, 		30, 		0.3885,		2.617,		2-2
6, 9, 1, 		30, 		0.3016,		1.255,		2-2
6, 10, 1, 		30, 		0.2673,		1.274,		2-2
7, 1, 1, 		10, 		0.4909,		5.269,		1-2
7, 2, 1, 		20, 		0.2943,		4.777,		2-2
7, 3, 1, 		20, 		0.3079,		2.764,		2-2
7, 4, 1, 		20, 		0.3397,		3.596,		2-2
7, 5, 1, 		40, 		0.2808,		3.579,		3-3
7, 6, 1, 		30, 		0.5044,		2.328,		2-2
7, 7, 1, 		20, 		0.3685,		2.852,		2-2
7, 8, 1, 		30, 		0.2940,		1.996,		2-2
7, 9, 1, 		30, 		0.2552,		0.2556,		2-2
7, 10, 1, 		30, 		0.2695,		0.8679,		2-2
8, 1, 1, 		10, 		0.3453,		7.438,		1-2
8, 2, 1, 		10, 		0.3946,		5.741,		1-2
8, 3, 1, 		10, 		0.4311,		14.25,		1-2
8, 4, 1, 		10, 		0.3150,		5.733,		1-1
8, 5, 1, 		40, 		0.2556,		1.738,		2-2
8, 6, 1, 		30, 		0.2255,		3.055,		2-2
8, 7, 1, 		20, 		0.2340,		3.592,		2-2
8, 8, 1, 		20, 		0.2215,		2.124,		2-2
8, 9, 1, 		30, 		0.2737,		1.088,		2-2
8, 10, 1, 		20, 		0.2279,		1.282,		2-2
9, 1, 1, 		10, 		0.2389,		1.125,		1-2
9, 2, 1, 		10, 		0.2530,		6.541,		1-2
9, 3, 1, 		10, 		0.2548,		4.311,		1-1
9, 4, 1, 		10, 		0.2382,		5.717,		1-1
9, 5, 1, 		40, 		0.2186,		1.773,		2-2
9, 6, 1, 		20, 		0.3249,		4.121,		1-1
9, 7, 1, 		30, 		0.2771,		3.006,		2-2
9, 8, 1, 		30, 		0.3130,		1.558,		2-2
9, 9, 1, 		30, 		0.2930,		0.9536,		2-2
9, 10, 1, 		20, 		0.2386,		1.665,		2-2
10, 1, 1, 		10, 		0.1736,		4.797,		1-1
10, 2, 1, 		10, 		0.1772,		1.672,		1-1
10, 3, 1, 		10, 		0.2063,		1.003,		1-1
10, 4, 1, 		10, 		0.2325,		0.5066,		1-1
10, 5, 1, 		40, 		0.2599,		5.657,		2-2
10, 6, 1, 		10, 		0.2296,		5.600,		1-1
10, 7, 1, 		20, 		0.2538,		1.077,		2-2
10, 8, 1, 		30, 		0.3434,		0.7826,		2-2
10, 9, 1, 		20, 		0.2391,		1.137,		2-2
10, 10, 1, 		30, 		0.3000,		1.794,		2-2
