1, 1, 1, 		10, 		0.3806,		6.529,		1-1
1, 2, 1, 		10, 		0.3898,		7.599,		1-1
1, 3, 1, 		10, 		0.3748,		2.827,		1-1
1, 4, 1, 		10, 		0.3651,		0.5135,		1-1
1, 5, 1, 		10, 		0.4452,		6.072,		1-1
1, 6, 1, 		10, 		0.3294,		5.876,		1-1
1, 7, 1, 		10, 		0.5379,		10.46,		3-2
1, 8, 1, 		10, 		0.4910,		6.856,		2-2
1, 9, 1, 		10, 		0.6581,		7.364,		2-2
1, 10, 1, 		10, 		0.5655,		13.99,		3-2
2, 1, 1, 		10, 		0.4706,		3.031,		1-1
2, 2, 1, 		10, 		0.4457,		2.402,		1-1
2, 3, 1, 		10, 		0.3110,		10.37,		2-1
2, 4, 1, 		10, 		0.5118,		9.520,		3-2
2, 5, 1, 		10, 		0.9167,		6.235,		2-2
2, 6, 1, 		10, 		0.3338,		2.934,		1-1
2, 7, 1, 		10, 		0.5375,		16.35,		3-2
2, 8, 1, 		10, 		0.4067,		13.84,		3-2
2, 9, 1, 		10, 		0.6030,		8.242,		2-2
2, 10, 1, 		10, 		0.3900,		11.92,		2-2
3, 1, 1, 		10, 		0.2689,		3.719,		1-1
3, 2, 1, 		10, 		0.3603,		6.319,		1-1
3, 3, 1, 		10, 		0.5116,		8.547,		2-2
3, 4, 1, 		10, 		0.3719,		7.189,		2-2
3, 5, 1, 		10, 		0.6397,		7.120,		3-2
3, 6, 1, 		10, 		0.4115,		6.124,		2-2
3, 7, 1, 		10, 		0.4863,		6.656,		3-2
3, 8, 1, 		10, 		0.5261,		4.954,		2-2
3, 9, 1, 		10, 		0.5018,		7.615,		2-2
3, 10, 1, 		10, 		0.5654,		12.72,		3-2
4, 1, 1, 		10, 		0.3862,		5.961,		2-2
4, 2, 1, 		10, 		0.3310,		10.37,		3-2
4, 3, 1, 		10, 		0.6202,		7.706,		2-2
4, 4, 1, 		10, 		0.6205,		16.81,		3-2
4, 5, 1, 		10, 		0.5704,		6.483,		2-2
4, 6, 1, 		10, 		0.4917,		5.752,		2-2
4, 7, 1, 		10, 		0.4510,		16.80,		3-2
4, 8, 1, 		10, 		0.5267,		4.476,		2-2
4, 9, 1, 		10, 		0.5406,		14.01,		3-2
4, 10, 1, 		10, 		0.5893,		5.197,		2-2
5, 1, 1, 		10, 		0.6079,		12.10,		3-2
5, 2, 1, 		10, 		0.4613,		13.04,		3-2
5, 3, 1, 		10, 		0.3230,		8.037,		3-2
5, 4, 1, 		10, 		0.5662,		10.68,		3-2
5, 5, 1, 		10, 		0.4877,		10.57,		3-3
5, 6, 1, 		10, 		0.6019,		10.10,		3-3
5, 7, 1, 		10, 		0.5993,		8.051,		3-3
5, 8, 1, 		10, 		0.3868,		14.59,		3-3
5, 9, 1, 		10, 		0.4045,		10.09,		3-3
5, 10, 1, 		10, 		0.3891,		7.046,		2-2
6, 1, 1, 		10, 		0.4219,		18.32,		3-2
6, 2, 1, 		10, 		0.5680,		11.38,		3-2
6, 3, 1, 		10, 		0.6289,		13.02,		2-2
6, 4, 1, 		10, 		0.6688,		6.583,		2-2
6, 5, 1, 		10, 		0.7564,		41.58,		3-3
6, 6, 1, 		10, 		0.6594,		35.89,		3-3
6, 7, 1, 		10, 		0.7208,		10.93,		3-3
6, 8, 1, 		10, 		0.4404,		5.351,		2-2
6, 9, 1, 		10, 		0.3995,		5.916,		2-2
6, 10, 1, 		10, 		0.5451,		12.23,		3-2
7, 1, 1, 		10, 		0.4197,		27.40,		2-2
7, 2, 1, 		10, 		0.6248,		13.47,		2-2
7, 3, 1, 		10, 		0.3788,		23.91,		3-2
7, 4, 1, 		10, 		0.4139,		10.29,		2-2
7, 5, 1, 		10, 		0.6011,		17.70,		3-3
7, 6, 1, 		10, 		0.6634,		9.330,		2-2
7, 7, 1, 		10, 		0.4291,		12.02,		3-2
7, 8, 1, 		10, 		0.3794,		9.650,		3-2
7, 9, 1, 		10, 		0.3572,		14.34,		3-2
7, 10, 1, 		10, 		0.4319,		8.159,		3-2
8, 1, 1, 		10, 		0.3542,		9.893,		2-2
8, 2, 1, 		10, 		0.4622,		12.58,		2-2
8, 3, 1, 		10, 		0.5407,		33.56,		2-2
8, 4, 1, 		10, 		0.3981,		2.457,		1-1
8, 5, 1, 		10, 		0.3413,		14.44,		2-2
8, 6, 1, 		10, 		0.4671,		10.42,		3-2
8, 7, 1, 		10, 		0.5329,		6.345,		2-2
8, 8, 1, 		10, 		0.5819,		10.65,		3-2
8, 9, 1, 		10, 		0.4707,		13.43,		3-2
8, 10, 1, 		10, 		0.5379,		11.62,		2-2
9, 1, 1, 		10, 		0.4898,		22.23,		2-2
9, 2, 1, 		10, 		0.2800,		15.22,		2-2
9, 3, 1, 		10, 		0.3710,		7.477,		2-1
9, 4, 1, 		10, 		0.4957,		8.078,		1-1
9, 5, 1, 		10, 		0.5290,		5.322,		2-2
9, 6, 1, 		10, 		0.3564,		1.845,		3-1
9, 7, 1, 		10, 		0.4479,		13.89,		3-2
9, 8, 1, 		10, 		0.4415,		4.054,		2-2
9, 9, 1, 		10, 		0.4782,		14.86,		3-2
9, 10, 1, 		10, 		0.4280,		6.856,		2-2
10, 1, 1, 		10, 		0.3223,		6.202,		1-1
10, 2, 1, 		10, 		0.3142,		9.758,		2-1
10, 3, 1, 		10, 		0.3683,		3.767,		1-1
10, 4, 1, 		10, 		0.3538,		6.647,		1-1
10, 5, 1, 		10, 		0.4519,		25.41,		3-2
10, 6, 1, 		10, 		0.4781,		15.78,		3-1
10, 7, 1, 		10, 		0.6485,		16.12,		3-2
10, 8, 1, 		10, 		0.5311,		7.531,		2-2
10, 9, 1, 		10, 		0.5603,		13.22,		3-2
10, 10, 1, 		10, 		0.5683,		5.833,		2-2
