1, 1, 1, 		0.06173,		11.84,		2-1
1, 2, 1, 		0.05972,		1.584,		1-1
1, 3, 1, 		0.07361,		1.555,		1-1
1, 4, 1, 		0.04756,		3.874,		1-1
1, 5, 1, 		0.06026,		4.618,		1-1
1, 6, 1, 		0.1119,		13.99,		2-1
1, 7, 1, 		0.1245,		8.608,		3-2
1, 8, 1, 		0.1334,		6.051,		2-2
1, 9, 1, 		0.1436,		12.68,		3-2
1, 10, 1, 		0.1584,		5.069,		2-2
2, 1, 1, 		0.05143,		3.017,		1-1
2, 2, 1, 		0.07182,		5.278,		2-1
2, 3, 1, 		0.07137,		4.499,		1-1
2, 4, 1, 		0.09391,		7.436,		3-2
2, 5, 1, 		0.1184,		6.548,		2-2
2, 6, 1, 		0.1314,		10.84,		3-1
2, 7, 1, 		0.1092,		7.973,		3-2
2, 8, 1, 		0.1465,		4.895,		2-2
2, 9, 1, 		0.1422,		9.505,		3-2
2, 10, 1, 		0.1361,		12.42,		3-2
3, 1, 1, 		0.07037,		2.137,		1-1
3, 2, 1, 		0.07095,		1.254,		1-1
3, 3, 1, 		0.1364,		5.686,		3-2
3, 4, 1, 		0.1441,		4.451,		2-2
3, 5, 1, 		0.1366,		3.721,		2-2
3, 6, 1, 		0.1051,		6.199,		2-2
3, 7, 1, 		0.1362,		5.158,		2-2
3, 8, 1, 		0.1718,		5.079,		2-2
3, 9, 1, 		0.1532,		3.946,		2-2
3, 10, 1, 		0.1563,		3.213,		2-2
4, 1, 1, 		0.1083,		8.152,		3-2
4, 2, 1, 		0.1196,		10.02,		3-2
4, 3, 1, 		0.1377,		11.13,		3-2
4, 4, 1, 		0.1589,		5.450,		2-2
4, 5, 1, 		0.1485,		6.219,		2-2
4, 6, 1, 		0.1129,		1.742,		2-2
4, 7, 1, 		0.09712,		4.035,		2-2
4, 8, 1, 		0.1625,		10.65,		3-2
4, 9, 1, 		0.1462,		5.214,		3-2
4, 10, 1, 		0.1578,		4.271,		2-2
5, 1, 1, 		0.1545,		4.510,		2-2
5, 2, 1, 		0.1333,		6.486,		2-2
5, 3, 1, 		0.1385,		2.994,		2-2
5, 4, 1, 		0.1439,		9.390,		3-2
5, 5, 1, 		0.2380,		4.276,		3-3
5, 6, 1, 		0.1950,		2.722,		3-3
5, 7, 1, 		0.2165,		3.466,		3-3
5, 8, 1, 		0.1139,		4.074,		3-3
5, 9, 1, 		0.1154,		3.288,		3-3
5, 10, 1, 		0.08183,		3.951,		2-2
6, 1, 1, 		0.08797,		10.46,		3-2
6, 2, 1, 		0.1080,		7.900,		2-2
6, 3, 1, 		0.1383,		6.155,		2-2
6, 4, 1, 		0.1080,		4.094,		2-2
6, 5, 1, 		0.1513,		6.150,		3-3
6, 6, 1, 		0.1335,		2.389,		3-3
6, 7, 1, 		0.2121,		4.005,		3-3
6, 8, 1, 		0.08360,		5.646,		2-2
6, 9, 1, 		0.08279,		6.687,		3-2
6, 10, 1, 		0.08129,		4.235,		2-2
7, 1, 1, 		0.08549,		5.163,		2-2
7, 2, 1, 		0.1013,		4.230,		2-2
7, 3, 1, 		0.1185,		3.834,		2-2
7, 4, 1, 		0.1058,		2.776,		2-2
7, 5, 1, 		0.2120,		3.247,		3-3
7, 6, 1, 		0.1064,		7.689,		3-2
7, 7, 1, 		0.1739,		5.458,		2-2
7, 8, 1, 		0.06256,		4.261,		2-2
7, 9, 1, 		0.1199,		1.646,		2-2
7, 10, 1, 		0.08744,		4.311,		2-2
8, 1, 1, 		0.1053,		13.95,		3-2
8, 2, 1, 		0.07877,		10.95,		3-2
8, 3, 1, 		0.08696,		6.165,		2-2
8, 4, 1, 		0.05885,		5.603,		1-1
8, 5, 1, 		0.04664,		3.375,		2-2
8, 6, 1, 		0.05867,		4.279,		2-2
8, 7, 1, 		0.07355,		8.129,		3-2
8, 8, 1, 		0.09716,		3.023,		2-2
8, 9, 1, 		0.08949,		5.930,		2-2
8, 10, 1, 		0.1147,		3.715,		2-2
9, 1, 1, 		0.1082,		15.08,		2-2
9, 2, 1, 		0.08123,		12.41,		2-2
9, 3, 1, 		0.05403,		4.108,		1-1
9, 4, 1, 		0.08439,		3.842,		1-1
9, 5, 1, 		0.05950,		2.992,		2-2
9, 6, 1, 		0.04012,		2.100,		1-1
9, 7, 1, 		0.07569,		7.867,		3-2
9, 8, 1, 		0.1193,		4.211,		2-2
9, 9, 1, 		0.1272,		10.37,		2-2
9, 10, 1, 		0.09926,		4.352,		2-2
10, 1, 1, 		0.06009,		1.569,		1-1
10, 2, 1, 		0.06144,		5.983,		1-1
10, 3, 1, 		0.06465,		3.285,		1-1
10, 4, 1, 		0.06660,		4.528,		1-1
10, 5, 1, 		0.06768,		2.050,		2-2
10, 6, 1, 		0.02683,		2.101,		1-1
10, 7, 1, 		0.08373,		3.247,		2-2
10, 8, 1, 		0.09924,		11.32,		3-2
10, 9, 1, 		0.1204,		4.794,		2-2
10, 10, 1, 		0.1507,		7.063,		3-2
