1, 1, 1, 		10, 		0.2364,		1.489,		1-1
2, 1, 1, 		10, 		0.2457,		1.290,		1-1
1, 2, 1, 		10, 		0.2736,		3.588,		1-1
2, 2, 1, 		10, 		0.2368,		1.767,		1-1
2, 2, 1, 		10, 		0.2368,		1.767,		1-1
1, 1, 1, 		10, 		0.2364,		1.489,		1-1
1, 2, 1, 		10, 		0.2736,		3.588,		1-1
2, 1, 1, 		10, 		0.2457,		1.290,		1-1
2, 2, 1, 		10, 		0.2368,		1.767,		1-1
1, 1, 1, 		10, 		0.2364,		1.489,		1-1
1, 2, 1, 		10, 		0.2736,		3.588,		1-1
2, 1, 1, 		10, 		0.2457,		1.290,		1-1
2, 2, 1, 		10, 		0.2368,		1.767,		1-1
1, 3, 1, 		10, 		0.2474,		1.038,		1-1
1, 1, 1, 		10, 		0.2364,		1.489,		1-1
3, 1, 1, 		10, 		0.2636,		1.818,		1-1
9, 6, 1, 		10, 		0.1293,		4.925,		1-1
1, 2, 1, 		10, 		0.2736,		3.588,		1-1
9, 1, 1, 		10, 		0.3267,		3.154,		1-2
2, 3, 1, 		10, 		0.2211,		1.968,		1-1
8, 4, 1, 		10, 		0.3029,		3.106,		1-1
2, 6, 1, 		10, 		0.4717,		1.623,		1-1
2, 1, 1, 		10, 		0.2457,		1.290,		1-1
8, 2, 1, 		10, 		0.5090,		10.39,		1-2
2, 8, 1, 		10, 		0.2780,		3.350,		2-2
7, 1, 1, 		10, 		0.5142,		7.131,		1-2
10, 3, 1, 		10, 		0.2962,		0.5416,		1-1
10, 1, 1, 		10, 		0.2103,		1.740,		1-1
1, 4, 1, 		10, 		0.1818,		1.026,		1-1
8, 1, 1, 		10, 		0.3987,		3.265,		1-2
9, 2, 1, 		10, 		0.3374,		3.048,		1-2
10, 2, 1, 		10, 		0.2551,		1.112,		1-1
8, 3, 1, 		10, 		0.5537,		14.75,		1-2
10, 4, 1, 		10, 		0.2931,		1.310,		1-1
4, 6, 1, 		10, 		0.2921,		6.274,		2-2
9, 3, 1, 		10, 		0.2836,		0.03226,		1-1
9, 4, 1, 		10, 		0.2990,		2.179,		1-1
1, 10, 1, 		10, 		0.2807,		3.685,		2-2
1, 5, 1, 		10, 		0.3205,		3.569,		1-1
10, 6, 1, 		20, 		0.3150,		0.7944,		1-1
3, 9, 1, 		10, 		0.3081,		4.245,		2-2
3, 2, 1, 		10, 		0.2521,		1.428,		1-1
4, 7, 1, 		20, 		0.5251,		1.754,		2-2
7, 3, 1, 		10, 		0.2723,		6.324,		2-2
6, 2, 1, 		10, 		0.2202,		4.012,		2-2
5, 3, 1, 		10, 		0.3065,		1.869,		2-2
3, 5, 1, 		20, 		0.4235,		2.167,		2-2
4, 8, 1, 		10, 		0.2662,		2.178,		2-2
7, 7, 1, 		20, 		0.4808,		1.479,		2-2
4, 4, 1, 		10, 		0.2913,		1.520,		2-2
2, 5, 1, 		20, 		0.4123,		1.583,		2-2
4, 5, 1, 		20, 		0.3763,		2.111,		2-2
2, 4, 1, 		20, 		0.3627,		4.781,		2-2
1, 9, 1, 		10, 		0.3064,		2.424,		2-2
2, 10, 1, 		10, 		0.2897,		3.162,		2-2
5, 1, 1, 		20, 		0.4158,		4.037,		2-2
2, 7, 1, 		10, 		0.3218,		3.244,		2-2
3, 10, 1, 		20, 		0.5244,		1.766,		2-2
1, 7, 1, 		10, 		0.3084,		3.684,		2-2
3, 7, 1, 		20, 		0.5942,		2.258,		2-2
5, 4, 1, 		20, 		0.4516,		1.613,		2-2
8, 10, 1, 		30, 		0.4595,		1.807,		2-2
9, 8, 1, 		20, 		0.4680,		2.068,		2-2
3, 3, 1, 		10, 		0.2892,		4.280,		2-2
6, 1, 1, 		30, 		0.4365,		4.197,		2-2
4, 9, 1, 		10, 		0.2849,		3.339,		2-2
3, 8, 1, 		20, 		0.4518,		4.744,		2-2
7, 4, 1, 		30, 		0.5645,		5.733,		2-2
4, 3, 1, 		20, 		0.4003,		2.075,		2-2
7, 2, 1, 		30, 		0.4985,		6.272,		2-2
6, 3, 1, 		30, 		0.4814,		4.098,		2-2
7, 6, 1, 		20, 		0.4313,		3.366,		2-2
8, 8, 1, 		20, 		0.3432,		4.194,		2-2
6, 4, 1, 		30, 		0.4297,		5.657,		2-2
5, 2, 1, 		10, 		0.2002,		2.309,		2-2
3, 4, 1, 		20, 		0.4774,		3.146,		2-2
2, 9, 1, 		20, 		0.3395,		1.438,		2-2
10, 9, 1, 		30, 		0.3807,		2.567,		2-2
6, 7, 1, 		40, 		0.4790,		1.971,		3-3
8, 5, 1, 		40, 		0.2710,		2.350,		2-2
4, 1, 1, 		20, 		0.3701,		2.637,		2-2
4, 10, 1, 		20, 		0.3870,		0.6671,		2-2
4, 2, 1, 		20, 		0.4574,		4.039,		2-2
7, 5, 1, 		40, 		0.3288,		7.174,		3-3
9, 9, 1, 		30, 		0.3744,		3.525,		2-2
10, 8, 1, 		20, 		0.4715,		2.325,		2-2
8, 9, 1, 		30, 		0.3870,		1.564,		2-2
9, 5, 1, 		50, 		0.2911,		2.916,		2-2
10, 7, 1, 		40, 		0.4732,		3.164,		2-2
6, 10, 1, 		40, 		0.3423,		3.909,		2-2
6, 5, 1, 		40, 		0.4380,		8.545,		3-3
9, 10, 1, 		30, 		0.4604,		4.926,		2-2
8, 6, 1, 		50, 		0.3010,		3.451,		2-2
10, 5, 1, 		40, 		0.3443,		9.330,		2-2
1, 8, 1, 		40, 		0.4607,		15.31,		3-2
5, 6, 1, 		40, 		0.3804,		5.689,		3-3
5, 7, 1, 		40, 		0.5541,		5.457,		3-3
7, 9, 1, 		40, 		0.2910,		1.905,		2-2
6, 9, 1, 		40, 		0.3268,		2.415,		2-2
3, 6, 1, 		30, 		0.4138,		1.727,		2-2
6, 6, 1, 		40, 		0.4653,		5.405,		3-3
5, 8, 1, 		50, 		0.4291,		3.931,		3-3
7, 10, 1, 		40, 		0.4592,		4.010,		2-2
5, 9, 1, 		30, 		0.5673,		5.300,		2-3
6, 8, 1, 		40, 		0.3770,		3.699,		2-2
5, 10, 1, 		50, 		0.4678,		3.430,		2-2
7, 8, 1, 		40, 		0.3565,		5.181,		2-2
5, 5, 1, 		40, 		0.3868,		6.214,		3-3
10, 10, 1, 		30, 		0.3374,		4.339,		2-2
9, 7, 1, 		40, 		0.3848,		3.220,		2-2
8, 7, 1, 		40, 		0.4375,		7.503,		2-2
1, 6, 1, 		50, 		0.3061,		20.35,		3-1
2, 2, 1, 		10, 		0.2368,		1.767,		1-1
1, 3, 1, 		10, 		0.2474,		1.038,		1-1
1, 1, 1, 		10, 		0.2364,		1.489,		1-1
3, 1, 1, 		10, 		0.2636,		1.818,		1-1
9, 6, 1, 		10, 		0.1293,		2.200,		1-1
1, 2, 1, 		10, 		0.2736,		3.588,		1-1
8, 4, 1, 		10, 		0.3029,		3.106,		1-1
9, 1, 1, 		10, 		0.3267,		2.348,		1-2
2, 6, 1, 		10, 		0.4717,		1.623,		1-1
2, 8, 1, 		10, 		0.2780,		3.563,		2-2
10, 3, 1, 		10, 		0.2962,		0.8570,		1-1
7, 1, 1, 		10, 		0.5142,		6.744,		1-2
2, 3, 1, 		10, 		0.2211,		2.807,		1-1
8, 1, 1, 		10, 		0.3987,		3.265,		1-2
8, 2, 1, 		10, 		0.5090,		4.884,		1-2
2, 1, 1, 		10, 		0.2457,		1.290,		1-1
10, 1, 1, 		10, 		0.2103,		1.740,		1-1
10, 4, 1, 		10, 		0.2931,		1.384,		1-1
1, 4, 1, 		10, 		0.1818,		1.026,		1-1
9, 3, 1, 		10, 		0.2836,		0.03226,		1-1
9, 2, 1, 		10, 		0.3374,		3.048,		1-2
8, 3, 1, 		10, 		0.5537,		14.96,		1-2
10, 2, 1, 		10, 		0.2551,		2.594,		1-1
4, 6, 1, 		10, 		0.2921,		6.812,		2-2
1, 10, 1, 		10, 		0.2807,		5.513,		2-2
9, 4, 1, 		10, 		0.2990,		2.179,		1-1
10, 6, 1, 		20, 		0.3150,		0.7944,		1-1
3, 9, 1, 		10, 		0.3081,		4.248,		2-2
1, 5, 1, 		10, 		0.3205,		3.569,		1-1
3, 2, 1, 		10, 		0.2521,		2.499,		1-1
4, 7, 1, 		20, 		0.5251,		1.098,		2-2
3, 5, 1, 		20, 		0.4235,		2.167,		2-2
7, 3, 1, 		10, 		0.2723,		5.771,		2-2
5, 3, 1, 		10, 		0.3065,		2.981,		2-2
6, 2, 1, 		4, 8, 1, 10, 		0.2202,		4.321,		2-2
		10, 		0.2662,		1.302,		2-2
4, 4, 1, 		10, 		0.2913,		1.671,		2-2
4, 5, 1, 		20, 		0.3763,		2.033,		2-2
7, 7, 1, 		20, 		0.4808,		1.291,		2-2
2, 5, 1, 		20, 		0.4123,		1.848,		2-2
2, 4, 1, 		20, 		0.3627,		5.003,		2-2
1, 9, 1, 		10, 		0.3064,		2.518,		2-2
5, 1, 1, 		20, 		0.4158,		3.869,		2-2
2, 7, 1, 		10, 		0.3218,		3.244,		2-2
2, 10, 1, 		10, 		0.2897,		3.127,		2-2
5, 4, 1, 		20, 		0.4516,		1.613,		2-2
1, 7, 1, 		10, 		0.3084,		3.695,		2-2
3, 7, 1, 		20, 		0.5942,		2.337,		2-2
3, 3, 1, 		10, 		0.2892,		4.027,		2-2
3, 10, 1, 		20, 		0.5244,		1.859,		2-2
9, 8, 1, 		20, 		0.4680,		2.068,		2-2
8, 10, 1, 		30, 		0.4595,		1.085,		2-2
4, 9, 1, 		10, 		0.2849,		3.339,		2-2
4, 3, 1, 		20, 		0.4003,		2.075,		2-2
6, 1, 1, 		30, 		0.4365,		4.197,		2-2
3, 8, 1, 		20, 		0.4518,		4.405,		2-2
7, 4, 1, 		30, 		0.5645,		5.615,		2-2
6, 3, 1, 		30, 		0.4814,		4.014,		2-2
8, 8, 1, 		20, 		0.3432,		4.173,		2-2
7, 2, 1, 		30, 		0.4985,		6.001,		2-2
6, 4, 1, 		30, 		0.4297,		2.548,		2-2
7, 6, 1, 		20, 		0.4313,		3.481,		2-2
2, 9, 1, 		20, 		0.3395,		1.590,		2-2
6, 7, 1, 		40, 		0.4790,		1.942,		3-3
3, 4, 1, 		20, 		0.4774,		3.108,		2-2
5, 2, 1, 		10, 9, 1, 10, 		0.2002,		2.309,		2-2		
30, 		0.3807,		2.609,		2-2
4, 2, 1, 		20, 		0.4574,		4.249,		2-2
8, 5, 1, 		40, 		0.2710,		1.882,		2-2
4, 10, 1, 		20, 		0.3870,		0.6861,		2-2
4, 1, 1, 		20, 		0.3701,		2.637,		2-2
8, 9, 1, 		30, 		0.3870,		1.444,		2-2
7, 5, 1, 		40, 		0.3288,		7.103,		3-3
9, 9, 1, 		30, 		0.3744,		3.513,		2-2
8, 6, 1, 		50, 		0.3010,		3.451,		2-2
10, 8, 1, 		20, 		0.4715,		2.922,		2-2
10, 7, 1, 		40, 		0.4732,		3.164,		2-2
6, 10, 1, 		40, 		0.3423,		3.990,		2-2
5, 6, 1, 		40, 		0.3804,		5.559,		3-3
5, 7, 1, 		40, 		0.5541,		5.153,		3-3
10, 5, 1, 		40, 		0.3443,		9.777,		2-2
9, 5, 1, 		50, 		0.2911,		3.017,		2-2
7, 9, 1, 		40, 		0.2910,		1.831,		2-2
9, 10, 1, 		30, 		0.4604,		5.099,		2-2
6, 5, 1, 		40, 		0.4380,		9.841,		3-3
1, 8, 1, 		40, 		0.4607,		14.73,		3-2
3, 6, 1, 		30, 		0.4138,		1.893,		2-2
6, 6, 1, 		40, 		0.4653,		5.367,		3-3
5, 8, 1, 		50, 		0.4291,		5.890,		3-3
6, 9, 1, 		40, 		0.3268,		2.653,		2-2
7, 10, 1, 		40, 		0.4592,		4.053,		2-2
6, 8, 1, 		40, 		0.3770,		3.934,		2-2
5, 10, 1, 		50, 		0.4678,		3.439,		2-2
5, 9, 1, 		30, 		0.5673,		5.211,		2-3
10, 10, 1, 		30, 		0.3374,		4.339,		2-2
7, 8, 1, 		40, 		0.3565,		5.059,		2-2
5, 5, 1, 		40, 		0.3868,		6.385,		3-3
9, 7, 1, 		40, 		0.3848,		3.439,		2-2
8, 7, 1, 		40, 		0.4375,		7.489,		2-2
1, 6, 1, 		50, 		0.3061,		18.89,		3-1
1, 3, 1, 		10, 		0.2436,		0.5382,		1-1
1, 1, 1, 		10, 		0.2356,		1.202,		1-1
2, 2, 1, 		10, 		0.2359,		1.600,		1-1
3, 1, 1, 		10, 		0.2511,		0.1464,		1-1
1, 2, 1, 		10, 		0.2486,		0.9688,		1-1
2, 6, 1, 		10, 		0.4702,		1.291,		1-1
9, 6, 1, 		10, 		0.1263,		3.655,		1-1
10, 2, 1, 		10, 		0.2542,		2.349,		1-1
8, 4, 1, 		10, 		0.2754,		1.735,		1-1
10, 3, 1, 		10, 		0.2952,		0.7245,		1-1
8, 1, 1, 		10, 		0.3974,		3.043,		1-2
9, 2, 1, 		10, 		0.3362,		3.114,		1-2
2, 3, 1, 		10, 		0.2161,		1.570,		1-1
9, 1, 1, 		10, 		0.3027,		1.960,		1-2
10, 1, 1, 		10, 		0.2094,		1.780,		1-1
9, 3, 1, 		10, 		0.2826,		0.3985,		1-1
10, 4, 1, 		10, 		0.2920,		1.717,		1-1
1, 10, 1, 		10, 		0.2799,		4.492,		2-2
9, 4, 1, 		10, 		0.2979,		1.752,		1-1
1, 4, 1, 		10, 		0.1809,		1.248,		1-1
2, 1, 1, 		10, 		0.2447,		1.541,		1-1
7, 1, 1, 		10, 		0.5085,		6.392,		1-2
3, 2, 1, 		10, 		0.2512,		2.101,		1-1
8, 3, 1, 		10, 		0.5522,		15.41,		1-2
2, 8, 1, 		10, 		0.2778,		3.637,		2-2
10, 6, 1, 		20, 		0.3101,		0.6616,		1-1
8, 2, 1, 		10, 		0.4718,		5.758,		1-2
4, 6, 1, 		10, 		0.2921,		6.752,		2-2
4, 4, 1, 		10, 		0.2912,		1.451,		2-2
1, 5, 1, 		10, 		0.2967,		1.363,		1-1
2, 7, 1, 		10, 		0.3216,		3.426,		2-2
7, 3, 1, 		10, 		0.2708,		4.609,		2-2
6, 2, 1, 		10, 		0.2201,		4.070,		2-2
1, 9, 1, 		10, 		0.3057,		2.176,		2-2
3, 9, 1, 		10, 		0.3075,		3.766,		2-2
3, 6, 1, 		10, 		0.2171,		1.211,		2-2
4, 8, 1, 		10, 		0.2655,		1.051,		2-2
3, 5, 1, 		10, 		0.2438,		1.821,		2-2
3, 8, 1, 		10, 		0.2607,		3.353,		2-2
4, 9, 1, 		10, 		0.2848,		3.502,		2-2
3, 3, 1, 		10, 		0.2892,		4.094,		2-2
5, 3, 1, 		10, 		0.3054,		2.373,		2-2
4, 3, 1, 		10, 		0.2341,		1.825,		2-2
4, 5, 1, 		10, 		0.2223,		1.596,		2-2
2, 10, 1, 		10, 		0.2896,		3.253,		2-2
2, 4, 1, 		20, 		0.3624,		5.061,		2-2
9, 8, 1, 		20, 		0.4675,		2.020,		2-2
4, 7, 1, 		10, 		0.2842,		1.970,		2-2
1, 7, 1, 		10, 		0.3076,		3.037,		2-2
5, 1, 1, 		10, 		0.2241,		3.805,		2-2
4, 1, 1, 		10, 		0.2108,		2.862,		2-2
3, 10, 1, 		10, 		0.2941,		2.498,		2-2
4, 10, 1, 		10, 		0.2077,		1.020,		2-2
3, 7, 1, 		20, 		0.5936,		2.846,		2-2
7, 4, 1, 		30, 		0.5629,		4.846,		2-2
7, 2, 1, 		30, 		0.4965,		5.473,		2-2
5, 9, 1, 		10, 		0.3544,		7.121,		2-3
8, 8, 1, 		20, 		0.3431,		4.258,		2-2
2, 5, 1, 		20, 		0.4122,		1.609,		2-2
6, 4, 1, 		30, 		0.4278,		4.156,		2-2
5, 2, 1, 		10, 		0.1997,		2.438,		2-2
7, 7, 1, 		20, 		0.4808,		1.327,		2-2
1, 8, 1, 		10, 		0.3645,		3.544,		2-2
2, 9, 1, 		10, 		0.1923,		2.089,		2-2
6, 7, 1, 		40, 		0.4788,		1.845,		3-3
8, 9, 1, 		30, 		0.3869,		1.593,		2-2
6, 6, 1, 		10, 		0.5871,		10.22,		2-3
6, 3, 1, 		30, 		0.4806,		2.747,		2-2
7, 9, 1, 		40, 		0.2907,		1.928,		2-2
4, 2, 1, 		20, 		0.4574,		4.245,		2-2
3, 4, 1, 		20, 		0.4771,		3.022,		2-2
6, 10, 1, 		40, 		0.3422,		3.712,		2-2
8, 5, 1, 		40, 		0.2710,		1.964,		2-2
10, 7, 1, 		40, 		0.4729,		2.498,		2-2
8, 6, 1, 		50, 		0.3010,		3.377,		2-2
10, 10, 1, 		30, 		0.3370,		3.903,		2-2
7, 6, 1, 		10, 		0.2657,		2.990,		2-2
5, 7, 1, 		40, 		0.5536,		5.154,		3-3
6, 1, 1, 		30, 		0.4362,		3.842,		2-2
5, 4, 1, 		10, 		0.2825,		1.361,		2-2
5, 6, 1, 		40, 		0.3803,		5.716,		3-3
6, 9, 1, 		40, 		0.3268,		2.653,		2-2
6, 8, 1, 		30, 		0.3455,		4.034,		2-2
7, 10, 1, 		30, 		0.4238,		3.620,		2-2
10, 5, 1, 		40, 		0.3441,		9.437,		2-2
8, 10, 1, 		30, 		0.4591,		1.507,		2-2
9, 10, 1, 		30, 		0.4602,		5.387,		2-2
9, 5, 1, 		50, 		0.2911,		2.976,		2-2
9, 9, 1, 		30, 		0.3744,		3.414,		2-2
9, 7, 1, 		40, 		0.3846,		3.218,		2-2
10, 9, 1, 		30, 		0.3804,		2.213,		2-2
5, 10, 1, 		40, 		0.4455,		4.016,		2-2
7, 8, 1, 		40, 		0.3562,		5.214,		2-2
10, 8, 1, 		30, 		0.5549,		2.873,		2-2
5, 8, 1, 		50, 		0.4287,		4.799,		3-3
6, 5, 1, 		40, 		0.4377,		9.253,		3-3
7, 5, 1, 		40, 		0.3286,		7.107,		3-3
8, 7, 1, 		40, 		0.4373,		7.781,		2-2
1, 6, 1, 		50, 		0.3056,		19.02,		3-1
5, 5, 1, 		40, 		0.3866,		6.533,		3-3
