1, 1, 1, 		10, 		0.6922,		4.358,		1-1
3, 8, 1, 		10, 		0.3959,		4.086,		2-2
3, 8, 1, 		10, 		0.3959,		4.086,		2-2
10, 3, 1, 		10, 		0.5242,		1.068,		1-1
7, 1, 1, 		10, 		0.7894,		4.440,		1-2
3, 8, 1, 		10, 		0.3959,		4.086,		2-2
10, 3, 1, 		10, 		0.5242,		1.068,		1-1
10, 1, 1, 		10, 		0.5291,		4.365,		1-1
4, 7, 1, 		10, 		0.5045,		6.739,		2-2
9, 3, 1, 		10, 		0.6145,		4.967,		1-1
7, 1, 1, 		10, 		0.7894,		4.440,		1-2
9, 4, 1, 		10, 		0.7563,		2.121,		1-1
8, 4, 1, 		10, 		0.7050,		3.653,		1-1
8, 3, 1, 		10, 		0.9297,		15.38,		1-2
9, 1, 1, 		10, 		0.6630,		2.640,		1-2
8, 5, 1, 		10, 		0.8919,		11.74,		1-2
3, 9, 1, 		10, 		0.3834,		4.116,		2-2
10, 4, 1, 		10, 		0.6717,		2.804,		1-1
10, 6, 1, 		10, 		0.7546,		3.989,		1-1
5, 3, 1, 		10, 		0.3287,		1.798,		2-2
8, 1, 1, 		10, 		0.6478,		2.982,		1-2
9, 6, 1, 		10, 		0.6782,		3.319,		1-1
9, 2, 1, 		10, 		0.6642,		7.341,		1-2
10, 2, 1, 		10, 		0.5666,		2.205,		1-1
4, 9, 1, 		10, 		0.5055,		4.680,		2-2
8, 2, 1, 		10, 		0.7976,		4.388,		1-2
4, 6, 1, 		10, 		0.4827,		3.668,		2-2
8, 10, 1, 		20, 		0.5942,		4.378,		2-2
6, 2, 1, 		10, 		0.5276,		3.609,		2-2
4, 8, 1, 		20, 		0.6423,		4.262,		2-2
8, 8, 1, 		20, 		0.6183,		8.018,		2-2
5, 7, 1, 		30, 		0.6268,		6.535,		3-3
3, 6, 1, 		20, 		0.6369,		4.070,		2-2
7, 2, 1, 		20, 		0.6795,		13.48,		2-2
4, 2, 1, 		10, 		0.2767,		2.739,		2-2
4, 1, 1, 		20, 		0.5783,		3.869,		2-2
6, 3, 1, 		10, 		0.4883,		4.905,		2-2
4, 5, 1, 		20, 		0.7540,		3.283,		2-2
5, 8, 1, 		20, 		0.8734,		14.22,		2-3
3, 10, 1, 		20, 		0.7399,		10.38,		2-2
5, 2, 1, 		10, 		0.3749,		4.500,		2-2
5, 1, 1, 		10, 		0.5169,		6.612,		2-2
8, 9, 1, 		20, 		0.5312,		6.959,		2-2
10, 8, 1, 		20, 		0.5705,		7.542,		2-2
7, 6, 1, 		20, 		0.9040,		9.431,		2-2
9, 8, 1, 		20, 		0.4188,		4.275,		2-2
4, 10, 1, 		20, 		0.9484,		3.888,		2-2
3, 7, 1, 		10, 		0.4725,		4.613,		2-2
6, 1, 1, 		10, 		0.5276,		14.47,		2-2
3, 4, 1, 		20, 		0.4944,		2.702,		2-2
10, 10, 1, 		20, 		0.7434,		7.182,		2-2
5, 4, 1, 		20, 		0.7581,		6.645,		2-2
9, 10, 1, 		20, 		0.5730,		1.986,		2-2
7, 7, 1, 		20, 		0.7039,		5.330,		2-2
4, 3, 1, 		10, 		0.3872,		2.594,		2-2
5, 10, 1, 		10, 		0.9074,		2.794,		1-2
7, 9, 1, 		20, 		0.3442,		3.614,		2-2
10, 9, 1, 		20, 		0.7005,		6.138,		2-2
4, 4, 1, 		20, 		0.7279,		1.626,		2-2
7, 3, 1, 		20, 		0.5149,		7.673,		2-2
6, 4, 1, 		10, 		0.6216,		8.163,		2-2
7, 4, 1, 		20, 		0.6178,		7.215,		2-2
9, 9, 1, 		20, 		0.5444,		6.803,		2-2
6, 10, 1, 		20, 		0.5408,		4.003,		2-2
5, 9, 1, 		40, 		0.4867,		9.022,		3-3
8, 7, 1, 		30, 		0.6325,		4.291,		2-2
7, 8, 1, 		30, 		0.4953,		4.292,		2-2
6, 7, 1, 		30, 		0.8239,		10.23,		3-3
3, 5, 1, 		20, 		0.6745,		3.423,		2-2
9, 5, 1, 		40, 		0.5809,		1.940,		2-2
6, 8, 1, 		20, 		0.4699,		3.134,		2-2
7, 10, 1, 		30, 		0.5365,		4.607,		2-2
6, 5, 1, 		10, 		0.8718,		7.971,		2-3
6, 6, 1, 		40, 		0.7915,		23.87,		3-3
7, 5, 1, 		40, 		0.8175,		13.66,		3-3
1, 1, 1, 		10, 		0.6922,		4.358,		1-1
1, 2, 1, 		10, 		0.5736,		2.539,		1-1
1, 2, 1, 		10, 		0.5736,		2.539,		1-1
1, 1, 1, 		10, 		0.6922,		4.358,		1-1
2, 1, 1, 		10, 		0.5624,		2.430,		1-1
2, 2, 1, 		10, 		0.5369,		4.235,		1-1
1, 2, 1, 		10, 		0.5736,		2.539,		1-1
2, 2, 1, 		10, 		0.5369,		4.235,		1-1
1, 1, 1, 		10, 		0.6922,		4.358,		1-1
2, 1, 1, 		10, 		0.5624,		2.430,		1-1
3, 8, 1, 		10, 		0.3959,		4.086,		2-2
10, 3, 1, 		10, 		0.5242,		1.068,		1-1
3, 1, 1, 		10, 		0.4880,		3.630,		1-1
1, 2, 1, 		10, 		0.5736,		2.539,		1-1
4, 7, 1, 		10, 		0.5045,		6.739,		2-2
3, 2, 1, 		10, 		0.5295,		2.596,		1-1
1, 1, 1, 		10, 		0.6922,		4.358,		1-1
7, 1, 1, 		10, 		0.7894,		4.440,		1-2
1, 9, 1, 		10, 		0.5585,		2.756,		2-2
10, 1, 1, 		10, 		0.5291,		4.365,		1-1
2, 2, 1, 		10, 		0.5369,		4.235,		1-1
2, 1, 1, 		10, 		0.5624,		2.430,		1-1
10, 4, 1, 		10, 		0.6717,		2.804,		1-1
3, 9, 1, 		10, 		0.3834,		4.116,		2-2
8, 3, 1, 		10, 		0.9297,		15.38,		1-2
2, 8, 1, 		10, 		0.3576,		5.796,		2-2
1, 6, 1, 		10, 		0.9016,		4.171,		1-1
8, 4, 1, 		10, 		0.7050,		3.653,		1-1
9, 3, 1, 		10, 		0.6145,		4.967,		1-1
1, 7, 1, 		10, 		0.6888,		5.593,		2-2
8, 1, 1, 		10, 		0.6478,		2.982,		1-2
9, 6, 1, 		10, 		0.6782,		3.319,		1-1
5, 3, 1, 		10, 		0.3287,		1.798,		2-2
2, 6, 1, 		10, 		0.7189,		2.009,		1-1
9, 4, 1, 		10, 		0.7563,		2.121,		1-1
9, 1, 1, 		10, 		0.6630,		2.640,		1-2
10, 6, 1, 		10, 		0.7546,		3.989,		1-1
10, 2, 1, 		10, 		0.5666,		2.205,		1-1
1, 4, 1, 		10, 		0.6490,		1.140,		1-1
8, 5, 1, 		10, 		0.8919,		11.74,		1-2
2, 5, 1, 		10, 		0.8863,		3.467,		2-2
2, 7, 1, 		10, 		0.5280,		3.484,		2-2
9, 2, 1, 		10, 		0.6642,		7.341,		1-2
8, 2, 1, 		10, 		0.7976,		4.388,		1-2
8, 10, 1, 		20, 		0.5942,		4.378,		2-2
1, 3, 1, 		10, 		0.5541,		3.254,		1-1
2, 4, 1, 		10, 		0.4514,		3.754,		2-2
4, 8, 1, 		20, 		0.6423,		4.262,		2-2
4, 6, 1, 		10, 		0.4827,		3.668,		2-2
4, 9, 1, 		10, 		0.5055,		4.680,		2-2
1, 8, 1, 		10, 		0.5083,		2.426,		2-2
2, 10, 1, 		10, 		0.4220,		6.495,		2-2
3, 6, 1, 		20, 		0.6369,		4.070,		2-2
6, 2, 1, 		10, 		0.5276,		3.609,		2-2
4, 1, 1, 		20, 		0.5783,		3.869,		2-2
4, 2, 1, 		10, 		0.2767,		2.739,		2-2
10, 10, 1, 		20, 		0.7434,		7.182,		2-2
5, 7, 1, 		30, 		0.6268,		6.535,		3-3
3, 3, 1, 		20, 		0.7403,		5.986,		2-2
7, 2, 1, 		20, 		0.6795,		13.48,		2-2
8, 8, 1, 		20, 		0.6183,		8.018,		2-2
5, 2, 1, 		10, 		0.3749,		4.500,		2-2
5, 8, 1, 		20, 		0.8734,		14.22,		2-3
3, 10, 1, 		20, 		0.7399,		10.38,		2-2
3, 4, 1, 		20, 		0.4944,		2.702,		2-2
6, 3, 1, 		10, 		0.4883,		4.905,		2-2
3, 7, 1, 		10, 		0.4725,		4.613,		2-2
10, 8, 1, 		20, 		0.5705,		7.542,		2-2
4, 5, 1, 		20, 		0.7540,		3.283,		2-2
5, 4, 1, 		20, 		0.7581,		6.645,		2-2
9, 10, 1, 		20, 		0.5730,		1.986,		2-2
8, 9, 1, 		20, 		0.5312,		6.959,		2-2
2, 3, 1, 		10, 		0.5498,		6.317,		1-1
5, 1, 1, 		10, 		0.5169,		6.612,		2-2
1, 10, 1, 		10, 		0.6399,		3.236,		2-2
6, 1, 1, 		10, 		0.5276,		14.47,		2-2
7, 6, 1, 		20, 		0.9040,		9.431,		2-2
9, 8, 1, 		20, 		0.4188,		4.275,		2-2
1, 5, 1, 		10, 		0.7448,		7.472,		1-1
4, 3, 1, 		10, 		0.3872,		2.594,		2-2
7, 9, 1, 		20, 		0.3442,		3.614,		2-2
4, 10, 1, 		20, 		0.9484,		3.888,		2-2
5, 10, 1, 		10, 		0.9074,		2.794,		1-2
7, 3, 1, 		20, 		0.5149,		7.673,		2-2
4, 4, 1, 		20, 		0.7279,		1.626,		2-2
7, 7, 1, 		20, 		0.7039,		5.330,		2-2
2, 9, 1, 		10, 		0.4416,		3.351,		2-2
7, 4, 1, 		20, 		0.6178,		7.215,		2-2
6, 10, 1, 		20, 		0.5408,		4.003,		2-2
10, 9, 1, 		20, 		0.7005,		6.138,		2-2
6, 4, 1, 		10, 		0.6216,		8.163,		2-2
9, 9, 1, 		20, 		0.5444,		6.803,		2-2
8, 7, 1, 		30, 		0.6325,		4.291,		2-2
7, 8, 1, 		30, 		0.4953,		4.292,		2-2
5, 9, 1, 		40, 		0.4867,		9.022,		3-3
3, 5, 1, 		20, 		0.6745,		3.423,		2-2
6, 8, 1, 		20, 		0.4699,		3.134,		2-2
6, 5, 1, 		10, 		0.8718,		7.971,		2-3
9, 5, 1, 		40, 		0.5809,		1.940,		2-2
7, 10, 1, 		30, 		0.5365,		4.607,		2-2
6, 6, 1, 		40, 		0.7915,		23.87,		3-3
6, 7, 1, 		30, 		0.8239,		10.23,		3-3
5, 6, 1, 		40, 		0.6073,		10.09,		3-3
7, 5, 1, 		40, 		0.8175,		13.66,		3-3
8, 6, 1, 		40, 		0.6181,		5.398,		2-2
9, 7, 1, 		30, 		0.5358,		4.068,		2-2
6, 9, 1, 		20, 		0.3519,		3.544,		2-2
10, 7, 1, 		30, 		0.7730,		10.43,		2-2
10, 5, 1, 		40, 		0.8029,		10.85,		2-2
5, 5, 1, 		40, 		0.5323,		9.305,		3-3
5, 7, 1, 		30, 		0.6268,		6.590,		3-3
5, 9, 1, 		40, 		0.4867,		8.696,		3-3
6, 7, 1, 		30, 		0.8239,		10.14,		3-3
7, 5, 1, 		40, 		0.8175,		13.47,		3-3
6, 6, 1, 		40, 		0.7915,		27.91,		3-3
5, 6, 1, 		40, 		0.6073,		9.595,		3-3
5, 5, 1, 		40, 		0.5323,		9.125,		3-3
3, 8, 1, 		10, 		0.3959,		3.965,		2-2
1, 2, 1, 		10, 		0.5736,		2.539,		1-1
10, 3, 1, 		10, 		0.5242,		2.252,		1-1
7, 1, 1, 		10, 		0.7894,		4.440,		1-2
1, 9, 1, 		10, 		0.5585,		2.756,		2-2
3, 1, 1, 		10, 		0.4880,		3.630,		1-1
4, 7, 1, 		10, 		0.5045,		6.739,		2-2
1, 1, 1, 		10, 		0.6922,		4.358,		1-1
3, 2, 1, 		10, 		0.5295,		3.025,		1-1
2, 2, 1, 		10, 		0.5369,		1.493,		1-1
2, 1, 1, 		10, 		0.5624,		2.430,		1-1
10, 1, 1, 		10, 		0.5291,		2.670,		1-1
9, 3, 1, 		10, 		0.6145,		4.967,		1-1
1, 7, 1, 		10, 		0.6888,		5.119,		2-2
2, 6, 1, 		10, 		0.7189,		2.009,		1-1
3, 9, 1, 		10, 		0.3834,		4.116,		2-2
2, 8, 1, 		10, 		0.3576,		2.195,		2-2
10, 4, 1, 		10, 		0.6717,		2.807,		1-1
8, 3, 1, 		10, 		0.9297,		15.38,		1-2
5, 3, 1, 		10, 		0.3287,		1.798,		2-2
1, 6, 1, 		10, 		0.9016,		3.874,		1-1
8, 4, 1, 		10, 		0.7050,		3.273,		1-1
9, 1, 1, 		10, 		0.6630,		2.640,		1-2
8, 1, 1, 		10, 		0.6478,		2.982,		1-2
9, 6, 1, 		10, 		0.6782,		3.319,		1-1
9, 4, 1, 		10, 		0.7563,		5.950,		1-1
10, 6, 1, 		10, 		0.7546,		3.989,		1-1
8, 5, 1, 		10, 		0.8919,		11.92,		1-2
10, 2, 1, 		10, 		0.5666,		1.837,		1-1
9, 2, 1, 		10, 		0.6642,		7.341,		1-2
2, 7, 1, 		10, 		0.5280,		4.673,		2-2
2, 5, 1, 		10, 		0.8863,		4.954,		2-2
1, 4, 1, 		10, 		0.6490,		0.5046,		1-1
8, 2, 1, 		10, 		0.7976,		4.965,		1-2
8, 10, 1, 		20, 		0.5942,		4.698,		2-2
4, 9, 1, 		10, 		0.5055,		4.283,		2-2
1, 3, 1, 		10, 		0.5541,		3.279,		1-1
1, 8, 1, 		10, 		0.5083,		4.068,		2-2
2, 4, 1, 		10, 		0.4514,		3.754,		2-2
4, 6, 1, 		10, 		0.4827,		3.731,		2-2
2, 10, 1, 		10, 		0.4220,		5.533,		2-2
4, 8, 1, 		20, 		0.6423,		3.988,		2-2
3, 6, 1, 		20, 		0.6369,		3.939,		2-2
6, 2, 1, 		10, 		0.5276,		4.184,		2-2
5, 2, 1, 		10, 		0.3749,		4.500,		2-2
5, 7, 1, 		30, 		0.6268,		6.590,		3-3
5, 8, 1, 		20, 		0.8734,		14.22,		2-3
4, 2, 1, 		10, 		0.2767,		3.532,		2-2
7, 2, 1, 		20, 		0.6795,		13.48,		2-2
8, 8, 1, 		20, 		0.6183,		8.018,		2-2
10, 10, 1, 		20, 		0.7434,		7.404,		2-2
3, 3, 1, 		20, 		0.7403,		6.024,		2-2
4, 1, 1, 		20, 		0.5783,		3.758,		2-2
2, 3, 1, 		10, 		0.5498,		6.317,		1-1
3, 7, 1, 		10, 		0.4725,		3.608,		2-2
3, 4, 1, 		20, 		0.4944,		2.702,		2-2
3, 10, 1, 		20, 		0.7399,		9.084,		2-2
10, 8, 1, 		20, 		0.5705,		7.754,		2-2
6, 3, 1, 		10, 		0.4883,		5.555,		2-2
5, 1, 1, 		10, 		0.5169,		6.799,		2-2
9, 8, 1, 		20, 		0.4188,		4.275,		2-2
4, 10, 1, 		20, 		0.9484,		3.897,		2-2
9, 10, 1, 		20, 		0.5730,		2.053,		2-2
1, 10, 1, 		10, 		0.6399,		2.822,		2-2
1, 5, 1, 		10, 		0.7448,		4.939,		1-1
7, 6, 1, 		20, 		0.9040,		9.202,		2-2
7, 9, 1, 		20, 		0.3442,		3.614,		2-2
4, 5, 1, 		20, 		0.7540,		3.895,		2-2
4, 3, 1, 		10, 		0.3872,		3.466,		2-2
8, 9, 1, 		20, 		0.5312,		6.353,		2-2
6, 1, 1, 		10, 		0.5276,		7.943,		2-2
5, 10, 1, 		10, 		0.9074,		2.794,		1-2
2, 9, 1, 		10, 		0.4416,		3.351,		2-2
4, 4, 1, 		20, 		0.7279,		1.626,		2-2
5, 4, 1, 		20, 		0.7581,		6.668,		2-2
7, 7, 1, 		20, 		0.7039,		5.731,		2-2
6, 4, 1, 		10, 		0.6216,		8.163,		2-2
10, 9, 1, 		20, 		0.7005,		6.227,		2-2
7, 3, 1, 		20, 		0.5149,		7.673,		2-2
7, 4, 1, 		20, 		0.6178,		7.284,		2-2
6, 10, 1, 		20, 		0.5408,		3.672,		2-2
9, 9, 1, 		20, 		0.5444,		6.602,		2-2
7, 8, 1, 		30, 		0.4953,		3.352,		2-2
8, 7, 1, 		30, 		0.6325,		4.001,		2-2
5, 9, 1, 		40, 		0.4867,		8.696,		3-3
6, 8, 1, 		20, 		0.4699,		3.033,		2-2
3, 5, 1, 		20, 		0.6745,		3.529,		2-2
9, 5, 1, 		40, 		0.5809,		1.698,		2-2
7, 10, 1, 		30, 		0.5365,		4.607,		2-2
6, 5, 1, 		10, 		0.8718,		8.340,		2-3
6, 6, 1, 		40, 		0.7915,		27.91,		3-3
6, 7, 1, 		30, 		0.8239,		10.14,		3-3
7, 5, 1, 		40, 		0.8175,		13.47,		3-3
5, 6, 1, 		40, 		0.6073,		9.595,		3-3
8, 6, 1, 		40, 		0.6181,		5.588,		2-2
6, 9, 1, 		20, 		0.3519,		3.544,		2-2
9, 7, 1, 		30, 		0.5358,		3.654,		2-2
10, 7, 1, 		30, 		0.7730,		12.04,		2-2
10, 5, 1, 		40, 		0.8029,		11.33,		2-2
5, 5, 1, 		40, 		0.5323,		9.125,		3-3
3, 8, 1, 		10, 		0.3944,		3.616,		2-2
3, 2, 1, 		10, 		0.5285,		3.021,		1-1
1, 1, 1, 		10, 		0.6910,		3.942,		1-1
3, 1, 1, 		10, 		0.4870,		3.564,		1-1
1, 2, 1, 		10, 		0.5725,		2.873,		1-1
7, 1, 1, 		10, 		0.7880,		4.306,		1-2
2, 1, 1, 		10, 		0.5614,		2.306,		1-1
10, 3, 1, 		10, 		0.5231,		2.683,		1-1
1, 7, 1, 		10, 		0.6883,		5.491,		2-2
2, 2, 1, 		10, 		0.5358,		1.481,		1-1
9, 4, 1, 		10, 		0.7552,		5.018,		1-1
2, 6, 1, 		10, 		0.7174,		2.270,		1-1
10, 2, 1, 		10, 		0.5654,		2.043,		1-1
9, 3, 1, 		10, 		0.6134,		4.933,		1-1
10, 4, 1, 		10, 		0.6705,		2.205,		1-1
10, 1, 1, 		10, 		0.5245,		1.720,		1-1
1, 4, 1, 		10, 		0.6480,		0.7474,		1-1
8, 4, 1, 		10, 		0.7040,		3.086,		1-1
1, 6, 1, 		10, 		0.9002,		4.078,		1-1
8, 1, 1, 		10, 		0.6463,		2.638,		1-2
9, 1, 1, 		10, 		0.6617,		2.678,		1-2
1, 3, 1, 		10, 		0.5532,		3.079,		1-1
4, 9, 1, 		10, 		0.5054,		4.281,		2-2
9, 2, 1, 		10, 		0.6627,		3.537,		1-2
8, 2, 1, 		10, 		0.7961,		4.736,		1-2
8, 3, 1, 		10, 		0.9217,		7.110,		1-2
10, 6, 1, 		10, 		0.7536,		3.707,		1-1
1, 9, 1, 		10, 		0.5580,		3.090,		2-2
3, 9, 1, 		10, 		0.3828,		3.606,		2-2
2, 10, 1, 		10, 		0.4216,		5.814,		2-2
4, 7, 1, 		10, 		0.5041,		6.306,		2-2
9, 6, 1, 		10, 		0.6756,		1.874,		1-1
2, 8, 1, 		10, 		0.3558,		4.328,		2-2
2, 4, 1, 		10, 		0.4512,		3.535,		2-2
2, 3, 1, 		10, 		0.5486,		5.896,		1-1
2, 5, 1, 		10, 		0.8860,		3.990,		2-2
2, 7, 1, 		10, 		0.5265,		3.255,		2-2
8, 5, 1, 		10, 		0.8712,		7.157,		1-2
4, 6, 1, 		10, 		0.4821,		3.696,		2-2
5, 1, 1, 		10, 		0.5168,		6.794,		2-2
1, 5, 1, 		10, 		0.7438,		4.553,		1-1
3, 7, 1, 		10, 		0.4725,		3.599,		2-2
5, 10, 1, 		10, 		0.8892,		2.765,		1-2
4, 1, 1, 		10, 		0.4066,		4.471,		2-2
4, 8, 1, 		10, 		0.4342,		4.254,		2-2
2, 9, 1, 		10, 		0.4416,		3.167,		2-2
1, 8, 1, 		10, 		0.5076,		2.836,		2-2
6, 5, 1, 		10, 		0.8711,		8.755,		2-3
4, 2, 1, 		10, 		0.2765,		3.808,		2-2
7, 3, 1, 		20, 		0.5141,		6.846,		2-2
5, 2, 1, 		10, 		0.3749,		4.734,		2-2
3, 10, 1, 		10, 		0.5143,		11.01,		2-2
4, 3, 1, 		10, 		0.3868,		3.198,		2-2
4, 5, 1, 		10, 		0.4989,		4.165,		2-2
6, 3, 1, 		10, 		0.4848,		7.859,		2-2
5, 4, 1, 		10, 		0.5525,		7.437,		2-2
1, 10, 1, 		10, 		0.6367,		2.905,		2-2
3, 4, 1, 		20, 		0.4940,		3.081,		2-2
6, 2, 1, 		10, 		0.5261,		5.693,		2-2
3, 3, 1, 		20, 		0.7402,		5.894,		2-2
6, 1, 1, 		10, 		0.5254,		9.768,		2-2
6, 4, 1, 		10, 		0.6147,		4.046,		2-2
3, 6, 1, 		20, 		0.6369,		3.938,		2-2
5, 6, 1, 		10, 		0.8915,		15.96,		2-3
3, 5, 1, 		10, 		0.4491,		3.595,		2-2
5, 3, 1, 		10, 		0.3285,		1.699,		2-2
7, 4, 1, 		20, 		0.6161,		6.556,		2-2
7, 2, 1, 		20, 		0.6766,		11.33,		2-2
4, 10, 1, 		10, 		0.6824,		4.867,		2-2
9, 10, 1, 		10, 		0.3718,		2.176,		2-2
9, 5, 1, 		10, 		0.9278,		1.891,		1-2
4, 4, 1, 		10, 		0.4990,		2.118,		2-2
5, 7, 1, 		30, 		0.6267,		6.420,		3-3
8, 9, 1, 		20, 		0.5310,		6.315,		2-2
6, 7, 1, 		30, 		0.8238,		10.26,		3-3
10, 10, 1, 		20, 		0.7429,		6.784,		2-2
8, 10, 1, 		20, 		0.5936,		4.780,		2-2
5, 9, 1, 		20, 		0.9034,		7.092,		2-3
6, 9, 1, 		10, 		0.2189,		3.675,		2-2
7, 7, 1, 		10, 		0.4678,		4.946,		2-2
10, 9, 1, 		10, 		0.4999,		4.915,		2-2
7, 5, 1, 		40, 		0.8172,		13.89,		3-3
5, 5, 1, 		10, 		0.8631,		8.066,		2-3
7, 9, 1, 		20, 		0.3442,		3.636,		2-2
7, 10, 1, 		30, 		0.5365,		4.606,		2-2
7, 8, 1, 		30, 		0.4950,		4.017,		2-2
5, 8, 1, 		10, 		0.6155,		14.93,		2-3
9, 8, 1, 		20, 		0.4188,		4.311,		2-2
7, 6, 1, 		20, 		0.9034,		8.853,		2-2
9, 9, 1, 		20, 		0.5443,		6.782,		2-2
8, 6, 1, 		40, 		0.6179,		5.079,		2-2
6, 6, 1, 		10, 		0.9161,		30.90,		2-3
8, 7, 1, 		30, 		0.6322,		3.796,		2-2
10, 8, 1, 		30, 		0.6394,		8.032,		2-2
8, 8, 1, 		30, 		0.6914,		7.891,		2-2
9, 7, 1, 		30, 		0.5358,		3.610,		2-2
6, 10, 1, 		30, 		0.6135,		3.817,		2-2
6, 8, 1, 		30, 		0.5439,		3.409,		2-2
10, 7, 1, 		30, 		0.7727,		11.88,		2-2
10, 5, 1, 		30, 		0.7631,		10.78,		2-2
3, 8, 1, 		10, 		0.3944,		3.616,		2-2
1, 1, 1, 		10, 		0.6910,		3.942,		1-1
3, 2, 1, 		10, 		0.5285,		3.021,		1-1
3, 1, 1, 		10, 		0.4870,		3.564,		1-1
7, 1, 1, 		10, 		0.7880,		4.306,		1-2
2, 1, 1, 		10, 		0.5614,		2.306,		1-1
2, 6, 1, 		10, 		0.7174,		2.270,		1-1
9, 3, 1, 		10, 		0.6134,		4.933,		1-1
9, 4, 1, 		10, 		0.7552,		5.018,		1-1
1, 7, 1, 		10, 		0.6883,		5.491,		2-2
10, 3, 1, 		10, 		0.5231,		2.683,		1-1
2, 2, 1, 		10, 		0.5358,		1.481,		1-1
1, 6, 1, 		10, 		0.9002,		4.078,		1-1
8, 4, 1, 		10, 		0.7040,		3.086,		1-1
1, 2, 1, 		10, 		0.5725,		2.873,		1-1
10, 2, 1, 		10, 		0.5654,		2.043,		1-1
10, 4, 1, 		10, 		0.6705,		2.205,		1-1
1, 4, 1, 		10, 		0.6480,		0.7474,		1-1
4, 9, 1, 		10, 		0.5054,		4.281,		2-2
10, 1, 1, 		10, 		0.5245,		1.720,		1-1
8, 1, 1, 		10, 		0.6463,		2.638,		1-2
1, 3, 1, 		10, 		0.5532,		3.079,		1-1
9, 1, 1, 		10, 		0.6617,		2.678,		1-2
8, 3, 1, 		10, 		0.9217,		7.110,		1-2
9, 2, 1, 		10, 		0.6627,		3.537,		1-2
1, 9, 1, 		10, 		0.5580,		3.090,		2-2
8, 2, 1, 		10, 		0.7961,		4.736,		1-2
3, 9, 1, 		10, 		0.3828,		3.606,		2-2
4, 7, 1, 		10, 		0.5041,		6.306,		2-2
10, 6, 1, 		10, 		0.7536,		3.707,		1-1
2, 8, 1, 		10, 		0.3558,		4.328,		2-2
2, 3, 1, 		10, 		0.5486,		5.896,		1-1
2, 4, 1, 		10, 		0.4512,		3.535,		2-2
9, 6, 1, 		10, 		0.6756,		1.874,		1-1
2, 10, 1, 		10, 		0.4216,		5.814,		2-2
8, 5, 1, 		10, 		0.8712,		7.157,		1-2
2, 5, 1, 		10, 		0.8860,		3.990,		2-2
3, 7, 1, 		10, 		0.4725,		3.599,		2-2
4, 1, 1, 		10, 		0.4066,		4.471,		2-2
5, 10, 1, 		10, 		0.8892,		2.765,		1-2
2, 9, 1, 		10, 		0.4416,		3.167,		2-2
3, 10, 1, 		10, 		0.5143,		11.01,		2-2
2, 7, 1, 		10, 		0.5265,		3.255,		2-2
1, 5, 1, 		10, 		0.7438,		4.553,		1-1
5, 1, 1, 		10, 		0.5168,		6.794,		2-2
6, 1, 1, 		10, 		0.5254,		9.768,		2-2
4, 6, 1, 		10, 		0.4821,		3.696,		2-2
1, 8, 1, 		10, 		0.5076,		2.836,		2-2
6, 5, 1, 		10, 		0.8711,		8.755,		2-3
6, 3, 1, 		10, 		0.4848,		7.859,		2-2
3, 3, 1, 		20, 		0.7402,		5.894,		2-2
4, 2, 1, 		10, 		0.2765,		3.808,		2-2
4, 8, 1, 		10, 		0.4342,		4.254,		2-2
7, 3, 1, 		20, 		0.5141,		6.846,		2-2
5, 2, 1, 		10, 		0.3749,		4.734,		2-2
1, 10, 1, 		10, 		0.6367,		2.905,		2-2
4, 5, 1, 		10, 		0.4989,		4.165,		2-2
5, 4, 1, 		10, 		0.5525,		7.437,		2-2
4, 3, 1, 		10, 		0.3868,		3.198,		2-2
7, 4, 1, 		20, 		0.6161,		6.556,		2-2
3, 4, 1, 		20, 		0.4940,		3.081,		2-2
6, 4, 1, 		10, 		0.6147,		4.046,		2-2
5, 3, 1, 		10, 		0.3285,		1.699,		2-2
6, 2, 1, 		10, 		0.5261,		5.693,		2-2
7, 2, 1, 		20, 		0.6766,		11.33,		2-2
3, 6, 1, 		20, 		0.6369,		3.938,		2-2
5, 6, 1, 		10, 		0.8915,		15.96,		2-3
3, 5, 1, 		10, 		0.4491,		3.595,		2-2
5, 7, 1, 		30, 		0.6267,		6.420,		3-3
4, 10, 1, 		10, 		0.6824,		4.867,		2-2
9, 5, 1, 		10, 		0.9278,		1.891,		1-2
9, 10, 1, 		10, 		0.3718,		2.176,		2-2
4, 4, 1, 		10, 		0.4990,		2.118,		2-2
8, 10, 1, 		20, 		0.5936,		4.780,		2-2
10, 10, 1, 		20, 		0.7429,		6.784,		2-2
8, 9, 1, 		20, 		0.5310,		6.315,		2-2
6, 7, 1, 		30, 		0.8238,		10.26,		3-3
7, 7, 1, 		10, 		0.4678,		4.946,		2-2
6, 9, 1, 		10, 		0.2189,		3.675,		2-2
7, 5, 1, 		40, 		0.8172,		13.89,		3-3
10, 9, 1, 		10, 		0.4999,		4.915,		2-2
5, 9, 1, 		20, 		0.9034,		7.092,		2-3
7, 10, 1, 		30, 		0.5365,		4.606,		2-2
7, 9, 1, 		20, 		0.3442,		3.636,		2-2
5, 5, 1, 		10, 		0.8631,		8.066,		2-3
7, 8, 1, 		30, 		0.4950,		4.017,		2-2
9, 8, 1, 		20, 		0.4188,		4.311,		2-2
5, 8, 1, 		10, 		0.6155,		14.93,		2-3
9, 9, 1, 		20, 		0.5443,		6.782,		2-2
7, 6, 1, 		20, 		0.9034,		8.853,		2-2
8, 7, 1, 		30, 		0.6322,		3.796,		2-2
8, 6, 1, 		40, 		0.6179,		5.079,		2-2
10, 8, 1, 		30, 		0.6394,		8.032,		2-2
6, 6, 1, 		10, 		0.9161,		30.90,		2-3
9, 7, 1, 		30, 		0.5358,		3.610,		2-2
8, 8, 1, 		30, 		0.6914,		7.891,		2-2
6, 8, 1, 		30, 		0.5439,		3.409,		2-2
6, 10, 1, 		30, 		0.6135,		3.817,		2-2
10, 7, 1, 		30, 		0.7727,		11.88,		2-2
10, 5, 1, 		30, 		0.7631,		10.78,		2-2
