1, 1, 1, 		10, 		0.08660,		4.695,		1-1
2, 1, 1, 		10, 		0.09772,		2.934,		1-1
1, 1, 1, 		10, 		0.08660,		4.695,		1-1
1, 2, 1, 		10, 		0.09138,		2.116,		1-1
2, 2, 1, 		10, 		0.1079,		1.109,		1-1
1, 2, 1, 		10, 		0.09138,		2.116,		1-1
2, 2, 1, 		10, 		0.1079,		1.109,		1-1
2, 1, 1, 		10, 		0.09772,		2.934,		1-1
1, 1, 1, 		10, 		0.08660,		4.695,		1-1
3, 1, 1, 		10, 		0.1103,		1.503,		1-1
1, 3, 1, 		10, 		0.1171,		0.4345,		1-1
2, 3, 1, 		10, 		0.1545,		3.481,		1-1
1, 4, 1, 		10, 		0.1120,		2.169,		1-1
1, 5, 1, 		10, 		0.1162,		3.282,		1-1
8, 3, 1, 		10, 		0.3512,		13.77,		1-2
10, 4, 1, 		10, 		0.1221,		0.6274,		1-1
10, 1, 1, 		10, 		0.1692,		5.183,		1-1
1, 2, 1, 		10, 		0.09138,		2.116,		1-1
10, 2, 1, 		10, 		0.1379,		1.435,		1-1
2, 2, 1, 		10, 		0.1079,		1.109,		1-1
1, 1, 1, 		10, 		0.08660,		4.695,		1-1
3, 2, 1, 		10, 		0.1183,		6.523,		1-1
9, 6, 1, 		10, 		0.1843,		1.046,		1-1
2, 1, 1, 		10, 		0.09772,		2.934,		1-1
8, 2, 1, 		10, 		0.3185,		11.68,		1-2
10, 3, 1, 		10, 		0.1177,		2.042,		1-1
10, 6, 1, 		20, 		0.1337,		0.4976,		1-1
9, 3, 1, 		10, 		0.1601,		3.593,		1-1
1, 9, 1, 		10, 		0.1517,		1.185,		2-2
9, 2, 1, 		10, 		0.2063,		4.231,		1-2
7, 1, 1, 		10, 		0.4082,		6.238,		1-2
8, 1, 1, 		10, 		0.2750,		6.011,		1-2
1, 6, 1, 		10, 		0.3812,		0.9087,		1-1
1, 10, 1, 		10, 		0.1669,		1.066,		2-2
7, 4, 1, 		10, 		0.1458,		4.354,		2-2
8, 4, 1, 		10, 		0.2450,		5.571,		1-1
2, 6, 1, 		10, 		0.4005,		0.8722,		1-1
2, 9, 1, 		10, 		0.1456,		1.259,		2-2
9, 1, 1, 		10, 		0.2035,		0.2301,		1-2
9, 4, 1, 		10, 		0.1403,		2.898,		1-1
3, 10, 1, 		10, 		0.1502,		1.302,		2-2
4, 8, 1, 		10, 		0.1780,		1.160,		2-2
9, 5, 1, 		10, 		0.5469,		6.649,		1-2
7, 3, 1, 		10, 		0.5755,		8.835,		1-2
5, 3, 1, 		10, 		0.1421,		1.368,		2-2
10, 5, 1, 		10, 		0.4841,		1.898,		1-2
6, 3, 1, 		10, 		0.1263,		3.381,		2-2
3, 9, 1, 		10, 		0.1501,		1.339,		2-2
4, 9, 1, 		10, 		0.1620,		1.354,		2-2
6, 2, 1, 		10, 		0.1192,		1.512,		2-2
4, 7, 1, 		10, 		0.1794,		1.871,		2-2
5, 2, 1, 		10, 		0.1387,		2.417,		2-2
1, 7, 1, 		20, 		0.3315,		1.179,		2-2
7, 2, 1, 		10, 		0.4876,		7.081,		1-2
1, 8, 1, 		10, 		0.1333,		1.489,		2-2
4, 10, 1, 		10, 		0.1671,		2.160,		2-2
5, 4, 1, 		10, 		0.1824,		1.090,		2-2
6, 1, 1, 		10, 		0.1203,		2.794,		2-2
3, 8, 1, 		10, 		0.1540,		1.302,		2-2
3, 7, 1, 		10, 		0.1373,		1.938,		2-2
2, 7, 1, 		10, 		0.1330,		1.169,		2-2
3, 5, 1, 		20, 		0.3033,		1.671,		2-2
5, 9, 1, 		10, 		0.3330,		5.578,		2-3
4, 3, 1, 		20, 		0.3228,		2.349,		2-2
4, 4, 1, 		20, 		0.3319,		1.984,		2-2
3, 6, 1, 		20, 		0.2908,		4.532,		2-2
2, 8, 1, 		10, 		0.1372,		1.095,		2-2
2, 5, 1, 		20, 		0.2960,		1.293,		2-2
10, 10, 1, 		30, 		0.2996,		1.227,		2-2
2, 10, 1, 		10, 		0.1497,		1.137,		2-2
3, 4, 1, 		20, 		0.3017,		1.445,		2-2
5, 8, 1, 		10, 		0.5347,		7.063,		2-3
6, 4, 1, 		30, 		0.4090,		3.843,		2-2
7, 6, 1, 		20, 		0.3782,		1.672,		2-2
3, 3, 1, 		20, 		0.3071,		2.520,		2-2
4, 2, 1, 		20, 		0.3179,		3.787,		2-2
4, 1, 1, 		10, 		0.1446,		4.909,		2-2
7, 7, 1, 		20, 		0.3286,		3.096,		2-2
2, 4, 1, 		20, 		0.2807,		2.315,		2-2
6, 5, 1, 		40, 		0.3110,		1.820,		3-3
4, 6, 1, 		10, 		0.1761,		0.9630,		2-2
6, 9, 1, 		30, 		0.2477,		1.566,		2-2
5, 6, 1, 		40, 		0.3452,		1.664,		3-3
6, 8, 1, 		40, 		0.3531,		1.938,		2-2
4, 5, 1, 		20, 		0.3604,		1.087,		2-2
6, 7, 1, 		40, 		0.3146,		2.761,		3-3
5, 1, 1, 		30, 		0.4056,		3.166,		2-2
10, 9, 1, 		30, 		0.2838,		1.023,		2-2
7, 5, 1, 		40, 		0.2821,		3.147,		3-3
7, 10, 1, 		40, 		0.2367,		1.482,		2-2
5, 5, 1, 		50, 		0.3837,		1.549,		3-3
8, 6, 1, 		40, 		0.2155,		2.934,		2-2
7, 8, 1, 		40, 		0.2859,		1.263,		2-2
6, 10, 1, 		40, 		0.2439,		1.445,		2-2
9, 10, 1, 		30, 		0.2555,		1.143,		2-2
5, 10, 1, 		40, 		0.3259,		2.453,		2-2
5, 7, 1, 		40, 		0.3316,		2.469,		3-3
9, 8, 1, 		30, 		0.2473,		1.227,		2-2
9, 9, 1, 		30, 		0.2637,		1.053,		2-2
8, 9, 1, 		40, 		0.2825,		1.135,		2-2
8, 5, 1, 		40, 		0.2036,		1.327,		2-2
10, 7, 1, 		40, 		0.2372,		1.316,		2-2
6, 6, 1, 		40, 		0.3077,		1.783,		3-3
10, 8, 1, 		40, 		0.2946,		1.547,		2-2
8, 10, 1, 		40, 		0.2771,		0.9138,		2-2
7, 9, 1, 		40, 		0.2518,		1.503,		2-2
8, 8, 1, 		40, 		0.2785,		0.8657,		2-2
8, 7, 1, 		40, 		0.2776,		1.972,		2-2
9, 7, 1, 		40, 		0.2352,		1.744,		2-2
3, 1, 1, 		10, 		0.1103,		1.503,		1-1
2, 3, 1, 		10, 		0.1545,		3.481,		1-1
1, 3, 1, 		10, 		0.1171,		0.4345,		1-1
1, 4, 1, 		10, 		0.1120,		2.169,		1-1
1, 5, 1, 		10, 		0.1162,		3.282,		1-1
8, 3, 1, 		10, 		0.3512,		13.77,		1-2
10, 4, 1, 		10, 		0.1221,		0.6274,		1-1
2, 2, 1, 		10, 		0.1079,		1.098,		1-1
10, 2, 1, 		10, 		0.1379,		2.143,		1-1
9, 6, 1, 		10, 		0.1843,		1.361,		1-1
10, 1, 1, 		10, 		0.1692,		5.183,		1-1
2, 1, 1, 		10, 		0.09772,		2.934,		1-1
1, 2, 1, 		10, 		0.09138,		2.116,		1-1
1, 1, 1, 		10, 		0.08660,		4.695,		1-1
3, 2, 1, 		10, 		0.1183,		6.523,		1-1
9, 3, 1, 		10, 		0.1601,		3.593,		1-1
10, 6, 1, 		20, 		0.1337,		0.4976,		1-1
8, 2, 1, 		10, 		0.3185,		12.26,		1-2
10, 3, 1, 		10, 		0.1177,		1.395,		1-1
9, 2, 1, 		10, 		0.2063,		5.331,		1-2
7, 1, 1, 		10, 		0.4082,		6.238,		1-2
8, 1, 1, 		10, 		0.2750,		6.011,		1-2
2, 6, 1, 		10, 		0.4005,		0.8722,		1-1
1, 9, 1, 		10, 		0.1517,		1.180,		2-2
1, 10, 1, 		10, 		0.1669,		1.064,		2-2
8, 4, 1, 		10, 		0.2450,		5.571,		1-1
7, 4, 1, 		10, 		0.1458,		4.128,		2-2
1, 6, 1, 		10, 		0.3812,		0.8281,		1-1
9, 1, 1, 		10, 		0.2035,		1.130,		1-2
2, 9, 1, 		10, 		0.1456,		1.123,		2-2
3, 10, 1, 		10, 		0.1502,		1.271,		2-2
9, 5, 1, 		10, 		0.5469,		4.584,		1-2
9, 4, 1, 		10, 		0.1403,		2.530,		1-1
7, 3, 1, 		10, 		0.5755,		8.835,		1-2
10, 5, 1, 		10, 		0.4841,		1.898,		1-2
4, 8, 1, 		10, 		0.1780,		1.367,		2-2
5, 2, 1, 		10, 		0.1387,		0.5506,		2-2
4, 9, 1, 		10, 		0.1620,		1.354,		2-2
6, 3, 1, 		10, 		0.1263,		3.381,		2-2
1, 7, 1, 		20, 		0.3315,		1.189,		2-2
3, 9, 1, 		10, 		0.1501,		1.136,		2-2
5, 3, 1, 		10, 		0.1421,		0.6662,		2-2
7, 2, 1, 		10, 		0.4876,		6.377,		1-2
6, 2, 1, 		10, 		0.1192,		1.512,		2-2
4, 7, 1, 		10, 		0.1794,		1.268,		2-2
4, 10, 1, 		10, 		0.1671,		1.965,		2-2
5, 4, 1, 		10, 		0.1824,		1.000,		2-2
1, 8, 1, 		10, 		0.1333,		1.616,		2-2
3, 7, 1, 		10, 		0.1373,		1.938,		2-2
2, 7, 1, 		10, 		0.1330,		1.169,		2-2
6, 1, 1, 		10, 		0.1203,		2.794,		2-2
3, 8, 1, 		10, 		0.1540,		1.386,		2-2
3, 5, 1, 		20, 		0.3033,		1.671,		2-2
5, 9, 1, 		10, 		0.3330,		1.269,		2-3
4, 4, 1, 		20, 		0.3319,		2.007,		2-2
3, 6, 1, 		20, 		0.2908,		4.532,		2-2
4, 3, 1, 		20, 		0.3228,		2.349,		2-2
2, 5, 1, 		20, 		0.2960,		1.293,		2-2
2, 8, 1, 		10, 		0.1372,		1.085,		2-2
3, 4, 1, 		20, 		0.3017,		1.196,		2-2
5, 8, 1, 		10, 		0.5347,		6.714,		2-3
2, 10, 1, 		10, 		0.1497,		1.030,		2-2
10, 10, 1, 		30, 		0.2996,		1.289,		2-2
6, 4, 1, 		30, 		0.4090,		1.991,		2-2
7, 6, 1, 		20, 		0.3782,		1.517,		2-2
3, 3, 1, 		20, 		0.3071,		2.598,		2-2
4, 1, 1, 		10, 		0.1446,		4.909,		2-2
6, 5, 1, 		40, 		0.3110,		1.846,		3-3
2, 4, 1, 		20, 		0.2807,		2.315,		2-2
4, 2, 1, 		20, 		0.3179,		4.022,		2-2
7, 7, 1, 		20, 		0.3286,		3.155,		2-2
4, 6, 1, 		10, 		0.1761,		1.149,		2-2
6, 9, 1, 		30, 		0.2477,		1.832,		2-2
6, 8, 1, 		40, 		0.3531,		1.995,		2-2
4, 5, 1, 		20, 		0.3604,		1.087,		2-2
6, 7, 1, 		40, 		0.3146,		2.630,		3-3
10, 9, 1, 		30, 		0.2838,		0.9618,		2-2
5, 1, 1, 		30, 		0.4056,		3.166,		2-2
5, 6, 1, 		40, 		0.3452,		1.758,		3-3
7, 5, 1, 		40, 		0.2821,		3.147,		3-3
7, 10, 1, 		40, 		0.2367,		1.482,		2-2
6, 10, 1, 		40, 		0.2439,		1.455,		2-2
5, 5, 1, 		50, 		0.3837,		1.512,		3-3
8, 6, 1, 		40, 		0.2155,		2.777,		2-2
5, 10, 1, 		40, 		0.3259,		2.384,		2-2
8, 5, 1, 		40, 		0.2036,		1.327,		2-2
9, 9, 1, 		30, 		0.2637,		0.9618,		2-2
7, 8, 1, 		40, 		0.2859,		1.293,		2-2
9, 10, 1, 		30, 		0.2555,		1.197,		2-2
9, 8, 1, 		30, 		0.2473,		1.068,		2-2
5, 7, 1, 		40, 		0.3316,		2.077,		3-3
10, 7, 1, 		40, 		0.2372,		1.316,		2-2
8, 9, 1, 		40, 		0.2825,		1.014,		2-2
8, 10, 1, 		40, 		0.2771,		0.6900,		2-2
6, 6, 1, 		40, 		0.3077,		1.783,		3-3
10, 8, 1, 		40, 		0.2946,		1.314,		2-2
8, 8, 1, 		40, 		0.2785,		0.8657,		2-2
7, 9, 1, 		40, 		0.2518,		1.503,		2-2
8, 7, 1, 		40, 		0.2776,		1.764,		2-2
9, 7, 1, 		40, 		0.2352,		1.596,		2-2
1, 4, 1, 		10, 		0.1054,		0.8193,		1-1
1, 3, 1, 		10, 		0.1132,		1.141,		1-1
2, 3, 1, 		10, 		0.1536,		3.090,		1-1
2, 1, 1, 		10, 		0.09682,		3.152,		1-1
1, 2, 1, 		10, 		0.09048,		2.318,		1-1
3, 1, 1, 		10, 		0.1064,		0.5433,		1-1
10, 2, 1, 		10, 		0.1369,		1.692,		1-1
10, 4, 1, 		10, 		0.1183,		0.4872,		1-1
1, 1, 1, 		10, 		0.08568,		4.936,		1-1
2, 2, 1, 		10, 		0.1070,		0.6563,		1-1
1, 5, 1, 		10, 		0.1158,		2.816,		1-1
9, 3, 1, 		10, 		0.1591,		3.798,		1-1
10, 3, 1, 		10, 		0.1167,		1.160,		1-1
9, 6, 1, 		10, 		0.1836,		1.117,		1-1
10, 1, 1, 		10, 		0.1442,		4.645,		1-1
8, 3, 1, 		10, 		0.3455,		14.69,		1-2
2, 6, 1, 		10, 		0.3990,		0.7796,		1-1
9, 1, 1, 		10, 		0.2024,		0.5106,		1-2
3, 2, 1, 		10, 		0.1144,		5.475,		1-1
1, 6, 1, 		10, 		0.3797,		0.4991,		1-1
2, 9, 1, 		10, 		0.1445,		0.9279,		2-2
9, 2, 1, 		10, 		0.2052,		5.622,		1-2
8, 4, 1, 		10, 		0.2438,		5.694,		1-1
8, 2, 1, 		10, 		0.3129,		5.634,		1-2
10, 6, 1, 		20, 		0.1319,		0.9342,		1-1
8, 1, 1, 		10, 		0.2736,		6.709,		1-2
9, 4, 1, 		10, 		0.1393,		2.669,		1-1
7, 1, 1, 		10, 		0.4068,		5.973,		1-2
7, 3, 1, 		10, 		0.5739,		8.462,		1-2
7, 2, 1, 		10, 		0.4862,		6.604,		1-2
10, 5, 1, 		10, 		0.4830,		2.187,		1-2
2, 7, 1, 		10, 		0.1327,		1.100,		2-2
5, 4, 1, 		10, 		0.1824,		1.000,		2-2
7, 4, 1, 		10, 		0.1441,		2.672,		2-2
5, 9, 1, 		10, 		0.3325,		1.071,		2-3
3, 9, 1, 		10, 		0.1497,		1.256,		2-2
9, 5, 1, 		10, 		0.5309,		0.2080,		1-2
1, 9, 1, 		10, 		0.1512,		0.9887,		2-2
3, 10, 1, 		10, 		0.1502,		1.384,		2-2
3, 8, 1, 		10, 		0.1533,		1.221,		2-2
4, 8, 1, 		10, 		0.1776,		1.257,		2-2
6, 2, 1, 		10, 		0.1186,		1.704,		2-2
4, 10, 1, 		10, 		0.1659,		1.351,		2-2
2, 8, 1, 		10, 		0.1369,		1.132,		2-2
4, 9, 1, 		10, 		0.1619,		1.238,		2-2
6, 3, 1, 		10, 		0.1244,		1.962,		2-2
5, 3, 1, 		10, 		0.1414,		0.7127,		2-2
6, 1, 1, 		10, 		0.1194,		2.477,		2-2
4, 7, 1, 		10, 		0.1790,		1.554,		2-2
1, 8, 1, 		10, 		0.1330,		1.401,		2-2
1, 10, 1, 		10, 		0.1657,		0.9270,		2-2
3, 6, 1, 		10, 		0.1211,		3.780,		2-2
1, 7, 1, 		10, 		0.1345,		1.522,		2-2
4, 4, 1, 		10, 		0.1466,		1.344,		2-2
5, 8, 1, 		10, 		0.5344,		6.761,		2-3
3, 7, 1, 		10, 		0.1367,		1.602,		2-2
4, 1, 1, 		10, 		0.1445,		5.016,		2-2
4, 6, 1, 		10, 		0.1758,		1.413,		2-2
5, 2, 1, 		10, 		0.1378,		0.8363,		2-2
4, 2, 1, 		10, 		0.1374,		3.136,		2-2
3, 5, 1, 		10, 		0.1251,		1.133,		2-2
6, 8, 1, 		30, 		0.3170,		1.746,		2-2
2, 10, 1, 		10, 		0.1497,		0.9596,		2-2
6, 4, 1, 		10, 		0.1697,		2.077,		2-2
6, 9, 1, 		30, 		0.2475,		1.432,		2-2
4, 5, 1, 		10, 		0.1731,		0.6002,		2-2
3, 4, 1, 		20, 		0.3016,		1.405,		2-2
4, 3, 1, 		20, 		0.3227,		2.218,		2-2
6, 7, 1, 		10, 		0.4873,		5.187,		2-3
10, 7, 1, 		20, 		0.1551,		1.227,		2-2
2, 4, 1, 		20, 		0.2806,		2.141,		2-2
2, 5, 1, 		20, 		0.2957,		1.416,		2-2
3, 3, 1, 		20, 		0.3068,		2.495,		2-2
5, 6, 1, 		40, 		0.3450,		1.691,		3-3
9, 9, 1, 		30, 		0.2635,		1.212,		2-2
5, 7, 1, 		40, 		0.3314,		2.232,		3-3
6, 10, 1, 		40, 		0.2438,		1.420,		2-2
6, 5, 1, 		40, 		0.3107,		1.574,		3-3
7, 7, 1, 		20, 		0.3286,		3.085,		2-2
8, 6, 1, 		40, 		0.2154,		2.761,		2-2
10, 8, 1, 		30, 		0.2580,		1.360,		2-2
5, 1, 1, 		30, 		0.4052,		3.212,		2-2
7, 8, 1, 		40, 		0.2859,		1.291,		2-2
5, 5, 1, 		50, 		0.3833,		1.590,		3-3
7, 10, 1, 		40, 		0.2367,		1.324,		2-2
8, 9, 1, 		40, 		0.2825,		1.107,		2-2
10, 9, 1, 		30, 		0.2837,		0.9828,		2-2
9, 10, 1, 		40, 		0.2922,		1.079,		2-2
9, 8, 1, 		40, 		0.2829,		1.331,		2-2
8, 8, 1, 		40, 		0.2784,		1.071,		2-2
9, 7, 1, 		40, 		0.2352,		1.596,		2-2
5, 10, 1, 		40, 		0.3259,		2.304,		2-2
7, 9, 1, 		40, 		0.2515,		1.232,		2-2
8, 10, 1, 		40, 		0.2771,		0.7694,		2-2
8, 5, 1, 		40, 		0.2036,		1.328,		2-2
8, 7, 1, 		40, 		0.2774,		1.856,		2-2
10, 10, 1, 		30, 		0.2994,		1.148,		2-2
7, 6, 1, 		30, 		0.4534,		1.803,		2-2
7, 5, 1, 		40, 		0.2815,		2.307,		3-3
6, 6, 1, 		50, 		0.3321,		2.080,		3-3
1, 4, 1, 		10, 		0.1054,		0.8193,		1-1
1, 3, 1, 		10, 		0.1132,		1.141,		1-1
2, 3, 1, 		10, 		0.1536,		3.090,		1-1
1, 2, 1, 		10, 		0.09048,		2.318,		1-1
2, 2, 1, 		10, 		0.1070,		0.6563,		1-1
1, 5, 1, 		10, 		0.1158,		2.816,		1-1
9, 3, 1, 		10, 		0.1591,		3.798,		1-1
1, 1, 1, 		10, 		0.08568,		4.936,		1-1
2, 1, 1, 		10, 		0.09682,		3.152,		1-1
10, 1, 1, 		10, 		0.1442,		4.645,		1-1
10, 4, 1, 		10, 		0.1183,		0.4872,		1-1
10, 2, 1, 		10, 		0.1369,		1.692,		1-1
9, 6, 1, 		10, 		0.1836,		1.117,		1-1
3, 1, 1, 		10, 		0.1064,		0.5433,		1-1
10, 3, 1, 		10, 		0.1167,		1.160,		1-1
9, 1, 1, 		10, 		0.2024,		0.5106,		1-2
1, 6, 1, 		10, 		0.3797,		0.4991,		1-1
8, 4, 1, 		10, 		0.2438,		5.694,		1-1
9, 4, 1, 		10, 		0.1393,		2.669,		1-1
3, 2, 1, 		10, 		0.1144,		5.475,		1-1
9, 2, 1, 		10, 		0.2052,		5.622,		1-2
8, 1, 1, 		10, 		0.2736,		6.709,		1-2
2, 9, 1, 		10, 		0.1445,		0.9279,		2-2
8, 3, 1, 		10, 		0.3455,		14.69,		1-2
8, 2, 1, 		10, 		0.3129,		5.634,		1-2
10, 6, 1, 		20, 		0.1319,		0.9342,		1-1
2, 6, 1, 		10, 		0.3990,		0.7796,		1-1
7, 3, 1, 		10, 		0.5739,		8.462,		1-2
7, 2, 1, 		10, 		0.4862,		6.604,		1-2
7, 1, 1, 		10, 		0.4068,		5.973,		1-2
2, 7, 1, 		10, 		0.1327,		1.100,		2-2
7, 4, 1, 		10, 		0.1441,		2.672,		2-2
5, 4, 1, 		10, 		0.1824,		1.000,		2-2
4, 8, 1, 		10, 		0.1776,		1.257,		2-2
10, 5, 1, 		10, 		0.4830,		2.187,		1-2
4, 9, 1, 		10, 		0.1619,		1.238,		2-2
5, 9, 1, 		10, 		0.3325,		1.071,		2-3
9, 5, 1, 		10, 		0.5309,		0.2080,		1-2
3, 10, 1, 		10, 		0.1502,		1.384,		2-2
6, 3, 1, 		10, 		0.1244,		1.962,		2-2
3, 8, 1, 		10, 		0.1533,		1.221,		2-2
1, 9, 1, 		10, 		0.1512,		0.9887,		2-2
4, 10, 1, 		10, 		0.1659,		1.351,		2-2
3, 9, 1, 		10, 		0.1497,		1.256,		2-2
2, 8, 1, 		10, 		0.1369,		1.132,		2-2
6, 2, 1, 		10, 		0.1186,		1.704,		2-2
5, 3, 1, 		10, 		0.1414,		0.7127,		2-2
1, 8, 1, 		10, 		0.1330,		1.401,		2-2
4, 7, 1, 		10, 		0.1790,		1.554,		2-2
6, 1, 1, 		10, 		0.1194,		2.477,		2-2
1, 10, 1, 		10, 		0.1657,		0.9270,		2-2
1, 7, 1, 		10, 		0.1345,		1.522,		2-2
4, 1, 1, 		10, 		0.1445,		5.016,		2-2
5, 8, 1, 		10, 		0.5344,		6.761,		2-3
3, 6, 1, 		10, 		0.1211,		3.780,		2-2
4, 6, 1, 		10, 		0.1758,		1.413,		2-2
4, 4, 1, 		10, 		0.1466,		1.344,		2-2
5, 2, 1, 		10, 		0.1378,		0.8363,		2-2
4, 2, 1, 		10, 		0.1374,		3.136,		2-2
6, 8, 1, 		30, 		0.3170,		1.746,		2-2
3, 7, 1, 		10, 		0.1367,		1.602,		2-2
2, 10, 1, 		10, 		0.1497,		0.9596,		2-2
3, 5, 1, 		10, 		0.1251,		1.133,		2-2
6, 4, 1, 		10, 		0.1697,		2.077,		2-2
6, 9, 1, 		30, 		0.2475,		1.432,		2-2
4, 5, 1, 		10, 		0.1731,		0.6002,		2-2
3, 4, 1, 		20, 		0.3016,		1.405,		2-2
6, 7, 1, 		10, 		0.4873,		5.187,		2-3
10, 7, 1, 		20, 		0.1551,		1.227,		2-2
2, 4, 1, 		20, 		0.2806,		2.141,		2-2
4, 3, 1, 		20, 		0.3227,		2.218,		2-2
3, 3, 1, 		20, 		0.3068,		2.495,		2-2
2, 5, 1, 		20, 		0.2957,		1.416,		2-2
5, 6, 1, 		40, 		0.3450,		1.691,		3-3
6, 10, 1, 		40, 		0.2438,		1.420,		2-2
5, 7, 1, 		40, 		0.3314,		2.232,		3-3
6, 5, 1, 		40, 		0.3107,		1.574,		3-3
9, 9, 1, 		30, 		0.2635,		1.212,		2-2
7, 7, 1, 		20, 		0.3286,		3.085,		2-2
5, 5, 1, 		50, 		0.3833,		1.590,		3-3
5, 1, 1, 		30, 		0.4052,		3.212,		2-2
7, 9, 1, 		40, 		0.2515,		1.232,		2-2
8, 6, 1, 		40, 		0.2154,		2.761,		2-2
7, 8, 1, 		40, 		0.2859,		1.291,		2-2
8, 9, 1, 		40, 		0.2825,		1.107,		2-2
7, 10, 1, 		40, 		0.2367,		1.324,		2-2
9, 10, 1, 		40, 		0.2922,		1.079,		2-2
10, 9, 1, 		30, 		0.2837,		0.9828,		2-2
9, 7, 1, 		40, 		0.2352,		1.596,		2-2
10, 8, 1, 		30, 		0.2580,		1.360,		2-2
9, 8, 1, 		40, 		0.2829,		1.331,		2-2
8, 7, 1, 		40, 		0.2774,		1.856,		2-2
5, 10, 1, 		40, 		0.3259,		2.304,		2-2
8, 8, 1, 		40, 		0.2784,		1.071,		2-2
8, 10, 1, 		40, 		0.2771,		0.7694,		2-2
8, 5, 1, 		40, 		0.2036,		1.328,		2-2
7, 6, 1, 		30, 		0.4534,		1.803,		2-2
10, 10, 1, 		30, 		0.2994,		1.148,		2-2
7, 5, 1, 		40, 		0.2815,		2.307,		3-3
6, 6, 1, 		50, 		0.3321,		2.080,		3-3
