1, 1, 1, 		10, 		0.1541,		3.040,		1-1
1, 2, 1, 		10, 		0.1385,		0.6435,		1-1
2, 1, 1, 		10, 		0.1235,		2.397,		1-1
1, 1, 1, 		10, 		0.1541,		3.040,		1-1
2, 2, 1, 		10, 		0.1236,		1.064,		1-1
1, 2, 1, 		10, 		0.1385,		0.6435,		1-1
1, 3, 1, 		10, 		0.1507,		2.103,		1-1
2, 1, 1, 		10, 		0.1235,		2.397,		1-1
1, 5, 1, 		10, 		0.1725,		1.582,		1-1
1, 4, 1, 		10, 		0.1578,		2.059,		1-1
1, 1, 1, 		10, 		0.1541,		3.040,		1-1
1, 6, 1, 		10, 		0.3502,		0.7090,		1-1
10, 2, 1, 		10, 		0.1496,		0.3348,		1-1
9, 4, 1, 		10, 		0.1525,		2.999,		1-1
2, 2, 1, 		10, 		0.1236,		1.064,		1-1
9, 3, 1, 		10, 		0.1611,		2.688,		1-1
8, 1, 1, 		10, 		0.2913,		6.169,		1-2
10, 4, 1, 		10, 		0.1302,		3.208,		1-1
10, 6, 1, 		20, 		0.1318,		1.638,		1-1
10, 3, 1, 		10, 		0.1257,		0.7571,		1-1
9, 1, 1, 		10, 		0.1734,		1.192,		1-2
3, 1, 1, 		10, 		0.1355,		0.3037,		1-1
10, 1, 1, 		10, 		0.1068,		1.505,		1-1
8, 2, 1, 		10, 		0.3348,		4.950,		1-2
9, 6, 1, 		20, 		0.1351,		2.042,		1-1
8, 3, 1, 		10, 		0.4612,		14.96,		1-2
2, 3, 1, 		10, 		0.1447,		0.6929,		1-1
2, 6, 1, 		10, 		0.3324,		0.4279,		1-1
3, 2, 1, 		10, 		0.1621,		2.184,		1-1
6, 1, 1, 		10, 		0.1636,		3.178,		2-2
1, 8, 1, 		10, 		0.1917,		1.460,		2-2
8, 4, 1, 		10, 		0.1086,		0.5331,		1-1
9, 2, 1, 		10, 		0.3439,		3.518,		1-2
10, 5, 1, 		10, 		0.5537,		5.680,		1-2
4, 8, 1, 		10, 		0.2150,		2.167,		2-2
4, 7, 1, 		10, 		0.2090,		2.983,		2-2
7, 1, 1, 		10, 		0.4049,		14.09,		1-2
7, 3, 1, 		10, 		0.5640,		9.109,		1-2
1, 7, 1, 		20, 		0.3989,		1.136,		2-2
3, 7, 1, 		10, 		0.1838,		2.663,		2-2
3, 8, 1, 		10, 		0.2120,		2.379,		2-2
5, 1, 1, 		20, 		0.2959,		1.043,		2-2
7, 2, 1, 		10, 		0.1734,		7.588,		2-2
2, 10, 1, 		20, 		0.4099,		3.039,		2-2
3, 10, 1, 		10, 		0.2480,		3.169,		2-2
2, 5, 1, 		20, 		0.3282,		2.234,		2-2
2, 4, 1, 		20, 		0.3747,		3.684,		2-2
1, 9, 1, 		20, 		0.3848,		1.205,		2-2
4, 9, 1, 		20, 		0.4315,		2.200,		2-2
3, 6, 1, 		20, 		0.3503,		3.255,		2-2
3, 3, 1, 		20, 		0.3259,		1.400,		2-2
4, 5, 1, 		20, 		0.3543,		1.746,		2-2
2, 9, 1, 		20, 		0.4400,		1.150,		2-2
7, 7, 1, 		20, 		0.5183,		4.677,		2-2
10, 8, 1, 		20, 		0.2423,		1.779,		2-2
4, 10, 1, 		20, 		0.3741,		1.352,		2-2
6, 2, 1, 		10, 		0.1673,		4.043,		2-2
5, 2, 1, 		30, 		0.3408,		1.897,		2-2
1, 10, 1, 		10, 		0.1899,		1.653,		2-2
6, 3, 1, 		30, 		0.4186,		0.8395,		2-2
3, 4, 1, 		20, 		0.2937,		1.283,		2-2
3, 5, 1, 		20, 		0.3352,		0.7605,		2-2
2, 8, 1, 		20, 		0.3883,		1.914,		2-2
6, 4, 1, 		30, 		0.3727,		5.284,		2-2
7, 4, 1, 		30, 		0.4043,		5.470,		2-2
2, 7, 1, 		20, 		0.3620,		0.8349,		2-2
3, 9, 1, 		10, 		0.1948,		0.7567,		2-2
6, 7, 1, 		40, 		0.3931,		3.276,		3-3
8, 7, 1, 		40, 		0.2416,		3.529,		2-2
5, 3, 1, 		30, 		0.4673,		1.938,		2-2
6, 5, 1, 		40, 		0.4027,		8.735,		3-3
8, 5, 1, 		40, 		0.1668,		3.329,		2-2
4, 2, 1, 		20, 		0.3566,		2.899,		2-2
4, 6, 1, 		30, 		0.3752,		2.378,		2-2
9, 9, 1, 		30, 		0.3427,		3.077,		2-2
4, 3, 1, 		20, 		0.3368,		1.391,		2-2
5, 4, 1, 		30, 		0.3529,		1.366,		2-2
5, 8, 1, 		30, 		0.5927,		3.552,		2-3
7, 6, 1, 		30, 		0.3686,		2.771,		2-2
6, 6, 1, 		40, 		0.3546,		3.307,		3-3
8, 10, 1, 		30, 		0.2741,		1.585,		2-2
9, 7, 1, 		40, 		0.3123,		1.395,		2-2
5, 7, 1, 		40, 		0.4326,		3.071,		3-3
7, 5, 1, 		40, 		0.2956,		6.922,		3-3
5, 9, 1, 		50, 		0.2947,		3.484,		3-3
8, 8, 1, 		30, 		0.3125,		2.813,		2-2
4, 1, 1, 		20, 		0.3511,		3.517,		2-2
7, 8, 1, 		30, 		0.2417,		2.290,		2-2
9, 8, 1, 		30, 		0.2605,		2.304,		2-2
10, 10, 1, 		40, 		0.3662,		2.226,		2-2
5, 10, 1, 		40, 		0.2526,		2.542,		2-2
8, 9, 1, 		30, 		0.2864,		4.242,		2-2
9, 5, 1, 		50, 		0.2128,		2.827,		2-2
9, 10, 1, 		30, 		0.2809,		0.9609,		2-2
6, 8, 1, 		40, 		0.2743,		3.541,		2-2
6, 9, 1, 		40, 		0.2709,		3.100,		2-2
10, 9, 1, 		30, 		0.2793,		1.837,		2-2
7, 9, 1, 		40, 		0.3077,		3.231,		2-2
5, 6, 1, 		40, 		0.3886,		2.868,		3-3
5, 5, 1, 		50, 		0.4504,		3.303,		3-3
8, 6, 1, 		50, 		0.1596,		1.146,		2-2
7, 10, 1, 		40, 		0.2933,		1.440,		2-2
10, 7, 1, 		40, 		0.2456,		2.124,		2-2
4, 4, 1, 		20, 		0.3368,		2.871,		2-2
6, 10, 1, 		40, 		0.2722,		0.8969,		2-2
1, 2, 1, 		10, 		0.1385,		1.034,		1-1
2, 1, 1, 		10, 		0.1235,		2.117,		1-1
1, 3, 1, 		10, 		0.1507,		2.103,		1-1
1, 4, 1, 		10, 		0.1578,		1.836,		1-1
1, 5, 1, 		10, 		0.1725,		1.582,		1-1
10, 2, 1, 		10, 		0.1496,		0.3348,		1-1
9, 4, 1, 		10, 		0.1525,		2.999,		1-1
9, 3, 1, 		10, 		0.1611,		2.782,		1-1
1, 1, 1, 		10, 		0.1541,		2.891,		1-1
10, 4, 1, 		10, 		0.1302,		0.7663,		1-1
3, 1, 1, 		10, 		0.1355,		0.5911,		1-1
2, 2, 1, 		10, 		0.1236,		1.064,		1-1
8, 1, 1, 		10, 		0.2913,		6.169,		1-2
1, 6, 1, 		10, 		0.3502,		0.7090,		1-1
8, 3, 1, 		10, 		0.4612,		15.33,		1-2
10, 6, 1, 		20, 		0.1318,		1.638,		1-1
10, 3, 1, 		10, 		0.1257,		2.215,		1-1
9, 1, 1, 		10, 		0.1734,		1.192,		1-2
10, 1, 1, 		10, 		0.1068,		1.729,		1-1
9, 6, 1, 		20, 		0.1351,		0.8689,		1-1
2, 3, 1, 		10, 		0.1447,		0.6929,		1-1
2, 6, 1, 		10, 		0.3324,		0.4279,		1-1
8, 2, 1, 		10, 		0.3348,		4.950,		1-2
4, 7, 1, 		10, 		0.2090,		2.983,		2-2
1, 8, 1, 		10, 		0.1917,		1.307,		2-2
10, 5, 1, 		10, 		0.5537,		5.680,		1-2
8, 4, 1, 		10, 		0.1086,		0.5331,		1-1
3, 2, 1, 		10, 		0.1621,		2.184,		1-1
9, 2, 1, 		10, 		0.3439,		3.518,		1-2
7, 3, 1, 		10, 		0.5640,		8.542,		1-2
4, 8, 1, 		10, 		0.2150,		2.083,		2-2
3, 7, 1, 		10, 		0.1838,		2.524,		2-2
3, 8, 1, 		10, 		0.2120,		2.379,		2-2
6, 1, 1, 		10, 		0.1636,		2.666,		2-2
1, 7, 1, 		20, 		0.3989,		1.081,		2-2
7, 1, 1, 		10, 		0.4049,		7.080,		1-2
5, 1, 1, 		20, 		0.2959,		0.9211,		2-2
2, 10, 1, 		20, 		0.4099,		3.039,		2-2
7, 2, 1, 		10, 		0.1734,		7.588,		2-2
3, 6, 1, 		20, 		0.3503,		3.393,		2-2
6, 2, 1, 		10, 		0.1673,		3.214,		2-2
4, 9, 1, 		20, 		0.4315,		1.836,		2-2
2, 4, 1, 		20, 		0.3747,		3.699,		2-2
1, 9, 1, 		20, 		0.3848,		1.035,		2-2
2, 5, 1, 		20, 		0.3282,		2.088,		2-2
3, 3, 1, 		20, 		0.3259,		1.142,		2-2
3, 10, 1, 		10, 		0.2480,		3.169,		2-2
2, 9, 1, 		20, 		0.4400,		0.7995,		2-2
4, 5, 1, 		20, 		0.3543,		1.746,		2-2
5, 2, 1, 		30, 		0.3408,		1.897,		2-2
7, 7, 1, 		20, 		0.5183,		4.666,		2-2
6, 3, 1, 		30, 		0.4186,		2.668,		2-2
3, 5, 1, 		20, 		0.3352,		1.073,		2-2
10, 8, 1, 		20, 		0.2423,		1.993,		2-2
2, 7, 1, 		20, 		0.3620,		0.7233,		2-2
6, 4, 1, 		30, 		0.3727,		5.265,		2-2
4, 10, 1, 		20, 		0.3741,		0.7873,		2-2
1, 10, 1, 		10, 		0.1899,		1.653,		2-2
2, 8, 1, 		20, 		0.3883,		1.897,		2-2
7, 4, 1, 		30, 		0.4043,		5.470,		2-2
3, 4, 1, 		20, 		0.2937,		1.283,		2-2
6, 7, 1, 		40, 		0.3931,		3.229,		3-3
3, 9, 1, 		10, 		0.1948,		0.7064,		2-2
4, 3, 1, 		20, 		0.3368,		1.391,		2-2
6, 5, 1, 		40, 		0.4027,		7.888,		3-3
8, 5, 1, 		40, 		0.1668,		2.782,		2-2
8, 7, 1, 		40, 		0.2416,		3.435,		2-2
5, 3, 1, 		30, 		0.4673,		1.938,		2-2
9, 9, 1, 		30, 		0.3427,		3.077,		2-2
7, 6, 1, 		30, 		0.3686,		2.894,		2-2
6, 6, 1, 		40, 		0.3546,		3.096,		3-3
4, 2, 1, 		20, 		0.3566,		2.899,		2-2
5, 4, 1, 		30, 		0.3529,		1.366,		2-2
9, 7, 1, 		40, 		0.3123,		1.395,		2-2
5, 8, 1, 		30, 		0.5927,		3.552,		2-3
4, 6, 1, 		30, 		0.3752,		2.382,		2-2
7, 5, 1, 		40, 		0.2956,		6.919,		3-3
8, 10, 1, 		30, 		0.2741,		1.405,		2-2
5, 9, 1, 		50, 		0.2947,		3.795,		3-3
8, 9, 1, 		30, 		0.2864,		4.123,		2-2
8, 8, 1, 		30, 		0.3125,		2.700,		2-2
5, 7, 1, 		40, 		0.4326,		3.045,		3-3
4, 1, 1, 		20, 		0.3511,		2.688,		2-2
5, 10, 1, 		40, 		0.2526,		2.302,		2-2
9, 8, 1, 		30, 		0.2605,		2.329,		2-2
10, 10, 1, 		40, 		0.3662,		1.238,		2-2
7, 8, 1, 		30, 		0.2417,		2.241,		2-2
9, 5, 1, 		50, 		0.2128,		2.818,		2-2
9, 10, 1, 		30, 		0.2809,		1.255,		2-2
6, 8, 1, 		40, 		0.2743,		3.590,		2-2
5, 6, 1, 		40, 		0.3886,		2.868,		3-3
5, 5, 1, 		50, 		0.4504,		2.779,		3-3
8, 6, 1, 		50, 		0.1596,		1.132,		2-2
6, 9, 1, 		40, 		0.2709,		2.739,		2-2
7, 9, 1, 		40, 		0.3077,		3.455,		2-2
10, 9, 1, 		30, 		0.2793,		1.971,		2-2
7, 10, 1, 		40, 		0.2933,		1.352,		2-2
10, 7, 1, 		40, 		0.2456,		2.027,		2-2
4, 4, 1, 		20, 		0.3368,		2.653,		2-2
6, 10, 1, 		40, 		0.2722,		0.7790,		2-2
1, 2, 1, 		10, 		0.1376,		0.8167,		1-1
1, 1, 1, 		10, 		0.1533,		2.694,		1-1
2, 1, 1, 		10, 		0.1226,		2.049,		1-1
2, 2, 1, 		10, 		0.1227,		1.438,		1-1
1, 3, 1, 		10, 		0.1466,		1.209,		1-1
10, 3, 1, 		10, 		0.1248,		1.843,		1-1
10, 2, 1, 		10, 		0.1488,		0.4885,		1-1
1, 5, 1, 		10, 		0.1716,		1.160,		1-1
10, 4, 1, 		10, 		0.1292,		0.5662,		1-1
1, 6, 1, 		10, 		0.3487,		0.4175,		1-1
9, 1, 1, 		10, 		0.1724,		1.071,		1-2
2, 3, 1, 		10, 		0.1438,		0.9018,		1-1
10, 1, 1, 		10, 		0.1064,		1.383,		1-1
9, 4, 1, 		10, 		0.1256,		0.3340,		1-1
8, 1, 1, 		10, 		0.2901,		6.755,		1-2
1, 4, 1, 		10, 		0.1445,		0.8637,		1-1
2, 6, 1, 		10, 		0.3309,		0.9152,		1-1
8, 4, 1, 		10, 		0.1082,		0.9361,		1-1
8, 2, 1, 		10, 		0.3336,		4.808,		1-2
9, 2, 1, 		10, 		0.3426,		3.609,		1-2
3, 2, 1, 		10, 		0.1611,		1.734,		1-1
9, 3, 1, 		10, 		0.1439,		0.2599,		1-1
3, 1, 1, 		10, 		0.1346,		0.2192,		1-1
10, 6, 1, 		20, 		0.1289,		0.4158,		1-1
9, 6, 1, 		20, 		0.1346,		1.360,		1-1
7, 1, 1, 		10, 		0.4035,		7.231,		1-2
8, 3, 1, 		10, 		0.4545,		7.155,		1-2
7, 3, 1, 		10, 		0.5624,		9.042,		1-2
10, 5, 1, 		10, 		0.5318,		0.3931,		1-2
1, 8, 1, 		10, 		0.1910,		0.9525,		2-2
4, 8, 1, 		10, 		0.2148,		1.980,		2-2
6, 1, 1, 		10, 		0.1629,		2.334,		2-2
7, 2, 1, 		10, 		0.1715,		6.864,		2-2
4, 7, 1, 		10, 		0.2089,		3.451,		2-2
3, 8, 1, 		10, 		0.2115,		3.017,		2-2
6, 2, 1, 		10, 		0.1664,		2.408,		2-2
3, 10, 1, 		10, 		0.2475,		2.579,		2-2
7, 4, 1, 		10, 		0.1868,		5.104,		2-2
2, 4, 1, 		20, 		0.3744,		3.522,		2-2
1, 9, 1, 		10, 		0.1811,		1.513,		2-2
2, 7, 1, 		10, 		0.1745,		1.002,		2-2
3, 7, 1, 		10, 		0.1834,		2.081,		2-2
4, 10, 1, 		20, 		0.3738,		1.084,		2-2
10, 7, 1, 		10, 		0.5833,		0.7193,		1-2
2, 8, 1, 		10, 		0.1891,		1.022,		2-2
2, 10, 1, 		10, 		0.2017,		2.945,		2-2
2, 5, 1, 		20, 		0.3281,		2.221,		2-2
3, 4, 1, 		20, 		0.2936,		1.712,		2-2
5, 1, 1, 		10, 		0.1440,		1.212,		2-2
2, 9, 1, 		10, 		0.2279,		0.6965,		2-2
4, 9, 1, 		10, 		0.2061,		1.793,		2-2
4, 3, 1, 		10, 		0.1728,		1.615,		2-2
3, 3, 1, 		20, 		0.3259,		1.084,		2-2
3, 5, 1, 		20, 		0.3350,		0.8397,		2-2
4, 6, 1, 		10, 		0.1500,		1.595,		2-2
1, 7, 1, 		10, 		0.2002,		1.115,		2-2
4, 2, 1, 		20, 		0.3563,		2.959,		2-2
1, 10, 1, 		10, 		0.1890,		1.937,		2-2
10, 8, 1, 		20, 		0.2422,		1.899,		2-2
3, 9, 1, 		10, 		0.1942,		0.8792,		2-2
4, 5, 1, 		10, 		0.1675,		1.829,		2-2
5, 3, 1, 		10, 		0.2089,		1.421,		2-2
7, 7, 1, 		10, 		0.2936,		3.890,		2-2
5, 4, 1, 		10, 		0.1313,		1.429,		2-2
4, 4, 1, 		10, 		0.1722,		2.211,		2-2
3, 6, 1, 		10, 		0.1720,		2.431,		2-2
5, 8, 1, 		10, 		0.5991,		10.12,		2-3
6, 7, 1, 		40, 		0.3931,		3.229,		3-3
5, 2, 1, 		30, 		0.3407,		2.103,		2-2
6, 3, 1, 		30, 		0.4180,		1.602,		2-2
6, 4, 1, 		30, 		0.3723,		4.809,		2-2
5, 7, 1, 		40, 		0.4326,		3.044,		3-3
10, 9, 1, 		30, 		0.2792,		1.820,		2-2
8, 7, 1, 		40, 		0.2414,		3.538,		2-2
7, 6, 1, 		10, 		0.1609,		2.621,		2-2
8, 10, 1, 		30, 		0.2741,		1.493,		2-2
7, 8, 1, 		30, 		0.2416,		2.341,		2-2
4, 1, 1, 		20, 		0.3508,		3.039,		2-2
8, 5, 1, 		40, 		0.1666,		3.091,		2-2
5, 10, 1, 		40, 		0.2524,		2.304,		2-2
6, 8, 1, 		40, 		0.2742,		3.593,		2-2
7, 10, 1, 		40, 		0.2932,		1.512,		2-2
9, 10, 1, 		30, 		0.2808,		1.040,		2-2
7, 5, 1, 		10, 		0.4735,		8.506,		2-3
9, 8, 1, 		30, 		0.2605,		2.358,		2-2
6, 10, 1, 		40, 		0.2720,		0.7087,		2-2
6, 5, 1, 		40, 		0.4020,		7.908,		3-3
5, 5, 1, 		50, 		0.4501,		3.019,		3-3
9, 7, 1, 		40, 		0.3120,		1.567,		2-2
6, 9, 1, 		40, 		0.2703,		2.839,		2-2
7, 9, 1, 		40, 		0.3076,		3.481,		2-2
8, 6, 1, 		50, 		0.1596,		1.060,		2-2
5, 6, 1, 		40, 		0.3886,		2.897,		3-3
8, 8, 1, 		30, 		0.3121,		2.584,		2-2
10, 10, 1, 		40, 		0.3659,		1.477,		2-2
5, 9, 1, 		50, 		0.2944,		3.556,		3-3
8, 9, 1, 		30, 		0.2863,		4.057,		2-2
9, 9, 1, 		40, 		0.3812,		3.043,		2-2
9, 5, 1, 		40, 		0.1986,		2.481,		2-2
6, 6, 1, 		50, 		0.3793,		3.246,		3-3
