1, 1, 1, 		10, 		0.1087,		6.927,		1-1
1, 2, 1, 		10, 		0.1049,		3.079,		1-1
2, 1, 1, 		10, 		0.1041,		4.927,		1-1
2, 2, 1, 		10, 		0.1092,		0.6946,		1-1
1, 1, 1, 		10, 		0.1087,		6.927,		1-1
1, 3, 1, 		10, 		0.1120,		0.3479,		1-1
3, 1, 1, 		10, 		0.1242,		3.327,		1-1
8, 3, 1, 		10, 		0.3530,		13.46,		1-2
1, 2, 1, 		10, 		0.1049,		3.079,		1-1
2, 1, 1, 		10, 		0.1041,		4.927,		1-1
9, 4, 1, 		10, 		0.1478,		2.349,		1-1
9, 6, 1, 		10, 		0.2344,		4.500,		1-1
3, 2, 1, 		10, 		0.1346,		5.636,		1-1
2, 3, 1, 		10, 		0.1221,		4.016,		1-1
2, 2, 1, 		10, 		0.1092,		0.6946,		1-1
10, 4, 1, 		10, 		0.1143,		3.701,		1-1
10, 2, 1, 		10, 		0.1325,		0.4120,		1-1
1, 1, 1, 		10, 		0.1087,		6.927,		1-1
8, 1, 1, 		10, 		0.2813,		6.660,		1-2
10, 1, 1, 		10, 		0.1139,		4.430,		1-1
9, 1, 1, 		10, 		0.1789,		2.114,		1-2
1, 5, 1, 		10, 		0.1470,		1.510,		1-1
10, 6, 1, 		10, 		0.1368,		1.306,		1-1
9, 3, 1, 		10, 		0.1674,		2.839,		1-1
10, 3, 1, 		10, 		0.1175,		2.394,		1-1
9, 2, 1, 		10, 		0.2185,		3.591,		1-2
2, 6, 1, 		10, 		0.3525,		1.091,		1-1
8, 4, 1, 		10, 		0.1952,		4.972,		1-1
8, 2, 1, 		10, 		0.3242,		5.683,		1-2
1, 4, 1, 		10, 		0.1233,		1.026,		1-1
1, 6, 1, 		10, 		0.3380,		0.6232,		1-1
7, 2, 1, 		10, 		0.5164,		7.766,		1-2
10, 5, 1, 		10, 		0.5485,		7.496,		1-2
4, 10, 1, 		10, 		0.1558,		1.071,		2-2
3, 9, 1, 		10, 		0.1535,		1.797,		2-2
4, 9, 1, 		10, 		0.1630,		0.9728,		2-2
6, 4, 1, 		10, 		0.1758,		1.240,		2-2
3, 7, 1, 		10, 		0.1437,		1.501,		2-2
3, 10, 1, 		10, 		0.1626,		1.178,		2-2
7, 1, 1, 		10, 		0.4530,		6.742,		1-2
7, 3, 1, 		10, 		0.5711,		8.702,		1-2
7, 4, 1, 		10, 		0.1600,		5.191,		2-2
1, 10, 1, 		20, 		0.3493,		1.497,		2-2
2, 10, 1, 		20, 		0.3604,		0.6986,		2-2
4, 5, 1, 		20, 		0.3477,		2.102,		2-2
3, 8, 1, 		10, 		0.1505,		1.469,		2-2
1, 9, 1, 		10, 		0.1426,		1.123,		2-2
5, 9, 1, 		10, 		0.4768,		6.329,		2-3
4, 2, 1, 		20, 		0.3121,		2.272,		2-2
4, 4, 1, 		20, 		0.3066,		1.948,		2-2
6, 3, 1, 		10, 		0.1325,		3.603,		2-2
3, 5, 1, 		20, 		0.3076,		1.315,		2-2
4, 7, 1, 		10, 		0.1940,		2.101,		2-2
2, 5, 1, 		20, 		0.3060,		1.813,		2-2
2, 7, 1, 		10, 		0.1353,		0.9931,		2-2
3, 4, 1, 		20, 		0.2898,		1.187,		2-2
1, 7, 1, 		10, 		0.1460,		2.062,		2-2
3, 6, 1, 		10, 		0.1405,		2.911,		2-2
6, 1, 1, 		30, 		0.3626,		2.015,		2-2
2, 9, 1, 		20, 		0.3548,		0.8234,		2-2
4, 8, 1, 		10, 		0.1761,		0.9153,		2-2
1, 8, 1, 		20, 		0.3414,		0.9295,		2-2
3, 3, 1, 		20, 		0.2897,		1.938,		2-2
2, 4, 1, 		20, 		0.3082,		2.758,		2-2
5, 1, 1, 		20, 		0.3013,		1.239,		2-2
4, 6, 1, 		20, 		0.3675,		1.690,		2-2
7, 6, 1, 		20, 		0.3575,		2.400,		2-2
6, 2, 1, 		30, 		0.3500,		1.445,		2-2
2, 8, 1, 		20, 		0.3395,		0.6362,		2-2
9, 10, 1, 		30, 		0.2366,		0.9003,		2-2
4, 1, 1, 		20, 		0.3218,		4.637,		2-2
5, 5, 1, 		50, 		0.3727,		1.691,		3-3
5, 2, 1, 		30, 		0.3741,		1.373,		2-2
4, 3, 1, 		20, 		0.3030,		1.127,		2-2
5, 3, 1, 		30, 		0.3906,		1.040,		2-2
10, 10, 1, 		30, 		0.2566,		0.6690,		2-2
5, 7, 1, 		40, 		0.3272,		0.8412,		3-3
7, 7, 1, 		30, 		0.4232,		3.661,		2-2
5, 6, 1, 		40, 		0.3361,		1.121,		3-3
5, 8, 1, 		50, 		0.2921,		1.091,		3-3
9, 5, 1, 		40, 		0.1608,		1.439,		2-2
5, 10, 1, 		30, 		0.2760,		0.8287,		2-2
10, 7, 1, 		30, 		0.1995,		0.8652,		2-2
5, 4, 1, 		30, 		0.4202,		1.046,		2-2
6, 7, 1, 		40, 		0.3080,		2.181,		3-3
8, 5, 1, 		40, 		0.1903,		0.8408,		2-2
6, 9, 1, 		40, 		0.2891,		1.812,		2-2
9, 9, 1, 		30, 		0.2392,		1.201,		2-2
6, 5, 1, 		50, 		0.3536,		2.685,		3-3
6, 6, 1, 		40, 		0.3180,		1.597,		3-3
7, 5, 1, 		50, 		0.2791,		3.021,		3-3
7, 10, 1, 		40, 		0.2471,		0.7620,		2-2
10, 9, 1, 		40, 		0.2773,		0.4997,		2-2
8, 6, 1, 		40, 		0.1854,		2.228,		2-2
8, 10, 1, 		40, 		0.2556,		0.7085,		2-2
9, 7, 1, 		40, 		0.2390,		1.091,		2-2
8, 9, 1, 		40, 		0.2631,		0.8369,		2-2
6, 8, 1, 		30, 		0.3149,		2.366,		2-2
8, 7, 1, 		40, 		0.2607,		2.119,		2-2
10, 8, 1, 		40, 		0.2583,		0.5692,		2-2
7, 9, 1, 		40, 		0.2592,		0.9069,		2-2
7, 8, 1, 		40, 		0.2904,		1.138,		2-2
8, 8, 1, 		40, 		0.2664,		0.4152,		2-2
9, 8, 1, 		40, 		0.2586,		0.8393,		2-2
6, 10, 1, 		40, 		0.2506,		0.4134,		2-2
1, 3, 1, 		10, 		0.1120,		0.3479,		1-1
3, 1, 1, 		10, 		0.1242,		1.381,		1-1
8, 3, 1, 		10, 		0.3530,		14.09,		1-2
9, 6, 1, 		10, 		0.2344,		2.682,		1-1
3, 2, 1, 		10, 		0.1346,		5.636,		1-1
1, 2, 1, 		10, 		0.1049,		2.079,		1-1
9, 4, 1, 		10, 		0.1478,		2.795,		1-1
2, 1, 1, 		10, 		0.1041,		4.927,		1-1
2, 3, 1, 		10, 		0.1221,		4.016,		1-1
1, 1, 1, 		10, 		0.1087,		6.086,		1-1
10, 4, 1, 		10, 		0.1143,		1.001,		1-1
2, 2, 1, 		10, 		0.1092,		0.5981,		1-1
9, 3, 1, 		10, 		0.1674,		2.839,		1-1
8, 1, 1, 		10, 		0.2813,		6.660,		1-2
2, 6, 1, 		10, 		0.3525,		1.091,		1-1
1, 5, 1, 		10, 		0.1470,		1.510,		1-1
10, 3, 1, 		10, 		0.1175,		1.757,		1-1
10, 2, 1, 		10, 		0.1325,		0.4120,		1-1
9, 2, 1, 		10, 		0.2185,		5.848,		1-2
10, 6, 1, 		10, 		0.1368,		0.3710,		1-1
9, 1, 1, 		10, 		0.1789,		1.035,		1-2
10, 1, 1, 		10, 		0.1139,		4.430,		1-1
8, 4, 1, 		10, 		0.1952,		4.972,		1-1
8, 2, 1, 		10, 		0.3242,		5.269,		1-2
1, 4, 1, 		10, 		0.1233,		1.026,		1-1
7, 2, 1, 		10, 		0.5164,		7.386,		1-2
1, 6, 1, 		10, 		0.3380,		0.6232,		1-1
3, 9, 1, 		10, 		0.1535,		0.7795,		2-2
10, 5, 1, 		10, 		0.5485,		1.993,		1-2
3, 10, 1, 		10, 		0.1626,		1.093,		2-2
3, 7, 1, 		10, 		0.1437,		1.730,		2-2
4, 9, 1, 		10, 		0.1630,		1.057,		2-2
4, 10, 1, 		10, 		0.1558,		1.071,		2-2
6, 4, 1, 		10, 		0.1758,		1.438,		2-2
7, 1, 1, 		10, 		0.4530,		6.180,		1-2
7, 4, 1, 		10, 		0.1600,		4.116,		2-2
7, 3, 1, 		10, 		0.5711,		8.702,		1-2
1, 10, 1, 		20, 		0.3493,		1.455,		2-2
2, 10, 1, 		20, 		0.3604,		0.6706,		2-2
1, 9, 1, 		10, 		0.1426,		0.8796,		2-2
3, 8, 1, 		10, 		0.1505,		1.469,		2-2
4, 5, 1, 		20, 		0.3477,		1.786,		2-2
6, 3, 1, 		10, 		0.1325,		3.243,		2-2
5, 9, 1, 		10, 		0.4768,		5.626,		2-3
4, 4, 1, 		20, 		0.3066,		1.425,		2-2
4, 2, 1, 		20, 		0.3121,		2.623,		2-2
4, 7, 1, 		10, 		0.1940,		1.992,		2-2
3, 5, 1, 		20, 		0.3076,		1.315,		2-2
2, 7, 1, 		10, 		0.1353,		0.8763,		2-2
2, 5, 1, 		20, 		0.3060,		1.850,		2-2
3, 4, 1, 		20, 		0.2898,		1.175,		2-2
1, 8, 1, 		20, 		0.3414,		0.9363,		2-2
3, 6, 1, 		10, 		0.1405,		3.256,		2-2
1, 7, 1, 		10, 		0.1460,		0.8319,		2-2
4, 8, 1, 		10, 		0.1761,		0.9153,		2-2
6, 1, 1, 		30, 		0.3626,		4.110,		2-2
3, 3, 1, 		20, 		0.2897,		2.235,		2-2
2, 4, 1, 		20, 		0.3082,		2.787,		2-2
5, 1, 1, 		20, 		0.3013,		1.239,		2-2
6, 2, 1, 		30, 		0.3500,		1.876,		2-2
2, 9, 1, 		20, 		0.3548,		0.5650,		2-2
7, 6, 1, 		20, 		0.3575,		2.570,		2-2
4, 6, 1, 		20, 		0.3675,		1.825,		2-2
9, 10, 1, 		30, 		0.2366,		0.8835,		2-2
5, 3, 1, 		30, 		0.3906,		1.040,		2-2
2, 8, 1, 		20, 		0.3395,		0.6362,		2-2
5, 5, 1, 		50, 		0.3727,		1.313,		3-3
4, 1, 1, 		20, 		0.3218,		4.467,		2-2
5, 2, 1, 		30, 		0.3741,		1.373,		2-2
5, 8, 1, 		50, 		0.2921,		1.091,		3-3
10, 10, 1, 		30, 		0.2566,		0.6867,		2-2
7, 7, 1, 		30, 		0.4232,		3.636,		2-2
5, 7, 1, 		40, 		0.3272,		0.9845,		3-3
5, 10, 1, 		30, 		0.2760,		0.8287,		2-2
10, 7, 1, 		30, 		0.1995,		0.9979,		2-2
5, 6, 1, 		40, 		0.3361,		1.532,		3-3
4, 3, 1, 		20, 		0.3030,		1.085,		2-2
9, 5, 1, 		40, 		0.1608,		1.236,		2-2
5, 4, 1, 		30, 		0.4202,		0.9396,		2-2
6, 7, 1, 		40, 		0.3080,		2.091,		3-3
8, 5, 1, 		40, 		0.1903,		0.6459,		2-2
7, 5, 1, 		50, 		0.2791,		2.955,		3-3
6, 5, 1, 		50, 		0.3536,		2.281,		3-3
9, 9, 1, 		30, 		0.2392,		1.185,		2-2
6, 6, 1, 		40, 		0.3180,		1.597,		3-3
6, 9, 1, 		40, 		0.2891,		1.672,		2-2
7, 10, 1, 		40, 		0.2471,		0.7177,		2-2
6, 8, 1, 		30, 		0.3149,		2.563,		2-2
10, 9, 1, 		40, 		0.2773,		0.3124,		2-2
8, 9, 1, 		40, 		0.2631,		0.9685,		2-2
8, 6, 1, 		40, 		0.1854,		2.094,		2-2
9, 7, 1, 		40, 		0.2390,		0.8468,		2-2
8, 7, 1, 		40, 		0.2607,		2.119,		2-2
7, 9, 1, 		40, 		0.2592,		0.9069,		2-2
8, 10, 1, 		40, 		0.2556,		0.8258,		2-2
6, 10, 1, 		40, 		0.2506,		0.4253,		2-2
10, 8, 1, 		40, 		0.2583,		0.5160,		2-2
9, 8, 1, 		40, 		0.2586,		0.3628,		2-2
7, 8, 1, 		40, 		0.2904,		1.138,		2-2
8, 8, 1, 		40, 		0.2664,		0.7038,		2-2
2, 1, 1, 		10, 		0.1038,		4.415,		1-1
1, 2, 1, 		10, 		0.1040,		2.228,		1-1
1, 1, 1, 		10, 		0.1078,		6.297,		1-1
1, 3, 1, 		10, 		0.1081,		1.075,		1-1
2, 2, 1, 		10, 		0.1083,		0.3078,		1-1
2, 3, 1, 		10, 		0.1212,		3.754,		1-1
10, 1, 1, 		10, 		0.1129,		4.413,		1-1
10, 2, 1, 		10, 		0.1316,		0.5063,		1-1
3, 1, 1, 		10, 		0.1202,		0.4135,		1-1
10, 4, 1, 		10, 		0.1133,		0.5392,		1-1
10, 6, 1, 		10, 		0.1362,		0.4100,		1-1
10, 3, 1, 		10, 		0.1165,		1.393,		1-1
8, 1, 1, 		10, 		0.2802,		6.354,		1-2
8, 4, 1, 		10, 		0.1942,		4.989,		1-1
9, 1, 1, 		10, 		0.1778,		0.8936,		1-2
9, 6, 1, 		10, 		0.2242,		0.6606,		1-1
1, 6, 1, 		10, 		0.3365,		0.5371,		1-1
8, 3, 1, 		10, 		0.3481,		14.16,		1-2
1, 5, 1, 		10, 		0.1432,		2.694,		1-1
3, 2, 1, 		10, 		0.1342,		6.007,		1-1
9, 2, 1, 		10, 		0.2173,		6.168,		1-2
2, 6, 1, 		10, 		0.3522,		0.9184,		1-1
9, 3, 1, 		10, 		0.1663,		3.277,		1-1
1, 4, 1, 		10, 		0.1225,		0.9567,		1-1
7, 2, 1, 		10, 		0.5150,		7.138,		1-2
9, 4, 1, 		10, 		0.1309,		1.916,		1-1
7, 1, 1, 		10, 		0.4516,		6.358,		1-2
8, 2, 1, 		10, 		0.3230,		5.379,		1-2
7, 3, 1, 		10, 		0.5697,		8.523,		1-2
3, 8, 1, 		10, 		0.1476,		1.041,		2-2
5, 9, 1, 		10, 		0.3584,		1.947,		2-3
4, 10, 1, 		10, 		0.1552,		0.9188,		2-2
10, 5, 1, 		10, 		0.5392,		1.916,		1-2
3, 10, 1, 		10, 		0.1618,		1.084,		2-2
6, 3, 1, 		10, 		0.1310,		1.842,		2-2
3, 9, 1, 		10, 		0.1529,		0.9348,		2-2
4, 9, 1, 		10, 		0.1627,		1.052,		2-2
2, 5, 1, 		10, 		0.1330,		1.412,		2-2
4, 8, 1, 		10, 		0.1758,		1.110,		2-2
1, 9, 1, 		10, 		0.1419,		0.7995,		2-2
7, 4, 1, 		10, 		0.1591,		3.168,		2-2
6, 4, 1, 		10, 		0.1751,		1.478,		2-2
3, 7, 1, 		10, 		0.1436,		1.782,		2-2
2, 8, 1, 		10, 		0.1403,		0.5751,		2-2
2, 4, 1, 		20, 		0.3081,		2.658,		2-2
4, 7, 1, 		10, 		0.1936,		1.753,		2-2
2, 10, 1, 		10, 		0.1512,		0.9925,		2-2
1, 8, 1, 		10, 		0.1412,		0.6656,		2-2
3, 5, 1, 		10, 		0.1296,		0.5432,		2-2
4, 1, 1, 		10, 		0.1394,		4.103,		2-2
4, 6, 1, 		10, 		0.1797,		0.6794,		2-2
3, 6, 1, 		10, 		0.1404,		3.216,		2-2
1, 10, 1, 		10, 		0.1457,		1.008,		2-2
5, 3, 1, 		10, 		0.1352,		1.812,		2-2
5, 2, 1, 		10, 		0.1228,		1.765,		2-2
3, 3, 1, 		20, 		0.2894,		2.150,		2-2
4, 3, 1, 		10, 		0.1266,		0.8347,		2-2
2, 9, 1, 		10, 		0.1487,		0.7392,		2-2
5, 1, 1, 		10, 		0.1297,		0.7479,		2-2
4, 5, 1, 		10, 		0.1620,		1.295,		2-2
1, 7, 1, 		10, 		0.1450,		0.6442,		2-2
2, 7, 1, 		10, 		0.1350,		0.8020,		2-2
5, 4, 1, 		10, 		0.1610,		1.978,		2-2
4, 4, 1, 		10, 		0.1300,		1.005,		2-2
5, 10, 1, 		30, 		0.2760,		1.011,		2-2
3, 4, 1, 		20, 		0.2897,		1.044,		2-2
6, 1, 1, 		30, 		0.3615,		3.147,		2-2
6, 2, 1, 		30, 		0.3496,		1.239,		2-2
7, 9, 1, 		20, 		0.1697,		0.7846,		2-2
4, 2, 1, 		20, 		0.3117,		2.229,		2-2
6, 7, 1, 		10, 		0.4654,		5.001,		2-3
6, 6, 1, 		10, 		0.5068,		7.036,		2-3
10, 7, 1, 		30, 		0.1993,		1.010,		2-2
9, 10, 1, 		30, 		0.2365,		0.8157,		2-2
5, 6, 1, 		40, 		0.3355,		1.033,		3-3
10, 10, 1, 		30, 		0.2566,		0.6587,		2-2
6, 9, 1, 		40, 		0.2888,		1.577,		2-2
9, 9, 1, 		30, 		0.2391,		0.9517,		2-2
8, 9, 1, 		30, 		0.2286,		0.9144,		2-2
6, 8, 1, 		30, 		0.3149,		2.296,		2-2
5, 5, 1, 		10, 		0.4030,		2.293,		2-3
7, 10, 1, 		40, 		0.2469,		0.7524,		2-2
10, 9, 1, 		30, 		0.2415,		0.6065,		2-2
8, 8, 1, 		30, 		0.2317,		0.5328,		2-2
7, 5, 1, 		50, 		0.2789,		3.465,		3-3
6, 10, 1, 		40, 		0.2505,		0.3787,		2-2
5, 7, 1, 		40, 		0.3271,		0.8987,		3-3
10, 8, 1, 		40, 		0.2582,		0.5225,		2-2
8, 10, 1, 		40, 		0.2554,		0.8112,		2-2
9, 8, 1, 		40, 		0.2585,		0.6216,		2-2
9, 7, 1, 		40, 		0.2390,		0.8974,		2-2
7, 8, 1, 		40, 		0.2903,		1.018,		2-2
6, 5, 1, 		50, 		0.3533,		2.329,		3-3
8, 7, 1, 		40, 		0.2607,		2.179,		2-2
8, 5, 1, 		40, 		0.1902,		0.8139,		2-2
8, 6, 1, 		40, 		0.1852,		2.192,		2-2
5, 8, 1, 		50, 		0.2916,		1.059,		3-3
7, 7, 1, 		30, 		0.4230,		4.053,		2-2
9, 5, 1, 		40, 		0.1606,		1.328,		2-2
7, 6, 1, 		30, 		0.4331,		2.498,		2-2
2, 1, 1, 		10, 		0.09947,		3.571,		1-1
1, 1, 1, 		10, 		0.1132,		4.866,		1-1
10, 2, 1, 		10, 		0.1244,		0.1377,		1-1
3, 1, 1, 		10, 		0.1148,		0.2381,		1-1
1, 3, 1, 		10, 		0.1071,		1.260,		1-1
10, 1, 1, 		10, 		0.1026,		3.247,		1-1
10, 3, 1, 		10, 		0.1051,		1.442,		1-1
9, 4, 1, 		10, 		0.1079,		0.8964,		1-1
2, 3, 1, 		10, 		0.1138,		2.447,		1-1
2, 2, 1, 		10, 		0.1028,		0.2355,		1-1
9, 1, 1, 		10, 		0.1710,		1.830,		1-2
1, 2, 1, 		10, 		0.1037,		1.246,		1-1
8, 3, 1, 		10, 		0.3708,		15.36,		1-2
2, 6, 1, 		10, 		0.3228,		0.9061,		1-1
9, 3, 1, 		10, 		0.1393,		2.238,		1-1
8, 1, 1, 		10, 		0.2689,		6.752,		1-2
1, 5, 1, 		10, 		0.1441,		1.937,		1-1
3, 2, 1, 		10, 		0.1309,		4.554,		1-1
10, 4, 1, 		10, 		0.1055,		0.3278,		1-1
10, 6, 1, 		20, 		0.1334,		0.5664,		1-1
1, 4, 1, 		10, 		0.1182,		0.8646,		1-1
7, 1, 1, 		10, 		0.4325,		6.707,		1-2
8, 4, 1, 		10, 		0.1254,		2.017,		1-1
9, 6, 1, 		20, 		0.1634,		1.180,		1-1
8, 2, 1, 		10, 		0.3192,		5.173,		1-2
7, 3, 1, 		10, 		0.5708,		8.425,		1-2
1, 6, 1, 		10, 		0.3269,		0.5583,		1-1
7, 2, 1, 		10, 		0.5205,		7.104,		1-2
10, 5, 1, 		10, 		0.5261,		1.408,		1-2
3, 7, 1, 		10, 		0.1396,		1.661,		2-2
3, 8, 1, 		10, 		0.1487,		1.343,		2-2
9, 2, 1, 		10, 		0.2356,		7.425,		1-2
6, 4, 1, 		10, 		0.1529,		1.685,		2-2
7, 4, 1, 		10, 		0.1513,		4.011,		2-2
4, 10, 1, 		10, 		0.1560,		0.7926,		2-2
3, 9, 1, 		10, 		0.1567,		1.153,		2-2
6, 1, 1, 		10, 		0.1309,		4.189,		2-2
4, 9, 1, 		10, 		0.1615,		1.141,		2-2
3, 10, 1, 		10, 		0.1727,		1.182,		2-2
4, 8, 1, 		10, 		0.1697,		1.081,		2-2
2, 7, 1, 		10, 		0.1357,		0.7393,		2-2
6, 2, 1, 		10, 		0.1194,		2.486,		2-2
1, 9, 1, 		10, 		0.1457,		0.9768,		2-2
6, 3, 1, 		10, 		0.1280,		1.474,		2-2
4, 7, 1, 		10, 		0.1796,		1.367,		2-2
3, 3, 1, 		10, 		0.1222,		1.540,		2-2
3, 6, 1, 		10, 		0.1347,		2.659,		2-2
2, 8, 1, 		10, 		0.1433,		0.8467,		2-2
1, 7, 1, 		10, 		0.1533,		0.7160,		2-2
5, 2, 1, 		10, 		0.1146,		1.043,		2-2
4, 6, 1, 		10, 		0.1518,		0.5216,		2-2
5, 9, 1, 		10, 		0.5685,		7.500,		2-3
2, 4, 1, 		20, 		0.3202,		2.377,		2-2
2, 10, 1, 		10, 		0.1570,		0.9661,		2-2
1, 10, 1, 		10, 		0.1507,		1.187,		2-2
3, 4, 1, 		20, 		0.2812,		0.9215,		2-2
1, 8, 1, 		10, 		0.1463,		0.8363,		2-2
2, 9, 1, 		10, 		0.1558,		0.6854,		2-2
4, 5, 1, 		10, 		0.1440,		1.326,		2-2
4, 4, 1, 		10, 		0.1230,		0.9871,		2-2
5, 4, 1, 		10, 		0.1391,		1.523,		2-2
4, 3, 1, 		20, 		0.3000,		0.7528,		2-2
10, 9, 1, 		20, 		0.1870,		0.6091,		2-2
4, 2, 1, 		20, 		0.3126,		1.360,		2-2
5, 1, 1, 		20, 		0.2909,		0.9987,		2-2
3, 5, 1, 		20, 		0.2978,		0.8134,		2-2
9, 7, 1, 		20, 		0.1631,		0.7994,		2-2
6, 6, 1, 		10, 		0.5207,		8.988,		2-3
6, 7, 1, 		10, 		0.5646,		5.992,		2-3
6, 5, 1, 		40, 		0.3468,		2.986,		3-3
10, 8, 1, 		30, 		0.2329,		0.6357,		2-2
8, 10, 1, 		30, 		0.2247,		0.8914,		2-2
7, 10, 1, 		40, 		0.2483,		0.9510,		2-2
9, 8, 1, 		30, 		0.2296,		0.8751,		2-2
4, 1, 1, 		20, 		0.3238,		3.375,		2-2
10, 7, 1, 		30, 		0.2030,		1.266,		2-2
5, 3, 1, 		30, 		0.3855,		1.007,		2-2
6, 10, 1, 		40, 		0.2394,		0.3241,		2-2
8, 9, 1, 		30, 		0.2343,		1.247,		2-2
5, 10, 1, 		40, 		0.2634,		1.521,		2-2
2, 5, 1, 		20, 		0.3071,		1.829,		2-2
9, 10, 1, 		30, 		0.2410,		0.9663,		2-2
5, 7, 1, 		40, 		0.3470,		1.149,		3-3
8, 7, 1, 		30, 		0.2140,		2.154,		2-2
9, 9, 1, 		30, 		0.2499,		1.201,		2-2
7, 8, 1, 		40, 		0.2650,		0.9861,		2-2
8, 8, 1, 		30, 		0.2341,		0.6962,		2-2
8, 6, 1, 		40, 		0.1536,		1.538,		2-2
5, 6, 1, 		40, 		0.3449,		0.9960,		3-3
6, 8, 1, 		40, 		0.2763,		2.421,		2-2
6, 9, 1, 		40, 		0.2534,		1.524,		2-2
5, 8, 1, 		40, 		0.2702,		1.545,		3-3
7, 9, 1, 		40, 		0.2534,		1.078,		2-2
7, 5, 1, 		50, 		0.2957,		4.737,		3-3
10, 10, 1, 		30, 		0.2688,		0.7975,		2-2
5, 5, 1, 		50, 		0.3869,		1.296,		3-3
8, 5, 1, 		40, 		0.1571,		1.082,		2-2
9, 5, 1, 		40, 		0.1618,		1.727,		2-2
7, 7, 1, 		30, 		0.4779,		3.882,		2-2
7, 6, 1, 		40, 		0.4308,		2.521,		2-2
