1, 1, 1, 		10, 		0.6485,		3.980,		2-1
1, 2, 1, 		10, 		0.6121,		3.542,		1-1
9, 4, 1, 		10, 		0.5421,		2.836,		1-1
1, 8, 1, 		10, 		0.5266,		4.210,		2-2
10, 4, 1, 		10, 		0.7256,		6.287,		1-1
9, 3, 1, 		10, 		0.4935,		1.561,		1-1
8, 3, 1, 		10, 		0.7720,		6.740,		1-2
3, 2, 1, 		10, 		0.7692,		4.476,		1-1
9, 2, 1, 		10, 		0.8512,		2.963,		1-2
9, 1, 1, 		10, 		0.5998,		2.646,		1-2
1, 1, 1, 		10, 		0.6485,		3.980,		2-1
4, 4, 1, 		10, 		0.4293,		2.253,		2-2
2, 1, 1, 		10, 		0.7881,		1.101,		1-1
10, 1, 1, 		10, 		0.6758,		4.505,		1-1
8, 1, 1, 		10, 		0.6989,		5.913,		1-2
8, 4, 1, 		10, 		0.8344,		2.511,		1-1
10, 6, 1, 		10, 		0.6462,		4.892,		1-1
5, 2, 1, 		10, 		0.6148,		14.26,		2-2
2, 2, 1, 		10, 		0.5241,		5.952,		1-1
10, 2, 1, 		10, 		0.6706,		1.524,		1-1
10, 3, 1, 		10, 		0.6844,		1.982,		1-1
9, 6, 1, 		10, 		0.6016,		0.5905,		1-1
3, 1, 1, 		10, 		0.7851,		2.830,		1-1
1, 5, 1, 		10, 		0.5949,		2.466,		1-1
5, 1, 1, 		10, 		0.4280,		6.225,		2-2
1, 3, 1, 		10, 		0.5631,		1.873,		1-1
7, 2, 1, 		10, 		0.9028,		8.522,		1-2
1, 4, 1, 		10, 		0.4971,		2.464,		1-1
3, 10, 1, 		10, 		0.5761,		4.548,		2-2
5, 4, 1, 		10, 		0.4928,		6.840,		2-2
8, 2, 1, 		10, 		0.8069,		4.519,		1-2
2, 3, 1, 		10, 		0.5488,		1.424,		1-1
2, 9, 1, 		10, 		0.4818,		1.188,		2-2
2, 10, 1, 		20, 		0.6745,		7.664,		2-2
2, 5, 1, 		20, 		0.7922,		5.269,		2-2
6, 3, 1, 		10, 		0.3025,		2.790,		2-2
4, 3, 1, 		10, 		0.4147,		3.958,		2-2
1, 7, 1, 		10, 		0.5510,		4.413,		2-2
7, 4, 1, 		10, 		0.4948,		5.515,		2-2
7, 1, 1, 		10, 		0.9467,		13.27,		1-2
4, 8, 1, 		10, 		0.5618,		5.060,		2-2
4, 10, 1, 		10, 		0.5671,		9.105,		2-2
9, 8, 1, 		20, 		0.3836,		2.329,		2-2
6, 1, 1, 		20, 		0.6912,		5.667,		2-2
10, 10, 1, 		20, 		0.9236,		4.624,		2-2
3, 7, 1, 		10, 		0.5246,		10.24,		2-2
1, 10, 1, 		10, 		0.6917,		7.998,		2-2
7, 3, 1, 		20, 		0.5951,		37.79,		2-2
4, 6, 1, 		10, 		0.4554,		5.948,		2-2
4, 7, 1, 		10, 		0.5048,		3.568,		2-2
4, 1, 1, 		20, 		0.7484,		9.277,		2-2
7, 6, 1, 		20, 		0.6567,		4.455,		2-2
1, 6, 1, 		20, 		0.7501,		7.667,		2-1
4, 2, 1, 		20, 		0.7205,		4.762,		2-2
4, 9, 1, 		10, 		0.4588,		1.987,		2-2
3, 8, 1, 		10, 		0.5657,		1.480,		2-2
2, 7, 1, 		10, 		0.5579,		4.045,		2-2
1, 9, 1, 		10, 		0.4161,		3.814,		2-2
3, 9, 1, 		10, 		0.5874,		4.453,		2-2
7, 7, 1, 		20, 		0.6018,		5.161,		2-2
3, 6, 1, 		20, 		0.7636,		4.954,		2-2
2, 8, 1, 		10, 		0.4370,		3.427,		2-2
6, 6, 1, 		20, 		0.9215,		8.419,		2-3
3, 5, 1, 		10, 		0.4054,		4.223,		2-2
6, 4, 1, 		10, 		0.4471,		3.732,		2-2
3, 3, 1, 		20, 		0.7720,		8.775,		2-2
2, 6, 1, 		20, 		0.8276,		3.734,		2-1
5, 6, 1, 		20, 		0.9244,		11.57,		2-3
10, 9, 1, 		20, 		0.5687,		2.521,		2-2
2, 4, 1, 		20, 		0.7765,		4.277,		2-2
6, 8, 1, 		20, 		0.5346,		1.165,		2-2
3, 4, 1, 		20, 		0.6667,		7.192,		2-2
6, 2, 1, 		20, 		0.8607,		6.160,		2-2
5, 3, 1, 		10, 		0.3812,		2.269,		2-2
6, 10, 1, 		30, 		0.6827,		31.16,		2-2
8, 10, 1, 		20, 		0.5989,		5.247,		2-2
5, 9, 1, 		20, 		0.9229,		5.288,		2-3
6, 7, 1, 		30, 		0.6372,		12.55,		3-3
10, 8, 1, 		20, 		0.5514,		2.799,		2-2
4, 5, 1, 		20, 		0.6820,		7.421,		2-2
9, 7, 1, 		30, 		0.7488,		4.577,		2-2
9, 10, 1, 		20, 		0.5276,		2.848,		2-2
5, 10, 1, 		20, 		0.7133,		3.808,		2-2
8, 5, 1, 		40, 		0.5698,		12.09,		2-2
6, 9, 1, 		20, 		0.6734,		3.587,		2-2
5, 5, 1, 		40, 		0.5565,		14.44,		3-3
10, 7, 1, 		30, 		0.5817,		7.343,		2-2
7, 5, 1, 		40, 		0.8915,		40.92,		3-3
6, 5, 1, 		40, 		0.5368,		12.52,		3-3
5, 7, 1, 		30, 		0.8475,		8.822,		3-3
10, 5, 1, 		40, 		0.6193,		8.125,		2-2
8, 9, 1, 		20, 		0.5554,		1.419,		2-2
9, 9, 1, 		20, 		0.4947,		4.476,		2-2
8, 7, 1, 		30, 		0.4607,		4.911,		2-2
9, 5, 1, 		40, 		0.6231,		6.788,		2-2
8, 6, 1, 		40, 		0.5400,		2.382,		2-2
8, 8, 1, 		30, 		0.5704,		1.836,		2-2
5, 8, 1, 		40, 		0.5354,		12.52,		3-3
7, 9, 1, 		30, 		0.5424,		9.748,		2-2
7, 10, 1, 		30, 		0.6100,		9.397,		2-2
7, 8, 1, 		30, 		0.5455,		7.576,		2-2
10, 4, 1, 		10, 		0.7256,		6.287,		1-1
10, 6, 1, 		10, 		0.6462,		4.892,		1-1
10, 1, 1, 		10, 		0.6758,		4.505,		1-1
10, 2, 1, 		10, 		0.6706,		1.524,		1-1
10, 3, 1, 		10, 		0.6844,		1.982,		1-1
9, 6, 1, 		10, 		0.6016,		0.5905,		1-1
10, 10, 1, 		20, 		0.9236,		4.624,		2-2
9, 8, 1, 		20, 		0.3836,		2.329,		2-2
9, 10, 1, 		20, 		0.5276,		2.848,		2-2
10, 9, 1, 		20, 		0.5687,		2.521,		2-2
9, 7, 1, 		30, 		0.7488,		4.577,		2-2
9, 5, 1, 		40, 		0.6231,		6.788,		2-2
10, 7, 1, 		30, 		0.5817,		7.343,		2-2
10, 5, 1, 		40, 		0.6193,		8.125,		2-2
9, 9, 1, 		20, 		0.4947,		4.476,		2-2
1, 2, 1, 		10, 		0.6121,		3.542,		1-1
1, 2, 1, 		10, 		0.6121,		3.542,		1-1
2, 1, 1, 		10, 		0.7881,		1.101,		1-1
1, 1, 1, 		10, 		0.6485,		3.980,		2-1
2, 2, 1, 		10, 		0.5241,		5.952,		1-1
1, 2, 1, 		10, 		0.6121,		3.542,		1-1
9, 4, 1, 		10, 		0.5421,		2.836,		1-1
10, 4, 1, 		10, 		0.7256,		6.287,		1-1
8, 3, 1, 		10, 		0.7720,		6.740,		1-2
1, 8, 1, 		10, 		0.5266,		4.210,		2-2
3, 2, 1, 		10, 		0.7692,		4.476,		1-1
9, 3, 1, 		10, 		0.4935,		1.561,		1-1
2, 1, 1, 		10, 		0.7881,		1.101,		1-1
9, 2, 1, 		10, 		0.8512,		2.963,		1-2
4, 4, 1, 		10, 		0.4293,		2.253,		2-2
9, 1, 1, 		10, 		0.5998,		2.646,		1-2
1, 1, 1, 		10, 		0.6485,		3.980,		2-1
10, 6, 1, 		10, 		0.6462,		4.892,		1-1
8, 4, 1, 		10, 		0.8344,		2.511,		1-1
8, 1, 1, 		10, 		0.6989,		5.913,		1-2
10, 1, 1, 		10, 		0.6758,		4.505,		1-1
5, 2, 1, 		10, 		0.6148,		14.26,		2-2
1, 4, 1, 		10, 		0.4971,		2.464,		1-1
1, 5, 1, 		10, 		0.5949,		2.466,		1-1
10, 2, 1, 		10, 		0.6706,		1.524,		1-1
3, 1, 1, 		10, 		0.7851,		2.830,		1-1
9, 6, 1, 		10, 		0.6016,		0.5905,		1-1
10, 3, 1, 		10, 		0.6844,		1.982,		1-1
5, 1, 1, 		10, 		0.4280,		6.225,		2-2
2, 3, 1, 		10, 		0.5488,		1.424,		1-1
2, 2, 1, 		10, 		0.5241,		5.952,		1-1
3, 10, 1, 		10, 		0.5761,		4.548,		2-2
7, 2, 1, 		10, 		0.9028,		8.522,		1-2
5, 4, 1, 		10, 		0.4928,		6.840,		2-2
8, 2, 1, 		10, 		0.8069,		4.519,		1-2
4, 3, 1, 		10, 		0.4147,		3.958,		2-2
2, 10, 1, 		20, 		0.6745,		7.664,		2-2
1, 3, 1, 		10, 		0.5631,		1.873,		1-1
7, 1, 1, 		10, 		0.9467,		13.27,		1-2
3, 7, 1, 		10, 		0.5246,		10.24,		2-2
1, 10, 1, 		10, 		0.6917,		7.998,		2-2
4, 1, 1, 		20, 		0.7484,		9.277,		2-2
6, 3, 1, 		10, 		0.3025,		2.790,		2-2
4, 7, 1, 		10, 		0.5048,		3.568,		2-2
1, 7, 1, 		10, 		0.5510,		4.413,		2-2
2, 9, 1, 		10, 		0.4818,		1.188,		2-2
4, 9, 1, 		10, 		0.4588,		1.987,		2-2
1, 6, 1, 		20, 		0.7501,		7.667,		2-1
4, 8, 1, 		10, 		0.5618,		5.060,		2-2
10, 10, 1, 		20, 		0.9236,		4.624,		2-2
3, 8, 1, 		10, 		0.5657,		1.480,		2-2
2, 5, 1, 		20, 		0.7922,		5.269,		2-2
7, 4, 1, 		10, 		0.4948,		5.515,		2-2
9, 8, 1, 		20, 		0.3836,		2.329,		2-2
7, 3, 1, 		20, 		0.5951,		37.79,		2-2
2, 8, 1, 		10, 		0.4370,		3.427,		2-2
4, 2, 1, 		20, 		0.7205,		4.762,		2-2
1, 9, 1, 		10, 		0.4161,		3.814,		2-2
7, 7, 1, 		20, 		0.6018,		5.161,		2-2
4, 6, 1, 		10, 		0.4554,		5.948,		2-2
6, 1, 1, 		20, 		0.6912,		5.667,		2-2
4, 10, 1, 		10, 		0.5671,		9.105,		2-2
6, 4, 1, 		10, 		0.4471,		3.732,		2-2
6, 8, 1, 		20, 		0.5346,		1.165,		2-2
10, 9, 1, 		20, 		0.5687,		2.521,		2-2
3, 6, 1, 		20, 		0.7636,		4.954,		2-2
7, 6, 1, 		20, 		0.6567,		4.455,		2-2
3, 4, 1, 		20, 		0.6667,		7.192,		2-2
3, 5, 1, 		10, 		0.4054,		4.223,		2-2
9, 10, 1, 		20, 		0.5276,		2.848,		2-2
3, 9, 1, 		10, 		0.5874,		4.453,		2-2
2, 6, 1, 		20, 		0.8276,		3.734,		2-1
6, 10, 1, 		30, 		0.6827,		31.16,		2-2
2, 7, 1, 		10, 		0.5579,		4.045,		2-2
3, 3, 1, 		20, 		0.7720,		8.775,		2-2
5, 6, 1, 		20, 		0.9244,		11.57,		2-3
6, 6, 1, 		20, 		0.9215,		8.419,		2-3
6, 2, 1, 		20, 		0.8607,		6.160,		2-2
5, 9, 1, 		20, 		0.9229,		5.288,		2-3
8, 10, 1, 		20, 		0.5989,		5.247,		2-2
2, 4, 1, 		20, 		0.7765,		4.277,		2-2
5, 3, 1, 		10, 		0.3812,		2.269,		2-2
6, 7, 1, 		30, 		0.6372,		12.55,		3-3
10, 8, 1, 		20, 		0.5514,		2.799,		2-2
4, 5, 1, 		20, 		0.6820,		7.421,		2-2
5, 10, 1, 		20, 		0.7133,		3.808,		2-2
5, 5, 1, 		40, 		0.5565,		14.44,		3-3
10, 7, 1, 		30, 		0.5817,		7.343,		2-2
6, 5, 1, 		40, 		0.5368,		12.52,		3-3
7, 5, 1, 		40, 		0.8915,		40.92,		3-3
6, 9, 1, 		20, 		0.6734,		3.587,		2-2
5, 7, 1, 		30, 		0.8475,		8.822,		3-3
8, 9, 1, 		20, 		0.5554,		1.419,		2-2
9, 5, 1, 		40, 		0.6231,		6.788,		2-2
9, 7, 1, 		30, 		0.7488,		4.577,		2-2
10, 5, 1, 		40, 		0.6193,		8.125,		2-2
9, 9, 1, 		20, 		0.4947,		4.476,		2-2
8, 5, 1, 		40, 		0.5698,		12.09,		2-2
8, 7, 1, 		30, 		0.4607,		4.911,		2-2
8, 6, 1, 		40, 		0.5400,		2.382,		2-2
8, 8, 1, 		30, 		0.5704,		1.836,		2-2
7, 9, 1, 		30, 		0.5424,		9.748,		2-2
5, 8, 1, 		40, 		0.5354,		12.52,		3-3
7, 10, 1, 		30, 		0.6100,		9.397,		2-2
7, 8, 1, 		30, 		0.5455,		7.576,		2-2
1, 2, 1, 		10, 		0.6121,		3.542,		1-1
9, 4, 1, 		10, 		0.5421,		1.458,		1-1
3, 2, 1, 		10, 		0.7692,		4.476,		1-1
10, 4, 1, 		10, 		0.7256,		5.198,		1-1
1, 8, 1, 		10, 		0.5266,		4.409,		2-2
8, 3, 1, 		10, 		0.7720,		6.161,		1-2
9, 3, 1, 		10, 		0.4935,		1.561,		1-1
9, 2, 1, 		10, 		0.8512,		2.963,		1-2
4, 4, 1, 		10, 		0.4293,		2.253,		2-2
9, 1, 1, 		10, 		0.5998,		2.562,		1-2
1, 1, 1, 		10, 		0.6485,		18.10,		2-1
2, 1, 1, 		10, 		0.7881,		1.000,		1-1
10, 6, 1, 		10, 		0.6462,		3.899,		1-1
10, 1, 1, 		10, 		0.6758,		2.782,		1-1
8, 1, 1, 		10, 		0.6989,		5.913,		1-2
8, 4, 1, 		10, 		0.8344,		5.669,		1-1
2, 2, 1, 		10, 		0.5241,		2.081,		1-1
10, 2, 1, 		10, 		0.6706,		0.9087,		1-1
5, 2, 1, 		10, 		0.6148,		14.26,		2-2
1, 4, 1, 		10, 		0.4971,		3.685,		1-1
7, 2, 1, 		10, 		0.9028,		8.029,		1-2
10, 3, 1, 		10, 		0.6844,		2.010,		1-1
1, 5, 1, 		10, 		0.5949,		2.495,		1-1
3, 1, 1, 		10, 		0.7851,		2.830,		1-1
3, 10, 1, 		10, 		0.5761,		4.548,		2-2
2, 3, 1, 		10, 		0.5488,		1.475,		1-1
9, 6, 1, 		10, 		0.6016,		0.5905,		1-1
5, 4, 1, 		10, 		0.4928,		6.840,		2-2
8, 2, 1, 		10, 		0.8069,		4.382,		1-2
5, 1, 1, 		10, 		0.4280,		5.703,		2-2
1, 3, 1, 		10, 		0.5631,		1.873,		1-1
2, 10, 1, 		20, 		0.6745,		7.456,		2-2
7, 1, 1, 		10, 		0.9467,		13.30,		1-2
10, 10, 1, 		20, 		0.9236,		4.624,		2-2
4, 1, 1, 		20, 		0.7484,		9.277,		2-2
4, 3, 1, 		10, 		0.4147,		3.958,		2-2
4, 10, 1, 		10, 		0.5671,		9.105,		2-2
1, 10, 1, 		10, 		0.6917,		7.998,		2-2
6, 1, 1, 		20, 		0.6912,		6.295,		2-2
1, 6, 1, 		20, 		0.7501,		4.107,		2-1
3, 7, 1, 		10, 		0.5246,		9.537,		2-2
4, 8, 1, 		10, 		0.5618,		4.873,		2-2
4, 7, 1, 		10, 		0.5048,		2.859,		2-2
6, 3, 1, 		10, 		0.3025,		2.353,		2-2
2, 9, 1, 		10, 		0.4818,		1.188,		2-2
2, 5, 1, 		20, 		0.7922,		5.269,		2-2
1, 7, 1, 		10, 		0.5510,		4.414,		2-2
4, 9, 1, 		10, 		0.4588,		1.789,		2-2
7, 3, 1, 		20, 		0.5951,		5.354,		2-2
3, 8, 1, 		10, 		0.5657,		2.153,		2-2
3, 9, 1, 		10, 		0.5874,		4.453,		2-2
2, 8, 1, 		10, 		0.4370,		3.548,		2-2
7, 6, 1, 		20, 		0.6567,		4.417,		2-2
7, 4, 1, 		10, 		0.4948,		5.515,		2-2
1, 9, 1, 		10, 		0.4161,		3.318,		2-2
4, 6, 1, 		10, 		0.4554,		6.469,		2-2
9, 8, 1, 		20, 		0.3836,		2.342,		2-2
7, 7, 1, 		20, 		0.6018,		5.273,		2-2
4, 2, 1, 		20, 		0.7205,		5.441,		2-2
6, 4, 1, 		10, 		0.4471,		3.732,		2-2
2, 7, 1, 		10, 		0.5579,		4.045,		2-2
3, 6, 1, 		20, 		0.7636,		4.675,		2-2
10, 9, 1, 		20, 		0.5687,		2.545,		2-2
2, 6, 1, 		20, 		0.8276,		3.406,		2-1
6, 8, 1, 		20, 		0.5346,		0.5056,		2-2
3, 5, 1, 		10, 		0.4054,		4.180,		2-2
6, 2, 1, 		20, 		0.8607,		8.312,		2-2
6, 6, 1, 		20, 		0.9215,		8.545,		2-3
3, 3, 1, 		20, 		0.7720,		8.769,		2-2
3, 4, 1, 		20, 		0.6667,		7.171,		2-2
8, 10, 1, 		20, 		0.5989,		5.247,		2-2
5, 6, 1, 		20, 		0.9244,		11.88,		2-3
9, 10, 1, 		20, 		0.5276,		3.201,		2-2
2, 4, 1, 		20, 		0.7765,		4.297,		2-2
6, 10, 1, 		30, 		0.6827,		7.577,		2-2
5, 9, 1, 		20, 		0.9229,		5.476,		2-3
5, 10, 1, 		20, 		0.7133,		3.885,		2-2
6, 7, 1, 		30, 		0.6372,		12.41,		3-3
10, 8, 1, 		20, 		0.5514,		2.799,		2-2
5, 3, 1, 		10, 		0.3812,		1.741,		2-2
4, 5, 1, 		20, 		0.6820,		7.031,		2-2
6, 9, 1, 		20, 		0.6734,		5.716,		2-2
5, 5, 1, 		40, 		0.5565,		14.25,		3-3
9, 7, 1, 		30, 		0.7488,		5.031,		2-2
6, 5, 1, 		40, 		0.5368,		11.96,		3-3
5, 7, 1, 		30, 		0.8475,		10.42,		3-3
7, 5, 1, 		40, 		0.8915,		40.96,		3-3
8, 9, 1, 		20, 		0.5554,		1.743,		2-2
10, 7, 1, 		30, 		0.5817,		7.381,		2-2
10, 5, 1, 		40, 		0.6193,		8.464,		2-2
9, 5, 1, 		40, 		0.6231,		7.295,		2-2
8, 5, 1, 		40, 		0.5698,		12.09,		2-2
9, 9, 1, 		20, 		0.4947,		4.354,		2-2
8, 7, 1, 		30, 		0.4607,		4.981,		2-2
8, 6, 1, 		40, 		0.5400,		2.206,		2-2
8, 8, 1, 		30, 		0.5704,		2.057,		2-2
5, 8, 1, 		40, 		0.5354,		12.48,		3-3
7, 9, 1, 		30, 		0.5424,		8.919,		2-2
7, 10, 1, 		30, 		0.6100,		8.260,		2-2
7, 8, 1, 		30, 		0.5455,		7.576,		2-2
1, 2, 1, 		10, 		0.6095,		3.764,		1-1
2, 1, 1, 		10, 		0.7869,		0.9060,		1-1
9, 4, 1, 		10, 		0.5421,		1.445,		1-1
1, 8, 1, 		10, 		0.5259,		4.208,		2-2
9, 1, 1, 		10, 		0.5987,		2.335,		1-2
3, 2, 1, 		10, 		0.7641,		3.793,		1-1
9, 2, 1, 		10, 		0.8502,		2.976,		1-2
8, 3, 1, 		10, 		0.7708,		6.089,		1-2
9, 3, 1, 		10, 		0.4924,		1.584,		1-1
10, 4, 1, 		10, 		0.7049,		2.717,		1-1
2, 2, 1, 		10, 		0.5232,		2.549,		1-1
8, 1, 1, 		10, 		0.6975,		6.410,		1-2
10, 3, 1, 		10, 		0.6833,		1.628,		1-1
10, 1, 1, 		10, 		0.6748,		2.411,		1-1
4, 4, 1, 		10, 		0.4291,		2.515,		2-2
1, 5, 1, 		10, 		0.5937,		2.074,		1-1
8, 4, 1, 		10, 		0.8330,		6.114,		1-1
8, 2, 1, 		10, 		0.8056,		4.331,		1-2
2, 3, 1, 		10, 		0.5477,		1.007,		1-1
1, 4, 1, 		10, 		0.4961,		3.267,		1-1
7, 2, 1, 		10, 		0.9014,		8.209,		1-2
10, 6, 1, 		10, 		0.6436,		4.052,		1-1
5, 2, 1, 		10, 		0.5956,		9.714,		2-2
3, 1, 1, 		10, 		0.7840,		2.393,		1-1
1, 1, 1, 		10, 		0.8771,		0.9734,		1-1
10, 2, 1, 		10, 		0.6693,		0.06213,		1-1
7, 1, 1, 		10, 		0.9451,		13.80,		1-2
4, 8, 1, 		10, 		0.5616,		5.124,		2-2
1, 10, 1, 		10, 		0.6911,		7.519,		2-2
3, 10, 1, 		10, 		0.5750,		5.433,		2-2
9, 6, 1, 		10, 		0.6008,		0.9630,		1-1
6, 10, 1, 		10, 		0.4740,		7.238,		2-2
1, 3, 1, 		10, 		0.5560,		2.288,		1-1
4, 10, 1, 		10, 		0.5669,		8.828,		2-2
4, 7, 1, 		10, 		0.5044,		2.590,		2-2
3, 3, 1, 		10, 		0.5617,		8.622,		2-2
3, 8, 1, 		10, 		0.5648,		2.319,		2-2
3, 7, 1, 		10, 		0.5246,		9.597,		2-2
4, 3, 1, 		10, 		0.4143,		3.769,		2-2
5, 4, 1, 		10, 		0.4924,		6.492,		2-2
6, 1, 1, 		20, 		0.6910,		6.173,		2-2
2, 9, 1, 		10, 		0.4815,		1.199,		2-2
2, 8, 1, 		10, 		0.4366,		3.694,		2-2
4, 9, 1, 		10, 		0.4586,		1.496,		2-2
2, 5, 1, 		10, 		0.5504,		4.700,		2-2
1, 6, 1, 		20, 		0.8293,		8.707,		2-1
1, 9, 1, 		10, 		0.4156,		3.069,		2-2
7, 4, 1, 		10, 		0.4931,		6.034,		2-2
6, 4, 1, 		10, 		0.4461,		3.302,		2-2
5, 3, 1, 		10, 		0.3810,		1.689,		2-2
2, 10, 1, 		10, 		0.4307,		6.926,		2-2
5, 1, 1, 		10, 		0.4272,		5.111,		2-2
3, 6, 1, 		10, 		0.4973,		4.772,		2-2
7, 9, 1, 		10, 		0.9273,		3.722,		1-2
2, 7, 1, 		10, 		0.5568,		4.955,		2-2
3, 9, 1, 		10, 		0.5871,		4.847,		2-2
1, 7, 1, 		10, 		0.5500,		3.622,		2-2
2, 6, 1, 		20, 		0.8269,		3.410,		2-1
3, 5, 1, 		10, 		0.4052,		3.930,		2-2
10, 9, 1, 		20, 		0.5686,		2.536,		2-2
4, 6, 1, 		10, 		0.4553,		6.376,		2-2
6, 2, 1, 		10, 		0.6391,		9.761,		2-2
6, 3, 1, 		10, 		0.3022,		2.448,		2-2
7, 3, 1, 		20, 		0.5945,		4.991,		2-2
2, 4, 1, 		10, 		0.5377,		4.683,		2-2
3, 4, 1, 		10, 		0.4360,		7.135,		2-2
4, 5, 1, 		10, 		0.4621,		6.811,		2-2
4, 2, 1, 		10, 		0.4987,		4.061,		2-2
10, 8, 1, 		20, 		0.5513,		2.735,		2-2
6, 6, 1, 		20, 		0.9211,		8.149,		2-3
7, 6, 1, 		10, 		0.4705,		4.867,		2-2
8, 9, 1, 		20, 		0.5553,		1.731,		2-2
5, 8, 1, 		10, 		0.8701,		9.008,		2-3
4, 1, 1, 		10, 		0.4801,		7.711,		2-2
7, 7, 1, 		10, 		0.3943,		6.294,		2-2
5, 6, 1, 		20, 		0.9241,		11.54,		2-3
10, 7, 1, 		30, 		0.5817,		7.379,		2-2
10, 10, 1, 		10, 		0.7268,		4.692,		2-2
6, 7, 1, 		30, 		0.6369,		12.24,		3-3
6, 5, 1, 		40, 		0.5367,		12.04,		3-3
5, 10, 1, 		20, 		0.7132,		3.708,		2-2
5, 7, 1, 		30, 		0.8463,		9.474,		3-3
7, 5, 1, 		40, 		0.8906,		41.71,		3-3
8, 7, 1, 		30, 		0.4607,		4.901,		2-2
5, 5, 1, 		40, 		0.5563,		13.99,		3-3
5, 9, 1, 		20, 		0.9228,		5.458,		2-3
9, 8, 1, 		30, 		0.4538,		2.282,		2-2
6, 8, 1, 		20, 		0.5342,		0.4531,		2-2
10, 5, 1, 		40, 		0.6192,		8.208,		2-2
9, 10, 1, 		30, 		0.6154,		2.819,		2-2
7, 10, 1, 		30, 		0.6097,		8.571,		2-2
9, 5, 1, 		40, 		0.6229,		7.019,		2-2
7, 8, 1, 		30, 		0.5455,		7.469,		2-2
8, 8, 1, 		30, 		0.5703,		2.019,		2-2
8, 10, 1, 		30, 		0.6880,		5.619,		2-2
9, 9, 1, 		30, 		0.5803,		4.240,		2-2
6, 9, 1, 		30, 		0.7557,		3.248,		2-2
9, 7, 1, 		30, 		0.7487,		4.931,		2-2
8, 5, 1, 		40, 		0.5687,		11.13,		2-2
8, 6, 1, 		40, 		0.5393,		2.479,		2-2
3, 8, 1, 		10, 		0.7946,		3.639,		2-2
2, 1, 1, 		10, 		0.9271,		0.3942,		1-1
1, 2, 1, 		10, 		0.7444,		3.036,		1-1
2, 6, 1, 		10, 		0.6489,		5.917,		2-1
10, 1, 1, 		10, 		0.7704,		1.869,		1-1
9, 4, 1, 		10, 		0.6223,		2.498,		1-1
8, 3, 1, 		10, 		0.9127,		5.131,		1-2
1, 1, 1, 		10, 		0.5669,		0.4393,		2-1
2, 9, 1, 		10, 		0.7181,		1.546,		2-2
1, 8, 1, 		10, 		0.7255,		5.609,		2-2
9, 3, 1, 		10, 		0.5472,		1.220,		1-1
10, 4, 1, 		10, 		0.8313,		2.715,		1-1
8, 1, 1, 		10, 		0.8267,		6.873,		1-2
10, 6, 1, 		10, 		0.7132,		4.436,		1-1
8, 4, 1, 		10, 		0.5853,		9.675,		2-1
9, 1, 1, 		10, 		0.6759,		3.357,		1-2
1, 3, 1, 		10, 		0.7267,		2.254,		1-1
10, 3, 1, 		10, 		0.8801,		1.009,		1-1
1, 4, 1, 		10, 		0.5639,		4.119,		1-1
2, 2, 1, 		10, 		0.5979,		2.476,		1-1
10, 2, 1, 		10, 		0.7829,		0.3502,		1-1
2, 3, 1, 		10, 		0.6185,		1.345,		1-1
4, 8, 1, 		10, 		0.7194,		6.025,		2-2
1, 5, 1, 		10, 		0.6317,		2.392,		1-1
7, 10, 1, 		10, 		0.5396,		11.89,		2-2
7, 2, 1, 		10, 		0.6208,		47.41,		2-2
9, 6, 1, 		10, 		0.6220,		0.9269,		1-1
7, 1, 1, 		10, 		0.7046,		36.48,		2-2
3, 2, 1, 		10, 		0.8914,		2.556,		1-1
4, 10, 1, 		10, 		0.6680,		10.21,		2-2
4, 7, 1, 		10, 		0.6470,		1.987,		2-2
8, 2, 1, 		20, 		0.7939,		29.55,		2-2
5, 4, 1, 		10, 		0.6837,		8.707,		2-2
3, 10, 1, 		10, 		0.7418,		7.295,		2-2
3, 3, 1, 		10, 		0.7162,		9.577,		2-2
1, 9, 1, 		10, 		0.5082,		4.463,		2-2
4, 3, 1, 		10, 		0.5634,		4.470,		2-2
9, 2, 1, 		20, 		0.8120,		20.15,		2-2
5, 2, 1, 		10, 		0.8174,		11.25,		2-2
4, 4, 1, 		10, 		0.6062,		5.183,		2-2
3, 1, 1, 		10, 		0.8620,		2.475,		1-1
6, 5, 1, 		10, 		0.8606,		11.70,		2-3
2, 10, 1, 		10, 		0.5466,		8.027,		2-2
2, 8, 1, 		10, 		0.6176,		4.577,		2-2
1, 7, 1, 		10, 		0.6664,		4.391,		2-2
3, 7, 1, 		10, 		0.6891,		12.44,		2-2
2, 5, 1, 		20, 		0.9313,		5.483,		2-2
5, 3, 1, 		10, 		0.5306,		2.520,		2-2
6, 1, 1, 		10, 		0.5992,		6.079,		2-2
5, 1, 1, 		10, 		0.5184,		5.769,		2-2
1, 10, 1, 		10, 		0.8129,		8.669,		2-2
4, 2, 1, 		10, 		0.6562,		4.312,		2-2
1, 6, 1, 		10, 		0.5585,		3.864,		2-1
6, 2, 1, 		10, 		0.8471,		14.45,		2-2
3, 9, 1, 		10, 		0.8326,		6.768,		2-2
4, 9, 1, 		10, 		0.5918,		1.812,		2-2
3, 6, 1, 		10, 		0.6597,		5.515,		2-2
6, 3, 1, 		10, 		0.4048,		3.266,		2-2
4, 6, 1, 		10, 		0.6104,		6.514,		2-2
2, 7, 1, 		10, 		0.7186,		9.315,		2-2
7, 4, 1, 		10, 		0.6345,		6.570,		2-2
6, 4, 1, 		10, 		0.6061,		4.013,		2-2
3, 5, 1, 		10, 		0.5754,		4.234,		2-2
3, 4, 1, 		10, 		0.6003,		9.368,		2-2
6, 6, 1, 		10, 		0.7408,		6.660,		2-3
10, 9, 1, 		20, 		0.7067,		2.895,		2-2
2, 4, 1, 		10, 		0.6616,		6.328,		2-2
8, 8, 1, 		10, 		0.5252,		2.491,		2-2
7, 3, 1, 		10, 		0.6004,		7.158,		2-2
4, 5, 1, 		10, 		0.6539,		10.84,		2-2
10, 8, 1, 		30, 		0.8107,		3.935,		2-2
6, 7, 1, 		10, 		0.5048,		11.49,		3-3
9, 9, 1, 		10, 		0.5215,		7.971,		2-2
7, 7, 1, 		10, 		0.5460,		7.829,		2-2
5, 8, 1, 		10, 		0.8734,		19.77,		2-3
4, 1, 1, 		10, 		0.5637,		12.12,		2-2
9, 8, 1, 		20, 		0.5041,		2.768,		2-2
10, 7, 1, 		30, 		0.6631,		8.545,		2-2
8, 9, 1, 		20, 		0.7939,		1.941,		2-2
6, 10, 1, 		30, 		0.8257,		32.78,		2-2
7, 6, 1, 		10, 		0.5890,		6.022,		2-2
8, 7, 1, 		20, 		0.4631,		6.624,		2-2
5, 5, 1, 		40, 		0.6275,		17.13,		3-3
7, 9, 1, 		30, 		0.6577,		12.64,		2-2
10, 10, 1, 		10, 		0.8427,		5.238,		2-2
5, 10, 1, 		20, 		0.7719,		4.441,		2-2
5, 6, 1, 		40, 		0.7117,		16.71,		3-3
8, 5, 1, 		30, 		0.6595,		12.20,		2-2
10, 5, 1, 		40, 		0.7181,		9.032,		2-2
9, 10, 1, 		30, 		0.7005,		3.628,		2-2
7, 5, 1, 		10, 		1.125,		11.74,		2-3
7, 8, 1, 		30, 		0.6819,		11.19,		2-2
6, 8, 1, 		30, 		0.6659,		2.775,		2-2
5, 7, 1, 		10, 		0.7448,		7.750,		3-3
9, 5, 1, 		40, 		0.7840,		7.531,		2-2
6, 9, 1, 		50, 		0.7692,		6.276,		3-2
8, 10, 1, 		40, 		0.9197,		7.816,		2-2
5, 9, 1, 		40, 		0.7530,		5.549,		3-3
9, 7, 1, 		40, 		0.6465,		18.54,		3-2
8, 6, 1, 		40, 		0.6636,		3.815,		2-2
