10, 4, 1, 		10, 		0.8445,		8.137,		1-1
1, 1, 1, 		10, 		0.5324,		8.281,		2-1
10, 4, 1, 		10, 		0.8445,		8.137,		1-1
2, 1, 1, 		10, 		0.8345,		2.511,		1-1
1, 2, 1, 		10, 		0.8046,		2.328,		1-1
3, 9, 1, 		10, 		0.6716,		4.079,		2-2
10, 3, 1, 		10, 		0.7078,		4.564,		1-1
3, 1, 1, 		10, 		0.5807,		4.049,		1-1
10, 1, 1, 		10, 		0.6303,		1.141,		1-1
1, 6, 1, 		10, 		0.5728,		4.723,		2-1
1, 1, 1, 		10, 		0.5324,		8.281,		2-1
9, 1, 1, 		10, 		0.9363,		2.869,		1-2
8, 4, 1, 		10, 		0.8003,		2.445,		1-1
2, 2, 1, 		10, 		0.8299,		1.821,		1-1
9, 6, 1, 		10, 		0.7782,		4.865,		1-1
5, 1, 1, 		10, 		0.7357,		7.719,		2-2
1, 9, 1, 		10, 		0.8394,		3.533,		2-2
2, 7, 1, 		10, 		0.8058,		6.492,		2-2
10, 6, 1, 		10, 		0.8864,		4.771,		1-1
2, 9, 1, 		10, 		0.8359,		6.982,		2-2
2, 8, 1, 		10, 		0.5939,		9.277,		2-2
2, 6, 1, 		10, 		0.7604,		2.808,		1-1
2, 10, 1, 		10, 		0.5737,		9.233,		2-2
10, 2, 1, 		10, 		0.7904,		6.584,		1-1
9, 3, 1, 		10, 		0.8192,		5.865,		1-1
3, 7, 1, 		10, 		0.7858,		2.571,		2-2
3, 2, 1, 		10, 		0.6359,		1.601,		1-1
4, 6, 1, 		10, 		0.7436,		5.090,		2-2
4, 10, 1, 		10, 		0.8799,		8.153,		2-2
6, 2, 1, 		10, 		0.8759,		8.204,		2-2
1, 7, 1, 		10, 		0.8442,		6.557,		2-2
2, 3, 1, 		10, 		0.6874,		4.410,		1-1
8, 1, 1, 		10, 		0.8462,		2.437,		1-2
9, 4, 1, 		10, 		0.6434,		7.889,		2-1
1, 8, 1, 		10, 		0.7635,		2.343,		2-2
3, 8, 1, 		10, 		0.7701,		5.816,		2-2
3, 3, 1, 		10, 		0.7290,		6.537,		2-2
4, 9, 1, 		10, 		0.8055,		5.909,		2-2
1, 10, 1, 		10, 		0.8292,		5.537,		2-2
3, 4, 1, 		20, 		0.6462,		5.188,		2-2
2, 4, 1, 		10, 		0.6198,		4.567,		2-2
5, 2, 1, 		10, 		0.6357,		8.557,		2-2
7, 1, 1, 		30, 		0.7660,		25.50,		2-2
8, 2, 1, 		10, 		0.6517,		22.40,		2-2
7, 4, 1, 		10, 		0.5868,		6.569,		2-2
6, 1, 1, 		10, 		0.6441,		20.30,		2-2
1, 3, 1, 		10, 		0.8091,		3.004,		1-1
7, 3, 1, 		20, 		0.7100,		10.74,		2-2
4, 8, 1, 		10, 		0.6816,		5.415,		2-2
4, 5, 1, 		10, 		0.7915,		4.016,		2-2
9, 2, 1, 		20, 		0.5674,		17.59,		2-2
4, 7, 1, 		10, 		0.7838,		6.877,		2-2
1, 5, 1, 		10, 		0.8237,		5.884,		1-1
8, 9, 1, 		20, 		0.8154,		11.35,		2-2
1, 4, 1, 		10, 		0.8032,		3.165,		1-1
4, 1, 1, 		20, 		0.7067,		4.942,		2-2
3, 6, 1, 		20, 		0.7617,		6.911,		2-2
9, 8, 1, 		20, 		0.6648,		3.450,		2-2
6, 8, 1, 		20, 		0.6608,		5.626,		2-2
5, 3, 1, 		20, 		0.7025,		2.439,		2-2
5, 7, 1, 		30, 		0.8549,		7.128,		3-3
5, 8, 1, 		20, 		0.8491,		22.00,		2-3
6, 5, 1, 		10, 		1.059,		8.604,		2-3
3, 10, 1, 		20, 		0.9229,		13.74,		2-2
8, 10, 1, 		20, 		0.8193,		10.70,		2-2
5, 10, 1, 		10, 		0.8995,		3.841,		1-2
4, 2, 1, 		20, 		0.6516,		5.762,		2-2
1, 6, 1, 		10, 		0.5728,		4.723,		2-1
2, 2, 1, 		10, 		0.8299,		1.821,		1-1
1, 2, 1, 		10, 		0.8046,		2.328,		1-1
5, 9, 1, 		40, 		0.6384,		11.13,		3-3
2, 9, 1, 		10, 		0.8359,		6.982,		2-2
7, 2, 1, 		40, 		0.6939,		11.82,		3-2
8, 5, 1, 		40, 		0.5578,		10.49,		2-2
2, 7, 1, 		10, 		0.8058,		6.492,		2-2
3, 9, 1, 		10, 		0.6716,		4.079,		2-2
8, 3, 1, 		40, 		0.6496,		10.09,		3-2
9, 10, 1, 		20, 		0.7628,		2.815,		2-2
7, 7, 1, 		20, 		0.9300,		7.571,		2-2
1, 9, 1, 		10, 		0.8394,		3.533,		2-2
5, 6, 1, 		40, 		0.8964,		10.46,		3-3
2, 8, 1, 		10, 		0.5939,		9.277,		2-2
4, 4, 1, 		40, 		0.7119,		16.40,		3-2
8, 8, 1, 		40, 		0.7328,		13.35,		3-2
1, 7, 1, 		10, 		0.8442,		6.557,		2-2
9, 5, 1, 		40, 		0.8154,		2.105,		2-2
6, 2, 1, 		10, 		0.8759,		8.204,		2-2
7, 6, 1, 		40, 		0.8408,		11.14,		3-2
2, 3, 1, 		10, 		0.6874,		4.410,		1-1
1, 8, 1, 		10, 		0.7635,		2.343,		2-2
8, 7, 1, 		40, 		0.8752,		4.089,		2-2
3, 8, 1, 		10, 		0.7701,		5.816,		2-2
3, 5, 1, 		40, 		0.8452,		4.997,		3-2
6, 1, 1, 		10, 		0.6441,		20.30,		2-2
3, 3, 1, 		10, 		0.7290,		6.537,		2-2
10, 7, 1, 		20, 		0.8814,		10.57,		2-2
8, 6, 1, 		40, 		0.8034,		11.23,		2-2
2, 4, 1, 		10, 		0.6198,		4.567,		2-2
4, 7, 1, 		10, 		0.7838,		6.877,		2-2
7, 8, 1, 		40, 		0.7229,		5.620,		2-2
4, 8, 1, 		10, 		0.6816,		5.415,		2-2
6, 6, 1, 		50, 		0.9182,		35.75,		3-3
6, 3, 1, 		50, 		0.8489,		14.08,		3-2
6, 9, 1, 		30, 		0.5925,		5.786,		2-2
4, 5, 1, 		10, 		0.7915,		4.016,		2-2
1, 5, 1, 		10, 		0.8237,		5.884,		1-1
7, 5, 1, 		40, 		0.9222,		14.75,		3-3
1, 3, 1, 		10, 		0.8091,		3.004,		1-1
4, 3, 1, 		40, 		0.8426,		6.481,		3-2
6, 4, 1, 		40, 		0.8125,		8.644,		3-2
5, 8, 1, 		20, 		0.8491,		22.00,		2-3
7, 9, 1, 		30, 		0.6814,		8.766,		2-2
6, 7, 1, 		10, 		1.539,		12.94,		2-3
9, 7, 1, 		20, 		0.6929,		5.489,		2-2
6, 10, 1, 		30, 		0.8741,		9.067,		2-2
9, 9, 1, 		20, 		0.8301,		13.19,		2-2
7, 10, 1, 		40, 		0.7917,		6.715,		2-2
10, 5, 1, 		40, 		0.9279,		43.54,		2-2
5, 6, 1, 		40, 		0.8964,		10.46,		3-3
6, 3, 1, 		50, 		0.8489,		14.08,		3-2
5, 5, 1, 		40, 		0.6925,		10.38,		3-3
2, 1, 1, 		10, 		0.8345,		2.511,		1-1
1, 1, 1, 		10, 		0.5324,		8.281,		2-1
1, 2, 1, 		10, 		0.8046,		2.328,		1-1
2, 2, 1, 		10, 		0.8299,		1.821,		1-1
1, 2, 1, 		10, 		0.8046,		2.328,		1-1
2, 1, 1, 		10, 		0.8345,		2.511,		1-1
1, 1, 1, 		10, 		0.5324,		8.281,		2-1
2, 2, 1, 		10, 		0.8299,		1.821,		1-1
10, 4, 1, 		10, 		0.8445,		8.137,		1-1
2, 1, 1, 		10, 		0.8345,		2.511,		1-1
1, 2, 1, 		10, 		0.8046,		2.328,		1-1
10, 1, 1, 		10, 		0.6303,		1.141,		1-1
1, 1, 1, 		10, 		0.5324,		8.281,		2-1
8, 4, 1, 		10, 		0.8003,		2.445,		1-1
1, 6, 1, 		10, 		0.5728,		4.723,		2-1
2, 2, 1, 		10, 		0.8299,		1.821,		1-1
3, 9, 1, 		10, 		0.6716,		4.079,		2-2
9, 1, 1, 		10, 		0.9363,		2.869,		1-2
10, 3, 1, 		10, 		0.7078,		4.564,		1-1
3, 1, 1, 		10, 		0.5807,		4.049,		1-1
2, 9, 1, 		10, 		0.8359,		6.982,		2-2
1, 9, 1, 		10, 		0.8394,		3.533,		2-2
9, 6, 1, 		10, 		0.7782,		4.865,		1-1
5, 1, 1, 		10, 		0.7357,		7.719,		2-2
2, 6, 1, 		10, 		0.7604,		2.808,		1-1
2, 7, 1, 		10, 		0.8058,		6.492,		2-2
2, 8, 1, 		10, 		0.5939,		9.277,		2-2
10, 6, 1, 		10, 		0.8864,		4.771,		1-1
4, 6, 1, 		10, 		0.7436,		5.090,		2-2
1, 7, 1, 		10, 		0.8442,		6.557,		2-2
10, 2, 1, 		10, 		0.7904,		6.584,		1-1
4, 10, 1, 		10, 		0.8799,		8.153,		2-2
2, 10, 1, 		10, 		0.5737,		9.233,		2-2
3, 7, 1, 		10, 		0.7858,		2.571,		2-2
9, 3, 1, 		10, 		0.8192,		5.865,		1-1
3, 2, 1, 		10, 		0.6359,		1.601,		1-1
8, 1, 1, 		10, 		0.8462,		2.437,		1-2
9, 4, 1, 		10, 		0.6434,		7.889,		2-1
2, 3, 1, 		10, 		0.6874,		4.410,		1-1
6, 2, 1, 		10, 		0.8759,		8.204,		2-2
1, 8, 1, 		10, 		0.7635,		2.343,		2-2
3, 8, 1, 		10, 		0.7701,		5.816,		2-2
6, 1, 1, 		10, 		0.6441,		20.30,		2-2
2, 4, 1, 		10, 		0.6198,		4.567,		2-2
1, 10, 1, 		10, 		0.8292,		5.537,		2-2
5, 2, 1, 		10, 		0.6357,		8.557,		2-2
1, 5, 1, 		10, 		0.8237,		5.884,		1-1
8, 2, 1, 		10, 		0.6517,		22.40,		2-2
3, 3, 1, 		10, 		0.7290,		6.537,		2-2
4, 8, 1, 		10, 		0.6816,		5.415,		2-2
3, 4, 1, 		20, 		0.6462,		5.188,		2-2
4, 9, 1, 		10, 		0.8055,		5.909,		2-2
4, 7, 1, 		10, 		0.7838,		6.877,		2-2
7, 1, 1, 		30, 		0.7660,		25.50,		2-2
1, 3, 1, 		10, 		0.8091,		3.004,		1-1
9, 2, 1, 		20, 		0.5674,		17.59,		2-2
7, 3, 1, 		20, 		0.7100,		10.74,		2-2
7, 4, 1, 		10, 		0.5868,		6.569,		2-2
8, 9, 1, 		20, 		0.8154,		11.35,		2-2
10, 10, 1, 		20, 		0.9408,		8.898,		2-2
4, 5, 1, 		10, 		0.7915,		4.016,		2-2
1, 4, 1, 		10, 		0.8032,		3.165,		1-1
9, 8, 1, 		20, 		0.6648,		3.450,		2-2
4, 1, 1, 		20, 		0.7067,		4.942,		2-2
6, 8, 1, 		20, 		0.6608,		5.626,		2-2
10, 9, 1, 		40, 		0.6616,		15.33,		3-2
5, 3, 1, 		20, 		0.7025,		2.439,		2-2
3, 6, 1, 		20, 		0.7617,		6.911,		2-2
10, 8, 1, 		20, 		0.7442,		9.720,		2-2
5, 10, 1, 		10, 		0.8995,		3.841,		1-2
8, 10, 1, 		20, 		0.8193,		10.70,		2-2
4, 2, 1, 		20, 		0.6516,		5.762,		2-2
3, 10, 1, 		20, 		0.9229,		13.74,		2-2
5, 8, 1, 		20, 		0.8491,		22.00,		2-3
6, 5, 1, 		10, 		1.059,		8.604,		2-3
8, 3, 1, 		40, 		0.6496,		10.09,		3-2
5, 7, 1, 		30, 		0.8549,		7.128,		3-3
9, 10, 1, 		20, 		0.7628,		2.815,		2-2
8, 5, 1, 		40, 		0.5578,		10.49,		2-2
7, 2, 1, 		40, 		0.6939,		11.82,		3-2
5, 9, 1, 		40, 		0.6384,		11.13,		3-3
8, 8, 1, 		40, 		0.7328,		13.35,		3-2
5, 6, 1, 		40, 		0.8964,		10.46,		3-3
7, 7, 1, 		20, 		0.9300,		7.571,		2-2
9, 5, 1, 		40, 		0.8154,		2.105,		2-2
4, 4, 1, 		40, 		0.7119,		16.40,		3-2
7, 6, 1, 		40, 		0.8408,		11.14,		3-2
6, 6, 1, 		50, 		0.9182,		35.75,		3-3
7, 8, 1, 		40, 		0.7229,		5.620,		2-2
6, 3, 1, 		50, 		0.8489,		14.08,		3-2
8, 7, 1, 		40, 		0.8752,		4.089,		2-2
4, 3, 1, 		40, 		0.8426,		6.481,		3-2
8, 6, 1, 		40, 		0.8034,		11.23,		2-2
10, 7, 1, 		20, 		0.8814,		10.57,		2-2
2, 5, 1, 		10, 		3.264,		2.334,		1-2
3, 5, 1, 		40, 		0.8452,		4.997,		3-2
6, 9, 1, 		30, 		0.5925,		5.786,		2-2
7, 5, 1, 		40, 		0.9222,		14.75,		3-3
5, 4, 1, 		40, 		0.7617,		10.17,		3-2
9, 9, 1, 		20, 		0.8301,		13.19,		2-2
5, 5, 1, 		40, 		0.6925,		10.38,		3-3
6, 7, 1, 		10, 		1.539,		12.94,		2-3
6, 10, 1, 		30, 		0.8741,		9.067,		2-2
7, 10, 1, 		40, 		0.7917,		6.715,		2-2
6, 4, 1, 		40, 		0.8125,		8.644,		3-2
9, 7, 1, 		20, 		0.6929,		5.489,		2-2
7, 9, 1, 		30, 		0.6814,		8.766,		2-2
10, 5, 1, 		40, 		0.9279,		43.54,		2-2
10, 4, 1, 		10, 		0.8445,		7.231,		1-1
1, 2, 1, 		10, 		0.8046,		2.328,		1-1
10, 1, 1, 		10, 		0.6303,		1.141,		1-1
2, 1, 1, 		10, 		0.8345,		2.511,		1-1
1, 6, 1, 		10, 		0.5728,		4.851,		2-1
1, 1, 1, 		10, 		0.5324,		8.281,		2-1
3, 1, 1, 		10, 		0.5807,		4.049,		1-1
8, 4, 1, 		10, 		0.8003,		2.445,		1-1
9, 1, 1, 		10, 		0.9363,		2.869,		1-2
3, 9, 1, 		10, 		0.6716,		3.035,		2-2
2, 7, 1, 		10, 		0.8058,		6.492,		2-2
2, 2, 1, 		10, 		0.8299,		1.821,		1-1
2, 9, 1, 		10, 		0.8359,		6.982,		2-2
10, 3, 1, 		10, 		0.7078,		4.564,		1-1
2, 6, 1, 		10, 		0.7604,		2.808,		1-1
1, 9, 1, 		10, 		0.8394,		3.533,		2-2
9, 6, 1, 		10, 		0.7782,		4.689,		1-1
5, 1, 1, 		10, 		0.7357,		7.719,		2-2
2, 8, 1, 		10, 		0.5939,		9.277,		2-2
10, 6, 1, 		10, 		0.8864,		4.771,		1-1
3, 7, 1, 		10, 		0.7858,		3.612,		2-2
10, 2, 1, 		10, 		0.7904,		3.555,		1-1
9, 4, 1, 		10, 		0.6434,		7.810,		2-1
2, 10, 1, 		10, 		0.5737,		8.678,		2-2
1, 7, 1, 		10, 		0.8442,		6.557,		2-2
4, 6, 1, 		10, 		0.7436,		5.090,		2-2
9, 3, 1, 		10, 		0.8192,		5.865,		1-1
2, 3, 1, 		10, 		0.6874,		7.022,		1-1
4, 10, 1, 		10, 		0.8799,		8.153,		2-2
8, 1, 1, 		10, 		0.8462,		2.437,		1-2
3, 2, 1, 		10, 		0.6359,		3.422,		1-1
6, 2, 1, 		10, 		0.8759,		7.554,		2-2
1, 8, 1, 		10, 		0.7635,		2.464,		2-2
3, 8, 1, 		10, 		0.7701,		6.426,		2-2
3, 3, 1, 		10, 		0.7290,		6.537,		2-2
5, 2, 1, 		10, 		0.6357,		8.559,		2-2
6, 1, 1, 		10, 		0.6441,		20.30,		2-2
4, 9, 1, 		10, 		0.8055,		5.898,		2-2
3, 4, 1, 		20, 		0.6462,		5.554,		2-2
2, 4, 1, 		10, 		0.6198,		4.495,		2-2
1, 10, 1, 		10, 		0.8292,		5.537,		2-2
1, 5, 1, 		10, 		0.8237,		5.884,		1-1
7, 1, 1, 		30, 		0.7660,		25.14,		2-2
4, 5, 1, 		10, 		0.7915,		3.018,		2-2
8, 2, 1, 		10, 		0.6517,		22.23,		2-2
1, 4, 1, 		10, 		0.8032,		0.5056,		1-1
4, 8, 1, 		10, 		0.6816,		4.852,		2-2
1, 3, 1, 		10, 		0.8091,		3.004,		1-1
4, 7, 1, 		10, 		0.7838,		12.98,		2-2
9, 2, 1, 		20, 		0.5674,		17.63,		2-2
8, 9, 1, 		20, 		0.8154,		10.89,		2-2
7, 4, 1, 		10, 		0.5868,		6.620,		2-2
4, 1, 1, 		20, 		0.7067,		5.042,		2-2
7, 3, 1, 		20, 		0.7100,		9.458,		2-2
10, 10, 1, 		20, 		0.9408,		8.898,		2-2
6, 8, 1, 		20, 		0.6608,		5.452,		2-2
9, 8, 1, 		20, 		0.6648,		3.491,		2-2
10, 9, 1, 		40, 		0.6616,		15.33,		3-2
3, 6, 1, 		20, 		0.7617,		6.960,		2-2
5, 3, 1, 		20, 		0.7025,		2.439,		2-2
6, 5, 1, 		10, 		1.059,		8.604,		2-3
10, 8, 1, 		20, 		0.7442,		9.720,		2-2
3, 10, 1, 		20, 		0.9229,		13.74,		2-2
5, 10, 1, 		10, 		0.8995,		3.841,		1-2
4, 2, 1, 		20, 		0.6516,		5.693,		2-2
5, 7, 1, 		30, 		0.8549,		6.863,		3-3
5, 8, 1, 		20, 		0.8491,		23.37,		2-3
8, 10, 1, 		20, 		0.8193,		10.21,		2-2
5, 9, 1, 		40, 		0.6384,		10.35,		3-3
9, 10, 1, 		20, 		0.7628,		2.953,		2-2
8, 5, 1, 		40, 		0.5578,		10.03,		2-2
7, 2, 1, 		40, 		0.6939,		11.82,		3-2
8, 3, 1, 		40, 		0.6496,		10.23,		3-2
5, 6, 1, 		40, 		0.8964,		11.00,		3-3
8, 8, 1, 		40, 		0.7328,		10.41,		3-2
4, 4, 1, 		40, 		0.7119,		16.13,		3-2
7, 7, 1, 		20, 		0.9300,		7.296,		2-2
9, 5, 1, 		40, 		0.8154,		2.105,		2-2
7, 6, 1, 		40, 		0.8408,		11.21,		3-2
8, 6, 1, 		40, 		0.8034,		11.28,		2-2
8, 7, 1, 		40, 		0.8752,		4.089,		2-2
6, 6, 1, 		50, 		0.9182,		39.01,		3-3
7, 8, 1, 		40, 		0.7229,		5.544,		2-2
4, 3, 1, 		40, 		0.8426,		13.99,		3-2
6, 3, 1, 		50, 		0.8489,		12.76,		3-2
3, 5, 1, 		40, 		0.8452,		9.782,		3-2
6, 9, 1, 		30, 		0.5925,		5.783,		2-2
7, 5, 1, 		40, 		0.9222,		15.06,		3-3
10, 7, 1, 		20, 		0.8814,		13.18,		2-2
5, 4, 1, 		40, 		0.7617,		9.936,		3-2
2, 5, 1, 		10, 		3.264,		2.334,		1-2
6, 10, 1, 		30, 		0.8741,		9.594,		2-2
5, 5, 1, 		40, 		0.6925,		10.38,		3-3
6, 4, 1, 		40, 		0.8125,		8.791,		3-2
9, 9, 1, 		20, 		0.8301,		13.19,		2-2
6, 7, 1, 		10, 		1.539,		12.94,		2-3
7, 10, 1, 		40, 		0.7917,		6.824,		2-2
9, 7, 1, 		20, 		0.6929,		5.489,		2-2
7, 9, 1, 		30, 		0.6814,		8.928,		2-2
10, 5, 1, 		40, 		0.9279,		40.28,		2-2
2, 1, 1, 		10, 		0.8335,		2.829,		1-1
1, 2, 1, 		10, 		0.8036,		2.405,		1-1
2, 6, 1, 		10, 		0.7590,		3.081,		1-1
1, 7, 1, 		10, 		0.8439,		6.376,		2-2
10, 3, 1, 		10, 		0.7068,		4.810,		1-1
8, 4, 1, 		10, 		0.7991,		2.692,		1-1
2, 7, 1, 		10, 		0.8049,		8.254,		2-2
9, 1, 1, 		10, 		0.9348,		1.529,		1-2
1, 1, 1, 		10, 		0.5264,		6.367,		2-1
10, 4, 1, 		10, 		0.8229,		4.327,		1-1
3, 1, 1, 		10, 		0.5797,		4.101,		1-1
9, 3, 1, 		10, 		0.8181,		5.327,		1-1
2, 9, 1, 		10, 		0.8355,		6.163,		2-2
10, 2, 1, 		10, 		0.7892,		3.501,		1-1
10, 1, 1, 		10, 		0.6138,		1.492,		1-1
3, 8, 1, 		10, 		0.7699,		6.344,		2-2
9, 4, 1, 		10, 		0.6434,		7.813,		2-1
8, 1, 1, 		10, 		0.8449,		2.292,		1-2
2, 10, 1, 		10, 		0.5736,		8.832,		2-2
3, 7, 1, 		10, 		0.7853,		3.044,		2-2
1, 5, 1, 		10, 		0.8228,		5.502,		1-1
9, 6, 1, 		10, 		0.7673,		1.959,		1-1
2, 8, 1, 		10, 		0.5922,		7.948,		2-2
4, 6, 1, 		10, 		0.7429,		5.460,		2-2
2, 3, 1, 		10, 		0.6862,		6.568,		1-1
10, 6, 1, 		10, 		0.8828,		4.058,		1-1
1, 3, 1, 		10, 		0.8081,		2.819,		1-1
1, 9, 1, 		10, 		0.8386,		3.737,		2-2
3, 2, 1, 		10, 		0.6349,		3.161,		1-1
1, 4, 1, 		10, 		0.8022,		0.8463,		1-1
3, 9, 1, 		10, 		0.6713,		3.462,		2-2
3, 3, 1, 		10, 		0.7285,		6.993,		2-2
4, 1, 1, 		10, 		0.5609,		5.474,		2-2
2, 4, 1, 		10, 		0.6197,		4.411,		2-2
4, 7, 1, 		10, 		0.7792,		8.650,		2-2
5, 10, 1, 		10, 		0.8985,		3.215,		1-2
5, 1, 1, 		10, 		0.7357,		7.720,		2-2
5, 2, 1, 		10, 		0.6349,		8.247,		2-2
4, 2, 1, 		10, 		0.4460,		5.201,		2-2
4, 9, 1, 		10, 		0.8048,		6.101,		2-2
7, 1, 1, 		30, 		0.7657,		24.82,		2-2
1, 8, 1, 		10, 		0.7631,		2.615,		2-2
4, 10, 1, 		10, 		0.8791,		7.534,		2-2
8, 2, 1, 		10, 		0.6466,		18.16,		2-2
5, 7, 1, 		30, 		0.8547,		7.124,		3-3
3, 4, 1, 		10, 		0.4931,		4.617,		2-2
9, 2, 1, 		20, 		0.5666,		17.33,		2-2
4, 8, 1, 		10, 		0.6814,		5.016,		2-2
4, 3, 1, 		10, 		0.7707,		4.623,		2-2
2, 2, 1, 		10, 		0.8288,		1.663,		1-1
6, 1, 1, 		10, 		0.6403,		17.50,		2-2
4, 5, 1, 		10, 		0.7883,		4.939,		2-2
3, 5, 1, 		10, 		0.7789,		6.218,		2-2
7, 4, 1, 		10, 		0.5832,		6.966,		2-2
6, 2, 1, 		10, 		0.8745,		8.183,		2-2
3, 6, 1, 		20, 		0.7617,		6.922,		2-2
1, 6, 1, 		10, 		0.5556,		6.422,		2-1
1, 10, 1, 		10, 		0.8295,		5.029,		2-2
6, 8, 1, 		20, 		0.6606,		5.579,		2-2
8, 9, 1, 		20, 		0.8152,		11.03,		2-2
3, 10, 1, 		10, 		0.7094,		15.04,		2-2
5, 4, 1, 		10, 		0.8122,		10.43,		2-2
7, 3, 1, 		20, 		0.7093,		8.746,		2-2
5, 3, 1, 		10, 		0.5042,		3.255,		2-2
9, 8, 1, 		20, 		0.6647,		3.483,		2-2
7, 7, 1, 		10, 		0.6744,		6.514,		2-2
8, 10, 1, 		20, 		0.8191,		9.850,		2-2
8, 8, 1, 		40, 		0.7325,		10.67,		3-2
7, 9, 1, 		10, 		0.4605,		6.624,		2-2
9, 10, 1, 		10, 		0.5644,		3.194,		2-2
10, 8, 1, 		10, 		0.6229,		8.772,		2-2
4, 4, 1, 		10, 		0.8799,		1.867,		2-2
5, 9, 1, 		40, 		0.6383,		10.36,		3-3
7, 2, 1, 		40, 		0.6937,		11.93,		3-2
10, 10, 1, 		20, 		0.9406,		8.763,		2-2
10, 5, 1, 		10, 		0.7009,		17.59,		2-2
8, 3, 1, 		40, 		0.6493,		10.21,		3-2
6, 5, 1, 		10, 		1.056,		9.693,		2-3
7, 5, 1, 		40, 		0.9219,		14.84,		3-3
10, 9, 1, 		40, 		0.6614,		15.31,		3-2
2, 5, 1, 		10, 		1.131,		4.307,		2-2
5, 8, 1, 		10, 		0.6472,		20.97,		2-3
8, 6, 1, 		40, 		0.8032,		10.77,		2-2
6, 3, 1, 		50, 		0.8485,		13.70,		3-2
10, 7, 1, 		20, 		0.8810,		12.91,		2-2
9, 9, 1, 		20, 		0.8296,		14.20,		2-2
6, 7, 1, 		10, 		1.536,		11.51,		2-3
9, 7, 1, 		20, 		0.6927,		5.186,		2-2
8, 5, 1, 		40, 		0.5578,		10.03,		2-2
5, 5, 1, 		40, 		0.6922,		10.18,		3-3
7, 10, 1, 		40, 		0.7916,		6.837,		2-2
7, 8, 1, 		40, 		0.7228,		5.523,		2-2
6, 4, 1, 		40, 		0.8117,		9.458,		3-2
5, 6, 1, 		40, 		0.8960,		10.64,		3-3
8, 7, 1, 		30, 		0.8440,		4.382,		2-2
7, 6, 1, 		40, 		0.8408,		11.20,		3-2
6, 10, 1, 		30, 		0.8742,		9.637,		2-2
6, 9, 1, 		30, 		0.5926,		5.969,		2-2
6, 6, 1, 		50, 		0.9177,		39.20,		3-3
9, 5, 1, 		40, 		0.8145,		2.199,		2-2
