1, 1, 1, 		10, 		0.2164,		4.266,		1-1
1, 2, 1, 		10, 		0.08103,		3.499,		2-1
1, 4, 1, 		10, 		0.2015,		0.9274,		1-1
3, 2, 1, 		10, 		0.1406,		5.010,		1-1
2, 3, 1, 		10, 		0.1679,		4.706,		1-1
2, 2, 1, 		10, 		0.1475,		0.9034,		1-1
3, 1, 1, 		10, 		0.1701,		0.5604,		1-1
1, 1, 1, 		10, 		0.2164,		4.266,		1-1
1, 3, 1, 		10, 		0.1607,		1.311,		1-1
2, 1, 1, 		10, 		0.1649,		4.443,		1-1
3, 9, 1, 		10, 		0.1500,		1.338,		2-2
1, 5, 1, 		10, 		0.2370,		2.102,		1-1
3, 8, 1, 		10, 		0.1596,		1.527,		2-2
2, 6, 1, 		10, 		0.4609,		1.469,		1-1
1, 6, 1, 		10, 		0.4329,		1.736,		1-1
4, 10, 1, 		10, 		0.1700,		3.639,		2-2
5, 4, 1, 		10, 		0.1926,		1.812,		2-2
1, 9, 1, 		10, 		0.1763,		2.186,		2-2
1, 10, 1, 		10, 		0.1837,		2.088,		2-2
4, 8, 1, 		10, 		0.1966,		1.723,		2-2
4, 6, 1, 		10, 		0.2118,		2.089,		2-2
2, 9, 1, 		20, 		0.3565,		0.7782,		2-2
1, 3, 1, 		10, 		0.1607,		1.311,		1-1
6, 4, 1, 		10, 		0.2180,		1.922,		2-2
1, 8, 1, 		20, 		0.3780,		1.913,		2-2
3, 10, 1, 		20, 		0.3645,		1.613,		2-2
5, 1, 1, 		10, 		0.1573,		2.290,		2-2
2, 8, 1, 		20, 		0.3583,		1.572,		2-2
4, 4, 1, 		20, 		0.3041,		1.482,		2-2
1, 7, 1, 		20, 		0.3836,		2.533,		2-2
8, 1, 1, 		10, 		0.3141,		7.002,		1-2
6, 2, 1, 		10, 		0.1444,		2.284,		2-2
4, 3, 1, 		20, 		0.3093,		1.494,		2-2
3, 5, 1, 		20, 		0.3188,		1.262,		2-2
6, 3, 1, 		10, 		0.1593,		2.557,		2-2
6, 1, 1, 		30, 		0.3780,		2.080,		2-2
2, 7, 1, 		20, 		0.3732,		2.611,		2-2
4, 7, 1, 		10, 		0.2346,		1.790,		2-2
3, 7, 1, 		10, 		0.1778,		2.600,		2-2
4, 5, 1, 		20, 		0.3744,		1.692,		2-2
2, 5, 1, 		20, 		0.3342,		2.067,		2-2
3, 6, 1, 		10, 		0.1508,		2.720,		2-2
3, 10, 1, 		20, 		0.3645,		1.613,		2-2
4, 1, 1, 		10, 		0.1845,		3.607,		2-2
5, 9, 1, 		10, 		0.3945,		7.211,		2-3
5, 6, 1, 		40, 		0.3429,		3.134,		3-3
5, 3, 1, 		30, 		0.3849,		1.039,		2-2
1, 7, 1, 		20, 		0.3836,		2.533,		2-2
6, 5, 1, 		40, 		0.3382,		1.133,		3-3
6, 6, 1, 		40, 		0.3219,		2.802,		3-3
2, 4, 1, 		20, 		0.3306,		1.876,		2-2
4, 2, 1, 		20, 		0.3368,		3.537,		2-2
5, 10, 1, 		30, 		0.3568,		2.206,		2-2
5, 2, 1, 		20, 		0.3024,		1.395,		2-2
3, 4, 1, 		20, 		0.3071,		1.086,		2-2
5, 5, 1, 		50, 		0.3729,		2.072,		3-3
1, 2, 1, 		10, 		0.08103,		3.499,		2-1
3, 3, 1, 		20, 		0.3263,		2.083,		2-2
2, 4, 1, 		20, 		0.3306,		1.876,		2-2
5, 7, 1, 		40, 		0.3823,		2.022,		3-3
6, 10, 1, 		30, 		0.2708,		3.019,		2-2
5, 8, 1, 		50, 		0.3372,		4.217,		3-3
1, 2, 1, 		10, 		0.08103,		3.499,		2-1
2, 2, 1, 		10, 		0.1475,		0.9034,		1-1
1, 1, 1, 		10, 		0.2164,		4.266,		1-1
2, 1, 1, 		10, 		0.1649,		4.443,		1-1
1, 2, 1, 		10, 		0.08103,		3.499,		2-1
1, 4, 1, 		10, 		0.2015,		0.9274,		1-1
3, 2, 1, 		10, 		0.1406,		5.010,		1-1
2, 3, 1, 		10, 		0.1679,		4.706,		1-1
2, 2, 1, 		10, 		0.1475,		0.9034,		1-1
1, 1, 1, 		10, 		0.2164,		4.266,		1-1
3, 1, 1, 		10, 		0.1701,		0.5604,		1-1
1, 3, 1, 		10, 		0.1607,		1.311,		1-1
10, 4, 1, 		10, 		0.1685,		0.8339,		1-1
9, 6, 1, 		10, 		0.3072,		3.224,		1-1
10, 1, 1, 		10, 		0.2140,		3.651,		1-1
2, 1, 1, 		10, 		0.1649,		4.443,		1-1
9, 4, 1, 		10, 		0.1978,		3.140,		1-1
10, 6, 1, 		10, 		0.2823,		3.266,		1-1
8, 3, 1, 		10, 		0.4366,		15.36,		1-2
9, 2, 1, 		10, 		0.2478,		6.347,		1-2
7, 1, 1, 		10, 		0.4002,		6.856,		1-2
8, 4, 1, 		10, 		0.2808,		5.640,		1-1
3, 9, 1, 		10, 		0.1500,		1.338,		2-2
10, 2, 1, 		10, 		0.1901,		0.3654,		1-1
10, 3, 1, 		10, 		0.1586,		0.7457,		1-1
1, 5, 1, 		10, 		0.2370,		2.102,		1-1
8, 1, 1, 		10, 		0.3141,		7.002,		1-2
9, 3, 1, 		10, 		0.2213,		4.323,		1-1
9, 1, 1, 		10, 		0.2511,		1.007,		1-2
2, 6, 1, 		10, 		0.4609,		1.469,		1-1
1, 6, 1, 		10, 		0.4329,		1.736,		1-1
4, 10, 1, 		10, 		0.1700,		3.639,		2-2
8, 2, 1, 		10, 		0.3655,		5.671,		1-2
7, 2, 1, 		10, 		0.5014,		7.544,		1-2
1, 9, 1, 		10, 		0.1763,		2.186,		2-2
3, 8, 1, 		10, 		0.1596,		1.527,		2-2
5, 4, 1, 		10, 		0.1926,		1.812,		2-2
4, 8, 1, 		10, 		0.1966,		1.723,		2-2
4, 6, 1, 		10, 		0.2118,		2.089,		2-2
10, 5, 1, 		10, 		0.5958,		9.585,		1-2
1, 10, 1, 		10, 		0.1837,		2.088,		2-2
2, 10, 1, 		10, 		0.1684,		1.825,		2-2
2, 9, 1, 		20, 		0.3565,		0.7782,		2-2
2, 7, 1, 		20, 		0.3732,		2.611,		2-2
2, 8, 1, 		20, 		0.3583,		1.572,		2-2
6, 4, 1, 		10, 		0.2180,		1.922,		2-2
1, 8, 1, 		20, 		0.3780,		1.913,		2-2
3, 10, 1, 		20, 		0.3645,		1.613,		2-2
4, 4, 1, 		20, 		0.3041,		1.482,		2-2
1, 7, 1, 		20, 		0.3836,		2.533,		2-2
6, 2, 1, 		10, 		0.1444,		2.284,		2-2
4, 3, 1, 		20, 		0.3093,		1.494,		2-2
6, 3, 1, 		10, 		0.1593,		2.557,		2-2
3, 5, 1, 		20, 		0.3188,		1.262,		2-2
4, 9, 1, 		10, 		0.1616,		1.339,		2-2
4, 5, 1, 		20, 		0.3744,		1.692,		2-2
3, 7, 1, 		10, 		0.1778,		2.600,		2-2
4, 7, 1, 		10, 		0.2346,		1.790,		2-2
2, 5, 1, 		20, 		0.3342,		2.067,		2-2
9, 9, 1, 		20, 		0.2125,		1.463,		2-2
3, 6, 1, 		10, 		0.1508,		2.720,		2-2
7, 3, 1, 		30, 		0.3747,		5.643,		2-2
5, 9, 1, 		10, 		0.3945,		7.211,		2-3
6, 1, 1, 		30, 		0.3780,		2.080,		2-2
6, 8, 1, 		30, 		0.3163,		1.952,		2-2
7, 6, 1, 		20, 		0.3670,		1.674,		2-2
5, 1, 1, 		10, 		0.1573,		2.290,		2-2
4, 1, 1, 		10, 		0.1845,		3.607,		2-2
5, 6, 1, 		40, 		0.3429,		3.134,		3-3
7, 4, 1, 		30, 		0.4282,		4.150,		2-2
7, 7, 1, 		20, 		0.3387,		2.149,		2-2
7, 10, 1, 		20, 		0.1938,		1.678,		2-2
5, 3, 1, 		30, 		0.3849,		1.039,		2-2
6, 9, 1, 		30, 		0.2858,		0.8090,		2-2
5, 10, 1, 		30, 		0.3568,		2.206,		2-2
6, 5, 1, 		40, 		0.3382,		1.133,		3-3
4, 2, 1, 		20, 		0.3368,		3.537,		2-2
6, 6, 1, 		40, 		0.3219,		2.802,		3-3
5, 2, 1, 		20, 		0.3024,		1.395,		2-2
2, 4, 1, 		20, 		0.3306,		1.876,		2-2
10, 7, 1, 		30, 		0.2554,		1.869,		2-2
6, 7, 1, 		40, 		0.3532,		2.557,		3-3
9, 10, 1, 		30, 		0.2986,		1.849,		2-2
6, 10, 1, 		30, 		0.2708,		3.019,		2-2
7, 5, 1, 		50, 		0.3011,		2.760,		3-3
7, 8, 1, 		30, 		0.2679,		2.599,		2-2
10, 10, 1, 		30, 		0.2879,		2.468,		2-2
8, 5, 1, 		40, 		0.2150,		2.080,		2-2
5, 5, 1, 		50, 		0.3729,		2.072,		3-3
3, 3, 1, 		20, 		0.3263,		2.083,		2-2
9, 5, 1, 		50, 		0.2235,		2.399,		2-2
8, 10, 1, 		30, 		0.2595,		1.352,		2-2
3, 4, 1, 		20, 		0.3071,		1.086,		2-2
9, 7, 1, 		40, 		0.3038,		0.6581,		2-2
10, 8, 1, 		30, 		0.2548,		1.971,		2-2
7, 9, 1, 		30, 		0.2521,		1.715,		2-2
10, 9, 1, 		30, 		0.2623,		2.240,		2-2
5, 7, 1, 		40, 		0.3823,		2.022,		3-3
5, 8, 1, 		50, 		0.3372,		4.217,		3-3
8, 7, 1, 		40, 		0.3209,		1.550,		2-2
8, 6, 1, 		40, 		0.2195,		3.557,		2-2
8, 9, 1, 		30, 		0.2619,		1.629,		2-2
9, 8, 1, 		30, 		0.2662,		0.7505,		2-2
8, 8, 1, 		40, 		0.3029,		1.339,		2-2
1, 2, 1, 		10, 		0.08103,		3.499,		2-1
1, 4, 1, 		10, 		0.2015,		0.9274,		1-1
3, 2, 1, 		10, 		0.1406,		5.010,		1-1
2, 2, 1, 		10, 		0.1475,		0.9034,		1-1
2, 3, 1, 		10, 		0.1679,		4.706,		1-1
1, 1, 1, 		10, 		0.2164,		4.266,		1-1
3, 1, 1, 		10, 		0.1701,		0.5604,		1-1
1, 3, 1, 		10, 		0.1607,		1.311,		1-1
10, 4, 1, 		10, 		0.1685,		0.8339,		1-1
9, 6, 1, 		10, 		0.3072,		1.532,		1-1
10, 1, 1, 		10, 		0.2140,		3.985,		1-1
2, 1, 1, 		10, 		0.1649,		4.443,		1-1
10, 6, 1, 		10, 		0.2823,		2.976,		1-1
9, 4, 1, 		10, 		0.1978,		4.316,		1-1
8, 4, 1, 		10, 		0.2808,		5.640,		1-1
8, 3, 1, 		10, 		0.4366,		15.36,		1-2
7, 1, 1, 		10, 		0.4002,		6.383,		1-2
10, 2, 1, 		10, 		0.1901,		0.3654,		1-1
10, 3, 1, 		10, 		0.1586,		0.6204,		1-1
1, 6, 1, 		10, 		0.4329,		1.736,		1-1
9, 2, 1, 		10, 		0.2478,		6.347,		1-2
3, 9, 1, 		10, 		0.1500,		1.307,		2-2
1, 5, 1, 		10, 		0.2370,		2.102,		1-1
8, 1, 1, 		10, 		0.3141,		7.002,		1-2
9, 3, 1, 		10, 		0.2213,		4.467,		1-1
9, 1, 1, 		10, 		0.2511,		1.436,		1-2
2, 6, 1, 		10, 		0.4609,		2.163,		1-1
5, 4, 1, 		10, 		0.1926,		1.812,		2-2
3, 8, 1, 		10, 		0.1596,		1.400,		2-2
8, 2, 1, 		10, 		0.3655,		5.643,		1-2
4, 10, 1, 		10, 		0.1700,		1.752,		2-2
1, 9, 1, 		10, 		0.1763,		2.186,		2-2
10, 5, 1, 		10, 		0.5958,		9.585,		1-2
7, 2, 1, 		10, 		0.5014,		6.470,		1-2
4, 8, 1, 		10, 		0.1966,		0.9868,		2-2
1, 10, 1, 		10, 		0.1837,		2.255,		2-2
4, 6, 1, 		10, 		0.2118,		1.666,		2-2
2, 9, 1, 		20, 		0.3565,		0.8961,		2-2
2, 10, 1, 		10, 		0.1684,		1.825,		2-2
2, 7, 1, 		20, 		0.3732,		2.581,		2-2
1, 8, 1, 		20, 		0.3780,		1.882,		2-2
5, 1, 1, 		10, 		0.1573,		2.573,		2-2
6, 4, 1, 		10, 		0.2180,		1.665,		2-2
2, 8, 1, 		20, 		0.3583,		1.615,		2-2
3, 10, 1, 		20, 		0.3645,		1.466,		2-2
4, 4, 1, 		20, 		0.3041,		1.482,		2-2
6, 2, 1, 		10, 		0.1444,		3.254,		2-2
6, 3, 1, 		10, 		0.1593,		2.557,		2-2
3, 5, 1, 		20, 		0.3188,		1.375,		2-2
1, 7, 1, 		20, 		0.3836,		2.546,		2-2
4, 9, 1, 		10, 		0.1616,		1.339,		2-2
4, 3, 1, 		20, 		0.3093,		1.494,		2-2
3, 7, 1, 		10, 		0.1778,		2.600,		2-2
4, 7, 1, 		10, 		0.2346,		1.790,		2-2
9, 9, 1, 		20, 		0.2125,		1.175,		2-2
6, 1, 1, 		30, 		0.3780,		2.080,		2-2
4, 5, 1, 		20, 		0.3744,		1.235,		2-2
2, 5, 1, 		20, 		0.3342,		1.935,		2-2
6, 8, 1, 		30, 		0.3163,		2.209,		2-2
3, 6, 1, 		10, 		0.1508,		2.812,		2-2
7, 3, 1, 		30, 		0.3747,		3.656,		2-2
5, 6, 1, 		40, 		0.3429,		3.157,		3-3
5, 9, 1, 		10, 		0.3945,		2.761,		2-3
7, 6, 1, 		20, 		0.3670,		1.674,		2-2
5, 3, 1, 		30, 		0.3849,		1.039,		2-2
4, 1, 1, 		10, 		0.1845,		3.819,		2-2
7, 4, 1, 		30, 		0.4282,		3.750,		2-2
7, 7, 1, 		20, 		0.3387,		2.087,		2-2
6, 9, 1, 		30, 		0.2858,		1.400,		2-2
7, 10, 1, 		20, 		0.1938,		1.824,		2-2
6, 5, 1, 		40, 		0.3382,		1.141,		3-3
2, 4, 1, 		20, 		0.3306,		1.614,		2-2
5, 10, 1, 		30, 		0.3568,		2.206,		2-2
10, 7, 1, 		30, 		0.2554,		2.008,		2-2
6, 6, 1, 		40, 		0.3219,		2.078,		3-3
4, 2, 1, 		20, 		0.3368,		3.354,		2-2
6, 7, 1, 		40, 		0.3532,		2.771,		3-3
5, 2, 1, 		20, 		0.3024,		1.461,		2-2
9, 10, 1, 		30, 		0.2986,		2.077,		2-2
7, 5, 1, 		50, 		0.3011,		3.532,		3-3
7, 8, 1, 		30, 		0.2679,		2.368,		2-2
6, 10, 1, 		30, 		0.2708,		2.548,		2-2
3, 4, 1, 		20, 		0.3071,		1.097,		2-2
10, 10, 1, 		30, 		0.2879,		2.425,		2-2
8, 5, 1, 		40, 		0.2150,		1.554,		2-2
5, 5, 1, 		50, 		0.3729,		2.165,		3-3
9, 5, 1, 		50, 		0.2235,		2.309,		2-2
8, 10, 1, 		30, 		0.2595,		1.851,		2-2
3, 3, 1, 		20, 		0.3263,		2.151,		2-2
10, 8, 1, 		30, 		0.2548,		2.171,		2-2
9, 7, 1, 		40, 		0.3038,		0.5747,		2-2
10, 9, 1, 		30, 		0.2623,		2.364,		2-2
5, 7, 1, 		40, 		0.3823,		1.932,		3-3
7, 9, 1, 		30, 		0.2521,		2.387,		2-2
8, 7, 1, 		40, 		0.3209,		1.550,		2-2
5, 8, 1, 		50, 		0.3372,		4.217,		3-3
9, 8, 1, 		30, 		0.2662,		0.9361,		2-2
8, 8, 1, 		40, 		0.3029,		1.459,		2-2
8, 6, 1, 		40, 		0.2195,		3.557,		2-2
8, 9, 1, 		30, 		0.2619,		1.640,		2-2
1, 2, 1, 		10, 		0.08005,		3.333,		2-1
2, 3, 1, 		10, 		0.1670,		4.419,		1-1
3, 2, 1, 		10, 		0.1405,		5.033,		1-1
1, 3, 1, 		10, 		0.1597,		1.649,		1-1
3, 1, 1, 		10, 		0.1692,		0.3382,		1-1
10, 1, 1, 		10, 		0.2130,		3.935,		1-1
2, 1, 1, 		10, 		0.1640,		4.284,		1-1
10, 4, 1, 		10, 		0.1676,		0.8063,		1-1
2, 2, 1, 		10, 		0.1465,		0.4985,		1-1
1, 4, 1, 		10, 		0.2014,		0.7371,		1-1
10, 3, 1, 		10, 		0.1576,		0.7301,		1-1
10, 2, 1, 		10, 		0.1890,		0.5863,		1-1
10, 6, 1, 		10, 		0.2816,		2.129,		1-1
9, 2, 1, 		10, 		0.2466,		6.663,		1-2
1, 6, 1, 		10, 		0.4314,		1.315,		1-1
1, 5, 1, 		10, 		0.2361,		1.539,		1-1
9, 1, 1, 		10, 		0.2500,		0.9201,		1-2
9, 6, 1, 		10, 		0.3064,		1.965,		1-1
8, 2, 1, 		10, 		0.3643,		5.469,		1-2
8, 1, 1, 		10, 		0.3129,		6.533,		1-2
2, 6, 1, 		10, 		0.4594,		1.864,		1-1
7, 1, 1, 		10, 		0.3989,		6.178,		1-2
9, 3, 1, 		10, 		0.2202,		4.629,		1-1
8, 3, 1, 		10, 		0.4314,		7.655,		1-2
8, 4, 1, 		10, 		0.2797,		5.737,		1-1
7, 2, 1, 		10, 		0.5001,		6.907,		1-2
9, 4, 1, 		10, 		0.1935,		3.458,		1-1
3, 8, 1, 		10, 		0.1583,		0.7955,		2-2
3, 9, 1, 		10, 		0.1495,		1.070,		2-2
10, 5, 1, 		10, 		0.5737,		3.137,		1-2
1, 9, 1, 		10, 		0.1763,		2.185,		2-2
4, 10, 1, 		10, 		0.1697,		2.727,		2-2
1, 10, 1, 		10, 		0.1829,		3.385,		2-2
2, 10, 1, 		10, 		0.1676,		2.268,		2-2
4, 6, 1, 		10, 		0.2117,		1.842,		2-2
4, 9, 1, 		10, 		0.1612,		1.143,		2-2
6, 3, 1, 		10, 		0.1586,		1.962,		2-2
6, 2, 1, 		10, 		0.1436,		2.277,		2-2
6, 4, 1, 		10, 		0.2171,		1.828,		2-2
5, 4, 1, 		10, 		0.1910,		1.280,		2-2
3, 7, 1, 		10, 		0.1770,		2.305,		2-2
5, 1, 1, 		10, 		0.1570,		2.357,		2-2
4, 7, 1, 		10, 		0.2337,		2.040,		2-2
4, 1, 1, 		10, 		0.1844,		3.820,		2-2
4, 8, 1, 		10, 		0.1958,		0.9090,		2-2
3, 3, 1, 		10, 		0.1453,		1.838,		2-2
5, 9, 1, 		10, 		0.3940,		2.417,		2-3
2, 8, 1, 		10, 		0.1552,		1.602,		2-2
1, 1, 1, 		10, 		0.1909,		6.295,		1-1
5, 3, 1, 		10, 		0.1357,		0.9774,		2-2
3, 6, 1, 		10, 		0.1498,		3.380,		2-2
2, 9, 1, 		10, 		0.1489,		1.436,		2-2
4, 3, 1, 		10, 		0.1317,		0.8841,		2-2
2, 7, 1, 		10, 		0.1642,		2.631,		2-2
7, 3, 1, 		30, 		0.3735,		3.048,		2-2
4, 4, 1, 		10, 		0.1331,		1.191,		2-2
9, 9, 1, 		20, 		0.2123,		1.226,		2-2
3, 10, 1, 		10, 		0.1611,		1.793,		2-2
1, 7, 1, 		10, 		0.1712,		2.576,		2-2
5, 2, 1, 		10, 		0.1327,		0.6405,		2-2
4, 2, 1, 		20, 		0.3366,		3.524,		2-2
1, 8, 1, 		10, 		0.1693,		2.096,		2-2
6, 1, 1, 		30, 		0.3779,		1.840,		2-2
2, 5, 1, 		20, 		0.3341,		1.956,		2-2
3, 5, 1, 		20, 		0.3183,		1.119,		2-2
7, 4, 1, 		30, 		0.4272,		2.653,		2-2
8, 10, 1, 		20, 		0.1981,		1.592,		2-2
7, 10, 1, 		20, 		0.1937,		1.621,		2-2
2, 4, 1, 		20, 		0.3303,		1.709,		2-2
6, 8, 1, 		30, 		0.3163,		2.292,		2-2
10, 8, 1, 		20, 		0.1953,		2.077,		2-2
6, 5, 1, 		40, 		0.3368,		1.718,		3-3
9, 10, 1, 		30, 		0.2985,		1.971,		2-2
10, 10, 1, 		30, 		0.2879,		2.460,		2-2
4, 5, 1, 		20, 		0.3743,		1.293,		2-2
3, 4, 1, 		20, 		0.3070,		0.9046,		2-2
7, 7, 1, 		20, 		0.3387,		2.087,		2-2
8, 9, 1, 		30, 		0.2618,		1.470,		2-2
6, 9, 1, 		30, 		0.2854,		0.9405,		2-2
5, 7, 1, 		40, 		0.3822,		2.041,		3-3
10, 9, 1, 		30, 		0.2620,		1.982,		2-2
7, 8, 1, 		30, 		0.2679,		2.182,		2-2
7, 5, 1, 		50, 		0.3006,		2.981,		3-3
9, 8, 1, 		30, 		0.2661,		0.6847,		2-2
6, 10, 1, 		40, 		0.3039,		2.626,		2-2
9, 7, 1, 		40, 		0.3038,		0.5998,		2-2
8, 7, 1, 		30, 		0.2840,		1.091,		2-2
7, 9, 1, 		30, 		0.2516,		2.199,		2-2
8, 8, 1, 		40, 		0.3027,		1.359,		2-2
8, 5, 1, 		40, 		0.2147,		2.034,		2-2
5, 6, 1, 		40, 		0.3428,		2.992,		3-3
5, 10, 1, 		30, 		0.3565,		1.960,		2-2
6, 7, 1, 		40, 		0.3531,		2.845,		3-3
9, 5, 1, 		50, 		0.2234,		2.318,		2-2
10, 7, 1, 		40, 		0.2873,		1.932,		2-2
8, 6, 1, 		40, 		0.2193,		3.504,		2-2
7, 6, 1, 		30, 		0.4403,		1.477,		2-2
5, 5, 1, 		50, 		0.3728,		2.144,		3-3
6, 6, 1, 		40, 		0.3216,		2.405,		3-3
5, 8, 1, 		50, 		0.3367,		3.394,		3-3
2, 2, 1, 		10, 		0.1527,		0.5287,		1-1
1, 4, 1, 		10, 		0.2065,		1.072,		1-1
1, 3, 1, 		10, 		0.1661,		1.911,		1-1
10, 1, 1, 		10, 		0.2254,		2.286,		1-1
3, 2, 1, 		10, 		0.1298,		3.189,		1-1
10, 4, 1, 		10, 		0.1703,		1.067,		1-1
2, 1, 1, 		10, 		0.1736,		3.226,		1-1
10, 3, 1, 		10, 		0.1486,		0.8241,		1-1
1, 2, 1, 		10, 		0.1770,		2.149,		1-1
9, 6, 1, 		10, 		0.1585,		2.032,		1-1
10, 2, 1, 		10, 		0.1939,		0.6204,		1-1
1, 1, 1, 		10, 		0.2133,		4.237,		1-1
8, 4, 1, 		10, 		0.2343,		2.624,		1-1
9, 1, 1, 		10, 		0.2684,		1.748,		1-2
10, 6, 1, 		10, 		0.2152,		1.992,		1-1
9, 2, 1, 		10, 		0.2554,		3.433,		1-2
3, 1, 1, 		10, 		0.1817,		0.4735,		1-1
9, 4, 1, 		10, 		0.1867,		2.499,		1-1
1, 5, 1, 		10, 		0.2386,		1.184,		1-1
2, 6, 1, 		10, 		0.4413,		1.721,		1-1
1, 6, 1, 		10, 		0.4309,		1.267,		1-1
7, 1, 1, 		10, 		0.3643,		6.364,		1-2
9, 3, 1, 		10, 		0.2094,		3.080,		1-1
8, 1, 1, 		10, 		0.3172,		7.007,		1-2
8, 2, 1, 		10, 		0.3855,		5.533,		1-2
2, 3, 1, 		10, 		0.1610,		3.552,		1-1
8, 3, 1, 		10, 		0.4880,		6.659,		1-2
7, 2, 1, 		10, 		0.4882,		6.891,		1-2
3, 9, 1, 		10, 		0.1567,		1.328,		2-2
4, 7, 1, 		10, 		0.2392,		3.140,		2-2
4, 6, 1, 		10, 		0.1942,		1.898,		2-2
10, 5, 1, 		10, 		0.5539,		3.680,		1-2
1, 10, 1, 		10, 		0.2035,		3.619,		2-2
6, 3, 1, 		10, 		0.1667,		2.322,		2-2
4, 8, 1, 		10, 		0.2037,		0.8129,		2-2
5, 1, 1, 		10, 		0.1652,		2.379,		2-2
2, 7, 1, 		10, 		0.1812,		3.064,		2-2
2, 10, 1, 		10, 		0.1904,		2.517,		2-2
6, 2, 1, 		10, 		0.1476,		2.371,		2-2
3, 7, 1, 		10, 		0.1975,		2.933,		2-2
3, 3, 1, 		10, 		0.1656,		1.504,		2-2
2, 9, 1, 		10, 		0.1502,		1.692,		2-2
5, 9, 1, 		10, 		0.4100,		1.855,		2-3
1, 7, 1, 		10, 		0.1926,		2.702,		2-2
5, 3, 1, 		10, 		0.1281,		1.518,		2-2
3, 10, 1, 		10, 		0.1752,		2.060,		2-2
6, 4, 1, 		10, 		0.2080,		3.293,		2-2
7, 3, 1, 		30, 		0.3761,		3.012,		2-2
4, 2, 1, 		20, 		0.3553,		3.038,		2-2
1, 9, 1, 		10, 		0.2045,		2.673,		2-2
5, 2, 1, 		10, 		0.1260,		0.8306,		2-2
2, 8, 1, 		10, 		0.1704,		1.472,		2-2
4, 9, 1, 		10, 		0.1572,		1.421,		2-2
3, 6, 1, 		10, 		0.1436,		2.753,		2-2
7, 10, 1, 		20, 		0.2040,		1.862,		2-2
4, 4, 1, 		10, 		0.1172,		1.561,		2-2
2, 5, 1, 		20, 		0.3525,		2.418,		2-2
9, 8, 1, 		20, 		0.2205,		0.7498,		2-2
5, 4, 1, 		10, 		0.1832,		1.480,		2-2
9, 9, 1, 		20, 		0.2328,		1.699,		2-2
1, 8, 1, 		10, 		0.1955,		2.504,		2-2
6, 1, 1, 		30, 		0.3767,		2.881,		2-2
3, 8, 1, 		10, 		0.1621,		0.9555,		2-2
3, 5, 1, 		20, 		0.3115,		1.231,		2-2
7, 4, 1, 		30, 		0.4510,		3.003,		2-2
3, 4, 1, 		20, 		0.3043,		0.9390,		2-2
4, 10, 1, 		10, 		0.1836,		3.537,		2-2
10, 9, 1, 		20, 		0.2062,		2.476,		2-2
2, 4, 1, 		20, 		0.3587,		1.487,		2-2
5, 8, 1, 		10, 		0.5923,		8.625,		2-3
10, 7, 1, 		20, 		0.2291,		2.371,		2-2
7, 5, 1, 		40, 		0.3258,		4.725,		3-3
5, 6, 1, 		40, 		0.3416,		3.729,		3-3
8, 10, 1, 		20, 		0.2042,		1.800,		2-2
6, 6, 1, 		10, 		0.5223,		8.730,		2-3
4, 3, 1, 		10, 		0.1339,		1.220,		2-2
8, 9, 1, 		30, 		0.2755,		1.524,		2-2
5, 10, 1, 		30, 		0.3302,		3.366,		2-2
6, 5, 1, 		40, 		0.3684,		2.408,		3-3
6, 8, 1, 		40, 		0.2735,		3.246,		2-2
7, 7, 1, 		20, 		0.3667,		1.220,		2-2
4, 5, 1, 		20, 		0.3660,		1.993,		2-2
9, 7, 1, 		40, 		0.3400,		1.154,		2-2
4, 1, 1, 		20, 		0.3865,		2.563,		2-2
9, 10, 1, 		30, 		0.3337,		2.554,		2-2
6, 7, 1, 		40, 		0.4085,		4.877,		3-3
5, 7, 1, 		40, 		0.4255,		2.626,		3-3
6, 10, 1, 		30, 		0.2743,		3.918,		2-2
8, 5, 1, 		40, 		0.1771,		2.881,		2-2
7, 9, 1, 		40, 		0.2891,		3.353,		2-2
7, 8, 1, 		40, 		0.2832,		3.389,		2-2
9, 5, 1, 		40, 		0.2254,		1.753,		2-2
8, 7, 1, 		40, 		0.3310,		1.037,		2-2
6, 9, 1, 		40, 		0.2948,		1.665,		2-2
8, 8, 1, 		40, 		0.3135,		1.956,		2-2
10, 10, 1, 		30, 		0.3004,		3.096,		2-2
7, 6, 1, 		30, 		0.3879,		1.938,		2-2
5, 5, 1, 		40, 		0.3578,		3.076,		3-3
10, 8, 1, 		30, 		0.2672,		2.442,		2-2
8, 6, 1, 		40, 		0.1908,		3.205,		2-2
