1, 1, 1, 		10, 		0.1133,		1.651,		1-1
1, 1, 1, 		10, 		0.1133,		1.651,		1-1
1, 2, 1, 		10, 		0.1047,		3.576,		1-1
1, 8, 1, 		20, 		0.3652,		2.223,		2-2
2, 1, 1, 		10, 		0.1274,		1.738,		1-1
1, 2, 1, 		10, 		0.1047,		3.576,		1-1
2, 1, 1, 		10, 		0.1274,		1.738,		1-1
1, 1, 1, 		10, 		0.1133,		1.651,		1-1
2, 2, 1, 		10, 		0.1503,		1.374,		1-1
1, 1, 1, 		10, 		0.1133,		1.651,		1-1
2, 1, 1, 		10, 		0.1274,		1.738,		1-1
1, 2, 1, 		10, 		0.1047,		3.576,		1-1
2, 2, 1, 		10, 		0.1503,		1.374,		1-1
9, 3, 1, 		10, 		0.1388,		2.812,		1-1
2, 6, 1, 		10, 		0.3984,		1.992,		1-1
2, 1, 1, 		10, 		0.1274,		1.738,		1-1
1, 1, 1, 		10, 		0.1133,		1.651,		1-1
1, 2, 1, 		10, 		0.1047,		3.576,		1-1
9, 4, 1, 		10, 		0.1732,		3.662,		1-1
10, 2, 1, 		10, 		0.1311,		2.089,		1-1
1, 6, 1, 		10, 		0.3816,		1.193,		1-1
1, 3, 1, 		10, 		0.1573,		1.335,		1-1
3, 1, 1, 		10, 		0.1224,		0.7942,		1-1
9, 6, 1, 		20, 		0.1174,		1.217,		1-1
3, 2, 1, 		10, 		0.1316,		2.672,		1-1
10, 4, 1, 		10, 		0.1260,		1.428,		1-1
7, 2, 1, 		10, 		0.5542,		8.558,		1-2
1, 4, 1, 		10, 		0.1161,		0.4497,		1-1
8, 4, 1, 		10, 		0.1413,		1.191,		1-1
10, 6, 1, 		20, 		0.07522,		1.905,		1-1
10, 1, 1, 		10, 		0.1474,		1.127,		1-1
2, 2, 1, 		10, 		0.1503,		1.374,		1-1
9, 1, 1, 		10, 		0.2618,		1.369,		1-2
1, 8, 1, 		20, 		0.3652,		2.223,		2-2
8, 3, 1, 		10, 		0.4318,		6.874,		1-2
7, 1, 1, 		10, 		0.3482,		6.883,		1-2
2, 3, 1, 		10, 		0.1846,		1.957,		1-1
8, 1, 1, 		10, 		0.2947,		3.672,		1-2
10, 3, 1, 		10, 		0.1266,		0.3751,		1-1
1, 5, 1, 		10, 		0.1348,		1.472,		1-1
8, 2, 1, 		10, 		0.3463,		12.05,		1-2
9, 2, 1, 		10, 		0.2537,		3.692,		1-2
1, 7, 1, 		10, 		0.1753,		2.361,		2-2
4, 7, 1, 		20, 		0.3376,		1.662,		2-2
3, 9, 1, 		10, 		0.2161,		2.756,		2-2
2, 8, 1, 		10, 		0.1956,		2.114,		2-2
9, 5, 1, 		10, 		0.5481,		4.006,		1-2
4, 8, 1, 		10, 		0.2546,		2.083,		2-2
7, 4, 1, 		10, 		0.1444,		5.403,		2-2
10, 5, 1, 		10, 		0.5431,		3.140,		1-2
3, 7, 1, 		20, 		0.3796,		1.527,		2-2
4, 10, 1, 		10, 		0.2254,		2.074,		2-2
6, 4, 1, 		10, 		0.1417,		2.705,		2-2
7, 7, 1, 		20, 		0.4115,		5.023,		2-2
4, 9, 1, 		10, 		0.1873,		2.634,		2-2
4, 5, 1, 		10, 		0.2051,		1.513,		2-2
5, 2, 1, 		10, 		0.1748,		3.357,		2-2
4, 3, 1, 		20, 		0.3773,		2.570,		2-2
4, 2, 1, 		20, 		0.3358,		4.490,		2-2
3, 3, 1, 		20, 		0.3414,		0.6620,		2-2
3, 10, 1, 		20, 		0.4029,		3.389,		2-2
1, 10, 1, 		10, 		0.2350,		1.695,		2-2
1, 9, 1, 		20, 		0.4589,		1.700,		2-2
3, 5, 1, 		20, 		0.3323,		1.684,		2-2
2, 4, 1, 		20, 		0.2912,		1.863,		2-2
3, 8, 1, 		10, 		0.2546,		1.656,		2-2
2, 5, 1, 		20, 		0.3304,		2.688,		2-2
4, 4, 1, 		20, 		0.3672,		3.684,		2-2
2, 7, 1, 		20, 		0.3791,		2.618,		2-2
8, 9, 1, 		20, 		0.2679,		1.765,		2-2
7, 3, 1, 		30, 		0.3061,		3.917,		2-2
2, 10, 1, 		20, 		0.4091,		0.8653,		2-2
3, 4, 1, 		20, 		0.3282,		1.014,		2-2
5, 4, 1, 		30, 		0.4777,		2.698,		2-2
6, 10, 1, 		20, 		0.1936,		2.191,		2-2
2, 9, 1, 		10, 		0.2006,		0.9281,		2-2
6, 1, 1, 		30, 		0.3580,		3.940,		2-2
9, 8, 1, 		20, 		0.2630,		3.418,		2-2
5, 3, 1, 		20, 		0.3323,		1.646,		2-2
5, 6, 1, 		40, 		0.4130,		2.723,		3-3
8, 5, 1, 		40, 		0.1460,		3.215,		2-2
4, 1, 1, 		10, 		0.1617,		0.6814,		2-2
6, 3, 1, 		30, 		0.3985,		4.497,		2-2
7, 8, 1, 		30, 		0.2069,		2.373,		2-2
8, 8, 1, 		30, 		0.3007,		1.691,		2-2
6, 2, 1, 		30, 		0.3648,		6.202,		2-2
6, 6, 1, 		40, 		0.2988,		2.888,		3-3
4, 6, 1, 		30, 		0.4206,		1.278,		2-2
9, 10, 1, 		30, 		0.2556,		1.868,		2-2
6, 7, 1, 		40, 		0.4551,		4.764,		3-3
5, 1, 1, 		30, 		0.4273,		3.013,		2-2
10, 10, 1, 		30, 		0.4063,		1.365,		2-2
7, 6, 1, 		30, 		0.3654,		2.186,		2-2
7, 5, 1, 		40, 		0.4265,		2.837,		3-3
5, 9, 1, 		30, 		0.5607,		2.368,		2-3
6, 9, 1, 		30, 		0.2152,		1.424,		2-2
5, 10, 1, 		40, 		0.2809,		2.687,		2-2
8, 10, 1, 		30, 		0.3206,		2.874,		2-2
6, 5, 1, 		40, 		0.3266,		5.789,		3-3
8, 6, 1, 		50, 		0.2005,		3.044,		2-2
7, 10, 1, 		40, 		0.2486,		2.752,		2-2
6, 8, 1, 		40, 		0.2608,		2.576,		2-2
5, 8, 1, 		50, 		0.2663,		4.238,		3-3
5, 7, 1, 		40, 		0.4542,		3.638,		3-3
5, 5, 1, 		40, 		0.4719,		8.071,		3-3
9, 7, 1, 		40, 		0.2339,		2.861,		2-2
10, 8, 1, 		40, 		0.3833,		3.516,		2-2
9, 9, 1, 		40, 		0.3856,		3.257,		2-2
7, 9, 1, 		40, 		0.3155,		1.785,		2-2
10, 9, 1, 		30, 		0.3535,		0.7967,		2-2
8, 7, 1, 		40, 		0.2845,		1.204,		2-2
10, 7, 1, 		40, 		0.2542,		2.850,		2-2
3, 6, 1, 		30, 		0.3298,		4.270,		2-2
2, 1, 1, 		10, 		0.1274,		0.4702,		1-1
1, 1, 1, 		10, 		0.1133,		1.867,		1-1
1, 2, 1, 		10, 		0.1047,		2.421,		1-1
2, 6, 1, 		10, 		0.3984,		0.7928,		1-1
9, 3, 1, 		10, 		0.1388,		3.116,		1-1
1, 3, 1, 		10, 		0.1573,		1.335,		1-1
9, 4, 1, 		10, 		0.1732,		3.803,		1-1
10, 2, 1, 		10, 		0.1311,		2.089,		1-1
1, 6, 1, 		10, 		0.3816,		1.193,		1-1
9, 6, 1, 		20, 		0.1174,		1.217,		1-1
3, 2, 1, 		10, 		0.1316,		1.470,		1-1
3, 1, 1, 		10, 		0.1224,		0.6482,		1-1
7, 2, 1, 		10, 		0.5542,		5.835,		1-2
10, 4, 1, 		10, 		0.1260,		1.428,		1-1
1, 8, 1, 		20, 		0.3652,		2.103,		2-2
10, 6, 1, 		20, 		0.07522,		1.453,		1-1
1, 4, 1, 		10, 		0.1161,		1.039,		1-1
8, 4, 1, 		10, 		0.1413,		1.191,		1-1
2, 3, 1, 		10, 		0.1846,		2.468,		1-1
10, 1, 1, 		10, 		0.1474,		1.127,		1-1
2, 2, 1, 		10, 		0.1503,		1.386,		1-1
8, 3, 1, 		10, 		0.4318,		6.629,		1-2
7, 1, 1, 		10, 		0.3482,		6.505,		1-2
9, 1, 1, 		10, 		0.2618,		1.369,		1-2
1, 5, 1, 		10, 		0.1348,		1.472,		1-1
10, 3, 1, 		10, 		0.1266,		0.3751,		1-1
8, 1, 1, 		10, 		0.2947,		3.672,		1-2
1, 7, 1, 		10, 		0.1753,		2.361,		2-2
8, 2, 1, 		10, 		0.3463,		12.21,		1-2
3, 9, 1, 		10, 		0.2161,		2.596,		2-2
9, 2, 1, 		10, 		0.2537,		3.460,		1-2
4, 7, 1, 		20, 		0.3376,		1.091,		2-2
9, 5, 1, 		10, 		0.5481,		3.051,		1-2
2, 8, 1, 		10, 		0.1956,		1.843,		2-2
4, 8, 1, 		10, 		0.2546,		2.149,		2-2
3, 7, 1, 		20, 		0.3796,		0.8329,		2-2
7, 4, 1, 		10, 		0.1444,		5.100,		2-2
4, 10, 1, 		10, 		0.2254,		1.298,		2-2
7, 7, 1, 		20, 		0.4115,		5.026,		2-2
6, 4, 1, 		10, 		0.1417,		3.969,		2-2
10, 5, 1, 		10, 		0.5431,		8.997,		1-2
4, 5, 1, 		10, 		0.2051,		1.574,		2-2
4, 9, 1, 		10, 		0.1873,		2.634,		2-2
4, 2, 1, 		20, 		0.3358,		4.490,		2-2
3, 3, 1, 		20, 		0.3414,		0.2652,		2-2
5, 2, 1, 		10, 		0.1748,		4.050,		2-2
4, 3, 1, 		20, 		0.3773,		2.660,		2-2
1, 9, 1, 		20, 		0.4589,		1.813,		2-2
3, 10, 1, 		20, 		0.4029,		2.345,		2-2
1, 10, 1, 		10, 		0.2350,		1.343,		2-2
3, 8, 1, 		10, 		0.2546,		1.345,		2-2
3, 5, 1, 		20, 		0.3323,		1.560,		2-2
2, 4, 1, 		20, 		0.2912,		1.983,		2-2
2, 5, 1, 		20, 		0.3304,		2.688,		2-2
4, 4, 1, 		20, 		0.3672,		4.224,		2-2
8, 9, 1, 		20, 		0.2679,		1.698,		2-2
2, 7, 1, 		20, 		0.3791,		2.020,		2-2
7, 3, 1, 		30, 		0.3061,		3.881,		2-2
6, 10, 1, 		20, 		0.1936,		2.114,		2-2
5, 4, 1, 		30, 		0.4777,		2.698,		2-2
3, 4, 1, 		20, 		0.3282,		1.155,		2-2
2, 10, 1, 		20, 		0.4091,		0.7356,		2-2
6, 1, 1, 		30, 		0.3580,		3.580,		2-2
2, 9, 1, 		10, 		0.2006,		0.8953,		2-2
9, 8, 1, 		20, 		0.2630,		3.723,		2-2
5, 3, 1, 		20, 		0.3323,		1.491,		2-2
6, 2, 1, 		30, 		0.3648,		5.529,		2-2
4, 6, 1, 		30, 		0.4206,		1.278,		2-2
8, 5, 1, 		40, 		0.1460,		3.105,		2-2
7, 8, 1, 		30, 		0.2069,		2.322,		2-2
5, 6, 1, 		40, 		0.4130,		2.951,		3-3
4, 1, 1, 		10, 		0.1617,		0.8170,		2-2
6, 3, 1, 		30, 		0.3985,		4.306,		2-2
8, 8, 1, 		30, 		0.3007,		1.691,		2-2
9, 10, 1, 		30, 		0.2556,		1.838,		2-2
6, 6, 1, 		40, 		0.2988,		2.564,		3-3
6, 7, 1, 		40, 		0.4551,		5.087,		3-3
5, 1, 1, 		30, 		0.4273,		3.647,		2-2
7, 6, 1, 		30, 		0.3654,		2.048,		2-2
5, 9, 1, 		30, 		0.5607,		2.356,		2-3
6, 9, 1, 		30, 		0.2152,		1.339,		2-2
10, 10, 1, 		30, 		0.4063,		1.376,		2-2
7, 5, 1, 		40, 		0.4265,		2.804,		3-3
8, 6, 1, 		50, 		0.2005,		3.044,		2-2
5, 10, 1, 		40, 		0.2809,		2.344,		2-2
8, 10, 1, 		30, 		0.3206,		3.041,		2-2
7, 10, 1, 		40, 		0.2486,		2.551,		2-2
6, 8, 1, 		40, 		0.2608,		2.574,		2-2
6, 5, 1, 		40, 		0.3266,		5.789,		3-3
5, 8, 1, 		50, 		0.2663,		4.391,		3-3
9, 7, 1, 		40, 		0.2339,		2.928,		2-2
5, 5, 1, 		40, 		0.4719,		7.692,		3-3
5, 7, 1, 		40, 		0.4542,		4.201,		3-3
10, 8, 1, 		40, 		0.3833,		3.638,		2-2
10, 9, 1, 		30, 		0.3535,		1.221,		2-2
10, 7, 1, 		40, 		0.2542,		2.755,		2-2
7, 9, 1, 		40, 		0.3155,		1.968,		2-2
9, 9, 1, 		40, 		0.3856,		3.125,		2-2
8, 7, 1, 		40, 		0.2845,		1.578,		2-2
3, 6, 1, 		30, 		0.3298,		4.406,		2-2
9, 3, 1, 		10, 		0.1147,		0.09152,		1-1
1, 3, 1, 		10, 		0.1542,		0.5951,		1-1
2, 1, 1, 		10, 		0.1265,		0.1398,		1-1
2, 6, 1, 		10, 		0.3984,		0.8169,		1-1
1, 1, 1, 		10, 		0.1069,		0.3303,		1-1
10, 2, 1, 		10, 		0.1302,		2.546,		1-1
1, 2, 1, 		10, 		0.09109,		1.116,		1-1
9, 4, 1, 		10, 		0.1457,		1.111,		1-1
1, 6, 1, 		10, 		0.3746,		0.5912,		1-1
3, 2, 1, 		10, 		0.1307,		1.191,		1-1
2, 3, 1, 		10, 		0.1838,		1.917,		1-1
1, 5, 1, 		10, 		0.1338,		1.659,		1-1
3, 1, 1, 		10, 		0.1215,		0.5992,		1-1
9, 2, 1, 		10, 		0.2525,		3.485,		1-2
10, 4, 1, 		10, 		0.1250,		0.7745,		1-1
2, 2, 1, 		10, 		0.1493,		0.9751,		1-1
9, 6, 1, 		20, 		0.1128,		1.433,		1-1
10, 1, 1, 		10, 		0.1464,		0.7851,		1-1
8, 4, 1, 		10, 		0.1402,		0.8107,		1-1
9, 1, 1, 		10, 		0.2606,		2.891,		1-2
10, 3, 1, 		10, 		0.1257,		0.6742,		1-1
8, 3, 1, 		10, 		0.4305,		6.442,		1-2
8, 2, 1, 		10, 		0.3451,		5.967,		1-2
8, 1, 1, 		10, 		0.2935,		3.674,		1-2
7, 1, 1, 		10, 		0.3469,		6.357,		1-2
10, 6, 1, 		20, 		0.07494,		1.298,		1-1
1, 7, 1, 		10, 		0.1751,		2.063,		2-2
7, 2, 1, 		10, 		0.5298,		6.732,		1-2
1, 4, 1, 		10, 		0.1152,		0.6447,		1-1
9, 5, 1, 		10, 		0.5471,		1.479,		1-2
7, 4, 1, 		10, 		0.1433,		4.247,		2-2
3, 8, 1, 		10, 		0.2536,		1.359,		2-2
3, 9, 1, 		10, 		0.2156,		2.417,		2-2
4, 5, 1, 		10, 		0.2048,		1.944,		2-2
2, 8, 1, 		10, 		0.1954,		2.002,		2-2
1, 10, 1, 		10, 		0.2349,		1.359,		2-2
1, 8, 1, 		10, 		0.1665,		2.174,		2-2
4, 9, 1, 		10, 		0.1862,		2.024,		2-2
5, 2, 1, 		10, 		0.1741,		2.880,		2-2
2, 7, 1, 		10, 		0.1811,		1.871,		2-2
3, 7, 1, 		10, 		0.1769,		0.8983,		2-2
10, 5, 1, 		10, 		0.5210,		3.428,		1-2
6, 1, 1, 		10, 		0.1370,		3.223,		2-2
6, 4, 1, 		10, 		0.1409,		3.055,		2-2
7, 7, 1, 		20, 		0.4115,		5.025,		2-2
5, 9, 1, 		10, 		0.3499,		2.165,		2-3
7, 5, 1, 		10, 		0.5036,		5.813,		2-3
4, 8, 1, 		10, 		0.2535,		1.971,		2-2
3, 5, 1, 		10, 		0.1600,		1.090,		2-2
3, 10, 1, 		10, 		0.1908,		2.610,		2-2
6, 10, 1, 		20, 		0.1936,		2.124,		2-2
4, 3, 1, 		20, 		0.3770,		2.757,		2-2
1, 9, 1, 		10, 		0.2301,		1.652,		2-2
2, 10, 1, 		10, 		0.1907,		0.9460,		2-2
4, 7, 1, 		10, 		0.1643,		1.253,		2-2
6, 8, 1, 		10, 		0.5982,		2.633,		1-2
8, 9, 1, 		20, 		0.2677,		1.641,		2-2
4, 4, 1, 		10, 		0.1877,		3.147,		2-2
5, 3, 1, 		10, 		0.1732,		1.642,		2-2
4, 1, 1, 		10, 		0.1613,		0.6315,		2-2
4, 6, 1, 		10, 		0.1702,		0.4112,		2-2
7, 3, 1, 		30, 		0.3061,		3.855,		2-2
5, 4, 1, 		10, 		0.2032,		1.623,		2-2
2, 4, 1, 		10, 		0.1310,		2.029,		2-2
6, 2, 1, 		30, 		0.3646,		5.415,		2-2
2, 9, 1, 		10, 		0.2005,		1.011,		2-2
5, 8, 1, 		10, 		0.5887,		8.584,		2-3
8, 5, 1, 		40, 		0.1459,		3.337,		2-2
6, 7, 1, 		40, 		0.4548,		4.970,		3-3
5, 1, 1, 		10, 		0.1749,		2.816,		2-2
10, 9, 1, 		20, 		0.2841,		0.8678,		2-2
3, 3, 1, 		20, 		0.3412,		0.3357,		2-2
5, 6, 1, 		40, 		0.4125,		2.685,		3-3
3, 6, 1, 		10, 		0.1345,		3.515,		2-2
6, 9, 1, 		30, 		0.2151,		1.450,		2-2
4, 2, 1, 		20, 		0.3357,		4.504,		2-2
2, 5, 1, 		20, 		0.3304,		2.400,		2-2
4, 10, 1, 		10, 		0.2251,		1.340,		2-2
3, 4, 1, 		20, 		0.3282,		1.155,		2-2
6, 5, 1, 		40, 		0.3263,		5.080,		3-3
7, 10, 1, 		40, 		0.2486,		2.476,		2-2
6, 3, 1, 		30, 		0.3984,		3.995,		2-2
7, 6, 1, 		10, 		0.1604,		1.571,		2-2
7, 8, 1, 		30, 		0.2067,		2.448,		2-2
9, 10, 1, 		30, 		0.2554,		1.656,		2-2
8, 7, 1, 		30, 		0.2518,		1.263,		2-2
5, 7, 1, 		40, 		0.4541,		4.095,		3-3
10, 7, 1, 		40, 		0.2542,		2.679,		2-2
9, 7, 1, 		40, 		0.2336,		3.174,		2-2
9, 9, 1, 		30, 		0.3450,		2.732,		2-2
9, 8, 1, 		30, 		0.3279,		3.505,		2-2
7, 9, 1, 		40, 		0.3154,		1.789,		2-2
10, 8, 1, 		40, 		0.3832,		3.564,		2-2
8, 8, 1, 		30, 		0.3006,		1.913,		2-2
5, 5, 1, 		40, 		0.4710,		7.037,		3-3
8, 10, 1, 		30, 		0.3204,		2.856,		2-2
10, 10, 1, 		30, 		0.4061,		1.449,		2-2
8, 6, 1, 		50, 		0.2002,		2.507,		2-2
5, 10, 1, 		40, 		0.2808,		2.451,		2-2
6, 6, 1, 		40, 		0.2987,		2.386,		3-3
