1, 1, 1, 		10, 		0.6139,		0.7323,		2-1
3, 8, 1, 		10, 		0.8907,		4.734,		2-2
1, 2, 1, 		10, 		0.8520,		3.286,		1-1
10, 1, 1, 		10, 		0.8197,		2.076,		1-1
10, 4, 1, 		10, 		0.9173,		3.308,		1-1
8, 3, 1, 		10, 		0.5380,		19.03,		2-2
9, 4, 1, 		10, 		0.7109,		3.473,		1-1
8, 1, 1, 		10, 		0.9106,		5.997,		1-2
2, 3, 1, 		10, 		0.7204,		4.516,		1-1
9, 1, 1, 		10, 		0.7344,		4.363,		1-2
2, 6, 1, 		10, 		0.7185,		4.605,		2-1
2, 9, 1, 		10, 		0.8482,		2.499,		2-2
3, 10, 1, 		10, 		0.8219,		8.833,		2-2
1, 8, 1, 		10, 		0.8456,		5.889,		2-2
1, 5, 1, 		10, 		0.6624,		2.618,		1-1
9, 3, 1, 		10, 		0.6121,		1.566,		1-1
4, 7, 1, 		10, 		0.7082,		2.176,		2-2
2, 5, 1, 		10, 		0.7763,		5.593,		2-2
10, 6, 1, 		10, 		0.7710,		4.650,		1-1
8, 4, 1, 		10, 		0.6453,		10.43,		2-1
1, 3, 1, 		10, 		0.8842,		3.804,		1-1
10, 2, 1, 		10, 		0.8509,		0.8596,		1-1
9, 6, 1, 		10, 		0.6616,		0.7913,		1-1
5, 3, 1, 		10, 		0.6477,		3.200,		2-2
1, 10, 1, 		10, 		0.8628,		9.630,		2-2
2, 2, 1, 		10, 		0.7031,		2.954,		1-1
3, 1, 1, 		10, 		0.9131,		2.906,		1-1
1, 7, 1, 		10, 		0.7230,		4.018,		2-2
7, 1, 1, 		10, 		0.7800,		17.70,		2-2
7, 3, 1, 		10, 		0.8381,		38.19,		2-2
1, 1, 1, 		10, 		0.6139,		0.7323,		2-1
7, 2, 1, 		10, 		0.6872,		47.39,		2-2
5, 2, 1, 		10, 		0.9091,		12.58,		2-2
1, 4, 1, 		10, 		0.6250,		4.910,		1-1
2, 8, 1, 		10, 		0.7083,		4.720,		2-2
6, 4, 1, 		10, 		0.7282,		4.055,		2-2
4, 10, 1, 		10, 		0.7129,		11.09,		2-2
10, 3, 1, 		30, 		0.7899,		2.114,		2-1
4, 6, 1, 		20, 		0.8721,		6.582,		2-2
4, 3, 1, 		10, 		0.7093,		4.579,		2-2
1, 9, 1, 		10, 		0.5748,		5.753,		2-2
3, 9, 1, 		10, 		0.9420,		9.102,		2-2
6, 2, 1, 		10, 		0.9237,		15.05,		2-2
7, 7, 1, 		20, 		0.8326,		8.495,		2-2
3, 6, 1, 		10, 		0.7402,		5.924,		2-2
3, 7, 1, 		10, 		0.7584,		14.09,		2-2
8, 2, 1, 		20, 		0.8709,		30.49,		2-2
2, 10, 1, 		10, 		0.6078,		9.929,		2-2
2, 4, 1, 		10, 		0.7221,		7.299,		2-2
3, 5, 1, 		2, 7, 1, 		10, 		0.6880,		4.532,		2-2
10, 		0.7826,		9.223,		2-2
4, 8, 1, 		10, 		0.7757,		6.320,		2-2
6, 10, 1, 		30, 		0.8674,		32.66,		2-2
5, 1, 1, 		10, 		0.5852,		5.963,		2-2
4, 9, 1, 		20, 		0.8489,		0.9349,		2-2
6, 1, 1, 		10, 		0.6578,		7.390,		2-2
6, 3, 1, 		10, 		0.4967,		3.409,		2-2
1, 6, 1, 		40, 		0.6982,		9.333,		3-1
8, 8, 1, 		20, 		0.8929,		3.428,		2-2
7, 6, 1, 		20, 		0.8234,		5.451,		2-2
5, 4, 1, 		40, 		0.8240,		7.039,		3-2
7, 10, 1, 		30, 		0.8680,		29.57,		2-2
9, 8, 1, 		20, 		0.5818,		3.074,		2-2
10, 7, 1, 		30, 		0.7062,		9.046,		2-2
8, 10, 1, 		20, 		0.9053,		9.348,		2-2
3, 2, 1, 		20, 		0.7536,		2.456,		2-1
2, 1, 1, 		20, 		0.6929,		1.107,		2-1
3, 4, 1, 		10, 		0.6915,		10.92,		2-2
4, 4, 1, 		10, 		0.7098,		5.713,		2-2
6, 6, 1, 		10, 		0.8260,		6.882,		2-3
4, 2, 1, 		20, 		0.9407,		5.845,		2-2
9, 10, 1, 		20, 		0.6804,		4.355,		2-2
9, 2, 1, 		40, 		0.6764,		22.13,		3-2
6, 5, 1, 		40, 		0.6984,		14.41,		3-3
6, 9, 1, 		40, 		0.8634,		6.873,		3-2
5, 8, 1, 		40, 		0.6287,		17.72,		3-3
10, 8, 1, 		30, 		0.9159,		4.565,		2-2
8, 9, 1, 		20, 		0.9362,		2.383,		2-2
5, 5, 1, 		40, 		0.6733,		17.85,		3-3
5, 10, 1, 		20, 		0.7955,		4.769,		2-2
4, 5, 1, 		20, 		0.8929,		30.52,		2-2
5, 6, 1, 		40, 		0.7797,		17.26,		3-3
10, 5, 1, 		40, 		0.7600,		9.321,		2-2
7, 4, 1, 		40, 		0.7237,		14.21,		3-2
10, 9, 1, 		20, 		0.7654,		3.027,		2-2
8, 5, 1, 		40, 		0.7484,		13.48,		2-2
6, 7, 1, 		30, 		0.8629,		13.83,		3-3
10, 10, 1, 		40, 		0.8665,		12.92,		3-2
7, 8, 1, 		30, 		0.7937,		12.83,		2-2
8, 6, 1, 		40, 		0.7522,		4.934,		2-2
4, 1, 1, 		20, 		0.8775,		15.96,		2-2
9, 5, 1, 		40, 		0.8493,		7.635,		2-2
6, 8, 1, 		30, 		0.7234,		3.074,		2-2
3, 3, 1, 		40, 		0.7701,		10.72,		3-2
9, 9, 1, 		20, 		0.8389,		9.591,		2-2
5, 9, 1, 		40, 		0.8241,		6.992,		3-3
7, 9, 1, 		30, 		0.7501,		13.65,		2-2
7, 5, 1, 		10, 		2.209,		28.30,		1-3
5, 7, 1, 		10, 		2.827,		10.22,		1-3
8, 7, 1, 		40, 		0.6151,		6.768,		2-2
9, 7, 1, 		50, 		0.7394,		19.41,		3-2
3, 8, 1, 		10, 		0.8907,		4.734,		2-2
1, 2, 1, 		10, 		0.8520,		3.286,		1-1
10, 4, 1, 		10, 		0.9173,		3.308,		1-1
10, 1, 1, 		10, 		0.8197,		2.076,		1-1
8, 3, 1, 		10, 		0.5380,		19.03,		2-2
8, 1, 1, 		10, 		0.9106,		5.997,		1-2
2, 6, 1, 		2, 3, 1, 		10, 		0.7185,		4.605,		2-1
10, 		0.7204,		4.516,		1-1
9, 4, 1, 		10, 		0.7109,		3.473,		1-1
1, 8, 1, 		10, 		0.8456,		5.889,		2-2
3, 10, 1, 		10, 		0.8219,		8.833,		2-2
2, 9, 1, 		10, 		0.8482,		2.499,		2-2
10, 6, 1, 		10, 		0.7710,		4.650,		1-1
9, 1, 1, 		10, 		0.7344,		4.363,		1-2
1, 5, 1, 		10, 		0.6624,		2.618,		1-1
2, 2, 1, 		10, 		0.7031,		2.954,		1-1
8, 4, 1, 		10, 		0.6453,		10.43,		2-1
2, 5, 1, 		10, 		0.7763,		5.593,		2-2
9, 3, 1, 		10, 		0.6121,		1.566,		1-1
10, 2, 1, 		10, 		0.8509,		0.8596,		1-1
1, 3, 1, 		10, 		0.8842,		3.804,		1-1
5, 3, 1, 		10, 		0.6477,		3.200,		2-2
2, 8, 1, 		10, 		0.7083,		4.720,		2-2
9, 6, 1, 		10, 		0.6616,		0.7913,		1-1
7, 2, 1, 		10, 		0.6872,		47.39,		2-2
6, 4, 1, 		10, 		0.7282,		4.055,		2-2
1, 10, 1, 		10, 		0.8628,		9.630,		2-2
7, 1, 1, 		10, 		0.7800,		17.70,		2-2
5, 2, 1, 		10, 		0.9091,		12.58,		2-2
3, 9, 1, 		10, 		0.9420,		9.102,		2-2
1, 4, 1, 		10, 		0.6250,		4.910,		1-1
7, 3, 1, 		10, 		0.8381,		38.19,		2-2
3, 1, 1, 		10, 		0.9131,		2.906,		1-1
4, 3, 1, 		10, 		0.7093,		4.579,		2-2
3, 6, 1, 		10, 		0.7402,		5.924,		2-2
1, 1, 1, 		10, 		0.6139,		0.7323,		2-1
4, 9, 1, 		20, 		0.8489,		0.9349,		2-2
5, 1, 1, 		10, 		0.5852,		5.963,		2-2
2, 10, 1, 		2, 7, 1, 		10, 		0.6078,		9.929,		2-2
10, 		0.7826,		9.223,		2-2
8, 2, 1, 		20, 		0.8709,		30.49,		2-2
1, 7, 1, 		10, 		0.7230,		4.018,		2-2
4, 8, 1, 		10, 		0.7757,		6.320,		2-2
4, 10, 1, 		10, 		0.7129,		11.09,		2-2
7, 7, 1, 		20, 		0.8326,		8.495,		2-2
6, 3, 1, 		10, 		0.4967,		3.409,		2-2
6, 1, 1, 		10, 		0.6578,		7.390,		2-2
4, 6, 1, 		20, 		0.8721,		6.582,		2-2
6, 6, 1, 		10, 		0.8260,		6.882,		2-3
9, 8, 1, 		20, 		0.5818,		3.074,		2-2
6, 2, 1, 		10, 		0.9237,		15.05,		2-2
4, 4, 1, 		10, 		0.7098,		5.713,		2-2
2, 4, 1, 		10, 		0.7221,		7.299,		2-2
3, 7, 1, 		10, 		0.7584,		14.09,		2-2
6, 10, 1, 		30, 		0.8674,		32.66,		2-2
2, 1, 1, 		20, 		0.6929,		1.107,		2-1
3, 2, 1, 		20, 		0.7536,		2.456,		2-1
10, 3, 1, 		30, 		0.7899,		2.114,		2-1
1, 9, 1, 		10, 		0.5748,		5.753,		2-2
3, 4, 1, 		10, 		0.6915,		10.92,		2-2
8, 10, 1, 		20, 		0.9053,		9.348,		2-2
4, 2, 1, 		20, 		0.9407,		5.845,		2-2
9, 10, 1, 		20, 		0.6804,		4.355,		2-2
8, 9, 1, 		20, 		0.9362,		2.383,		2-2
4, 5, 1, 		20, 		0.8929,		30.52,		2-2
10, 8, 1, 		30, 		0.9159,		4.565,		2-2
1, 6, 1, 		40, 		0.6982,		9.333,		3-1
5, 6, 1, 		40, 		0.7797,		17.26,		3-3
3, 5, 1, 		10, 		0.6880,		4.532,		2-2
8, 8, 1, 		20, 		0.8929,		3.428,		2-2
6, 5, 1, 		40, 		0.6984,		14.41,		3-3
7, 4, 1, 		40, 		0.7237,		14.21,		3-2
10, 9, 1, 		20, 		0.7654,		3.027,		2-2
5, 4, 1, 		40, 		0.8240,		7.039,		3-2
5, 10, 1, 		20, 		0.7955,		4.769,		2-2
7, 10, 1, 		30, 		0.8680,		29.57,		2-2
7, 6, 1, 		20, 		0.8234,		5.451,		2-2
6, 9, 1, 		40, 		0.8634,		6.873,		3-2
10, 7, 1, 		30, 		0.7062,		9.046,		2-2
8, 5, 1, 		40, 		0.7484,		13.48,		2-2
4, 1, 1, 		20, 		0.8775,		15.96,		2-2
6, 8, 1, 		30, 		0.7234,		3.074,		2-2
5, 5, 1, 		40, 		0.6733,		17.85,		3-3
9, 5, 1, 		40, 		0.8493,		7.635,		2-2
5, 8, 1, 		40, 		0.6287,		17.72,		3-3
3, 3, 1, 		40, 		0.7701,		10.72,		3-2
9, 2, 1, 		40, 		0.6764,		22.13,		3-2
10, 5, 1, 		40, 		0.7600,		9.321,		2-2
10, 10, 1, 		40, 		0.8665,		12.92,		3-2
1, 2, 1, 		10, 		0.8520,		3.286,		1-1
2, 2, 1, 		10, 		0.7031,		2.954,		1-1
1, 1, 1, 		10, 		0.6139,		0.7323,		2-1
2, 1, 1, 		20, 		0.6929,		1.107,		2-1
3, 8, 1, 		10, 		0.8907,		4.734,		2-2
1, 2, 1, 		10, 		0.8520,		3.286,		1-1
10, 1, 1, 		10, 		0.8197,		2.076,		1-1
8, 3, 1, 		10, 		0.5380,		19.03,		2-2
8, 1, 1, 		10, 		0.9106,		5.997,		1-2
9, 1, 1, 		10, 		0.7344,		4.363,		1-2
9, 4, 1, 		10, 		0.7109,		3.473,		1-1
10, 4, 1, 		10, 		0.9173,		3.308,		1-1
2, 3, 1, 		10, 		0.7204,		4.516,		1-1
2, 6, 1, 		10, 		0.7185,		4.605,		2-1
3, 10, 1, 		10, 		0.8219,		8.833,		2-2
1, 8, 1, 		10, 		0.8456,		5.889,		2-2
9, 3, 1, 		10, 		0.6121,		1.566,		1-1
4, 7, 1, 		10, 		0.7082,		2.176,		2-2
2, 9, 1, 		10, 		0.8482,		2.499,		2-2
2, 5, 1, 		10, 		0.7763,		5.593,		2-2
10, 6, 1, 		10, 		0.7710,		4.650,		1-1
1, 5, 1, 		10, 		0.6624,		2.618,		1-1
10, 2, 1, 		10, 		0.8509,		0.8596,		1-1
1, 3, 1, 		10, 		0.8842,		3.804,		1-1
8, 4, 1, 		10, 		0.6453,		10.43,		2-1
2, 2, 1, 		10, 		0.7031,		2.954,		1-1
1, 10, 1, 		10, 		0.8628,		9.630,		2-2
5, 3, 1, 		10, 		0.6477,		3.200,		2-2
6, 4, 1, 		10, 		0.7282,		4.055,		2-2
7, 3, 1, 		10, 		0.8381,		38.19,		2-2
9, 6, 1, 		10, 		0.6616,		0.7913,		1-1
5, 2, 1, 		10, 		0.9091,		12.58,		2-2
7, 2, 1, 		10, 		0.6872,		47.39,		2-2
7, 1, 1, 		10, 		0.7800,		17.70,		2-2
1, 1, 1, 		10, 		0.6139,		0.7323,		2-1
4, 3, 1, 		10, 		0.7093,		4.579,		2-2
3, 1, 1, 		10, 		0.9131,		2.906,		1-1
2, 8, 1, 		10, 		0.7083,		4.720,		2-2
1, 4, 1, 		10, 		0.6250,		4.910,		1-1
3, 9, 1, 		10, 		0.9420,		9.102,		2-2
5, 1, 1, 		10, 		0.5852,		5.963,		2-2
3, 6, 1, 		10, 		0.7402,		5.924,		2-2
6, 1, 1, 		10, 		0.6578,		7.390,		2-2
8, 2, 1, 		20, 		0.8709,		30.49,		2-2
4, 8, 1, 		10, 		0.7757,		6.320,		2-2
4, 10, 1, 		10, 		0.7129,		11.09,		2-2
4, 9, 1, 		20, 		0.8489,		0.9349,		2-2
2, 10, 1, 		10, 		0.6078,		9.929,		2-2
2, 7, 1, 		10, 		0.7826,		9.223,		2-2
1, 7, 1, 		10, 		0.7230,		4.018,		2-2
9, 8, 1, 		20, 		0.5818,		3.074,		2-2
6, 3, 1, 		10, 		0.4967,		3.409,		2-2
6, 2, 1, 		10, 		0.9237,		15.05,		2-2
10, 3, 1, 		30, 		0.7899,		2.114,		2-1
7, 7, 1, 		20, 		0.8326,		8.495,		2-2
4, 6, 1, 		20, 		0.8721,		6.582,		2-2
6, 6, 1, 		10, 		0.8260,		6.882,		2-3
3, 4, 1, 		10, 		0.6915,		10.92,		2-2
1, 9, 1, 		10, 		0.5748,		5.753,		2-2
2, 1, 1, 		20, 		0.6929,		1.107,		2-1
3, 7, 1, 		10, 		0.7584,		14.09,		2-2
3, 2, 1, 		20, 		0.7536,		2.456,		2-1
6, 10, 1, 		30, 		0.8674,		32.66,		2-2
4, 4, 1, 		10, 		0.7098,		5.713,		2-2
4, 2, 1, 		20, 		0.9407,		5.845,		2-2
2, 4, 1, 		10, 		0.7221,		7.299,		2-2
8, 10, 1, 		20, 		0.9053,		9.348,		2-2
9, 10, 1, 		20, 		0.6804,		4.355,		2-2
3, 5, 1, 		10, 		0.6880,		4.532,		2-2
6, 5, 1, 		40, 		0.6984,		14.41,		3-3
4, 5, 1, 		20, 		0.8929,		30.52,		2-2
10, 8, 1, 		30, 		0.9159,		4.565,		2-2
5, 6, 1, 		40, 		0.7797,		17.26,		3-3
1, 6, 1, 		40, 		0.6982,		9.333,		3-1
8, 8, 1, 		20, 		0.8929,		3.428,		2-2
5, 4, 1, 		40, 		0.8240,		7.039,		3-2
7, 4, 1, 		40, 		0.7237,		14.21,		3-2
8, 9, 1, 		20, 		0.9362,		2.383,		2-2
5, 10, 1, 		20, 		0.7955,		4.769,		2-2
10, 9, 1, 		20, 		0.7654,		3.027,		2-2
6, 9, 1, 		40, 		0.8634,		6.873,		3-2
7, 10, 1, 		30, 		0.8680,		29.57,		2-2
7, 6, 1, 		20, 		0.8234,		5.451,		2-2
8, 5, 1, 		40, 		0.7484,		13.48,		2-2
10, 7, 1, 		30, 		0.7062,		9.046,		2-2
4, 1, 1, 		20, 		0.8775,		15.96,		2-2
5, 5, 1, 		40, 		0.6733,		17.85,		3-3
6, 8, 1, 		30, 		0.7234,		3.074,		2-2
10, 5, 1, 		40, 		0.7600,		9.321,		2-2
9, 2, 1, 		40, 		0.6764,		22.13,		3-2
9, 9, 1, 		20, 		0.8389,		9.591,		2-2
10, 10, 1, 		40, 		0.8665,		12.92,		3-2
9, 5, 1, 		40, 		0.8493,		7.635,		2-2
3, 3, 1, 		40, 		0.7701,		10.72,		3-2
7, 5, 1, 		10, 		2.209,		28.30,		1-3
5, 8, 1, 		40, 		0.6287,		17.72,		3-3
8, 6, 1, 		40, 		0.7522,		4.934,		2-2
7, 9, 1, 		30, 		0.7501,		13.65,		2-2
7, 8, 1, 		30, 		0.7937,		12.83,		2-2
6, 7, 1, 		30, 		0.8629,		13.83,		3-3
5, 9, 1, 		40, 		0.8241,		6.992,		3-3
5, 7, 1, 		10, 		2.827,		10.22,		1-3
8, 7, 1, 		40, 		0.6151,		6.768,		2-2
9, 7, 1, 		50, 		0.7394,		19.41,		3-2
1, 2, 1, 		10, 		0.8520,		3.286,		1-1
3, 8, 1, 		10, 		0.8907,		4.350,		2-2
10, 1, 1, 		10, 		0.8197,		2.116,		1-1
10, 4, 1, 		10, 		0.9173,		3.308,		1-1
8, 1, 1, 		10, 		0.9106,		6.635,		1-2
2, 6, 1, 		10, 		0.7185,		2.565,		2-1
8, 3, 1, 		10, 		0.5380,		18.90,		2-2
2, 3, 1, 		10, 		0.7204,		4.516,		1-1
9, 4, 1, 		10, 		0.7109,		3.473,		1-1
9, 1, 1, 		10, 		0.7344,		3.744,		1-2
3, 10, 1, 		10, 		0.8219,		8.966,		2-2
1, 8, 1, 		10, 		0.8456,		5.889,		2-2
2, 9, 1, 		10, 		0.8482,		2.278,		2-2
9, 3, 1, 		10, 		0.6121,		1.566,		1-1
10, 6, 1, 		10, 		0.7710,		4.650,		1-1
2, 5, 1, 		10, 		0.7763,		5.519,		2-2
4, 7, 1, 		10, 		0.7082,		2.058,		2-2
1, 10, 1, 		10, 		0.8628,		9.659,		2-2
10, 2, 1, 		10, 		0.8509,		0.8596,		1-1
1, 5, 1, 		10, 		0.6624,		2.618,		1-1
8, 4, 1, 		10, 		0.6453,		10.36,		2-1
2, 2, 1, 		10, 		0.7031,		2.954,		1-1
5, 3, 1, 		10, 		0.6477,		4.387,		2-2
1, 3, 1, 		10, 		0.8842,		3.804,		1-1
6, 4, 1, 		10, 		0.7282,		3.926,		2-2
2, 8, 1, 		10, 		0.7083,		4.831,		2-2
7, 2, 1, 		10, 		0.6872,		47.39,		2-2
9, 6, 1, 		10, 		0.6616,		0.7913,		1-1
5, 2, 1, 		10, 		0.9091,		11.44,		2-2
7, 3, 1, 		10, 		0.8381,		35.76,		2-2
7, 1, 1, 		10, 		0.7800,		34.28,		2-2
3, 9, 1, 		10, 		0.9420,		9.102,		2-2
3, 1, 1, 		10, 		0.9131,		2.906,		1-1
1, 1, 1, 		10, 		0.6139,		0.7323,		2-1
1, 4, 1, 		10, 		0.6250,		4.910,		1-1
3, 6, 1, 		10, 		0.7402,		5.864,		2-2
4, 3, 1, 		10, 		0.7093,		4.487,		2-2
5, 1, 1, 		10, 		0.5852,		5.735,		2-2
8, 2, 1, 		20, 		0.8709,		29.46,		2-2
1, 7, 1, 		10, 		0.7230,		3.948,		2-2
4, 8, 1, 		10, 		0.7757,		6.320,		2-2
4, 10, 1, 		10, 		0.7129,		11.09,		2-2
6, 1, 1, 		10, 		0.6578,		5.971,		2-2
4, 9, 1, 		20, 		0.8489,		0.9442,		2-2
2, 7, 1, 		10, 		0.7826,		9.223,		2-2
6, 3, 1, 		10, 		0.4967,		3.409,		2-2
2, 10, 1, 		10, 		0.6078,		7.368,		2-2
7, 7, 1, 		20, 		0.8326,		7.865,		2-2
4, 6, 1, 		20, 		0.8721,		6.706,		2-2
10, 3, 1, 		30, 		0.7899,		2.393,		2-1
6, 2, 1, 		10, 		0.9237,		15.05,		2-2
9, 8, 1, 		20, 		0.5818,		3.074,		2-2
1, 9, 1, 		10, 		0.5748,		5.707,		2-2
4, 4, 1, 		10, 		0.7098,		5.713,		2-2
6, 6, 1, 		10, 		0.8260,		6.725,		2-3
3, 4, 1, 		10, 		0.6915,		9.986,		2-2
3, 7, 1, 		10, 		0.7584,		13.02,		2-2
2, 4, 1, 		10, 		0.7221,		7.208,		2-2
8, 10, 1, 		20, 		0.9053,		9.348,		2-2
2, 1, 1, 		20, 		0.6929,		0.9386,		2-1
6, 10, 1, 		30, 		0.8674,		32.71,		2-2
3, 2, 1, 		20, 		0.7536,		2.322,		2-1
9, 10, 1, 		20, 		0.6804,		4.355,		2-2
4, 5, 1, 		20, 		0.8929,		32.62,		2-2
4, 2, 1, 		20, 		0.9407,		5.819,		2-2
1, 6, 1, 		40, 		0.6982,		9.333,		3-1
10, 8, 1, 		30, 		0.9159,		4.565,		2-2
6, 5, 1, 		40, 		0.6984,		14.36,		3-3
3, 5, 1, 		10, 		0.6880,		4.627,		2-2
8, 8, 1, 		20, 		0.8929,		3.465,		2-2
8, 9, 1, 		20, 		0.9362,		2.213,		2-2
5, 6, 1, 		40, 		0.7797,		17.23,		3-3
7, 4, 1, 		40, 		0.7237,		4.430,		3-2
5, 4, 1, 		40, 		0.8240,		6.707,		3-2
5, 10, 1, 		20, 		0.7955,		4.688,		2-2
7, 6, 1, 		20, 		0.8234,		5.546,		2-2
10, 9, 1, 		20, 		0.7654,		3.053,		2-2
7, 10, 1, 		30, 		0.8680,		12.04,		2-2
6, 9, 1, 		40, 		0.8634,		6.873,		3-2
10, 7, 1, 		30, 		0.7062,		9.006,		2-2
4, 1, 1, 		20, 		0.8775,		15.96,		2-2
8, 5, 1, 		40, 		0.7484,		13.48,		2-2
5, 5, 1, 		40, 		0.6733,		17.61,		3-3
10, 5, 1, 		40, 		0.7600,		9.471,		2-2
9, 5, 1, 		40, 		0.8493,		7.635,		2-2
10, 10, 1, 		40, 		0.8665,		13.31,		3-2
6, 8, 1, 		30, 		0.7234,		3.600,		2-2
5, 8, 1, 		40, 		0.6287,		17.66,		3-3
9, 2, 1, 		40, 		0.6764,		22.01,		3-2
3, 3, 1, 		40, 		0.7701,		14.76,		3-2
7, 5, 1, 		10, 		2.209,		28.30,		1-3
9, 9, 1, 		20, 		0.8389,		9.497,		2-2
8, 6, 1, 		40, 		0.7522,		4.357,		2-2
6, 7, 1, 		30, 		0.8629,		13.59,		3-3
7, 8, 1, 		30, 		0.7937,		11.87,		2-2
7, 9, 1, 		30, 		0.7501,		13.55,		2-2
5, 9, 1, 		40, 		0.8241,		5.803,		3-3
5, 7, 1, 		10, 		2.827,		10.22,		1-3
8, 7, 1, 		40, 		0.6151,		7.106,		2-2
9, 7, 1, 		50, 		0.7394,		19.41,		3-2
3, 8, 1, 		10, 		0.8906,		4.585,		2-2
1, 2, 1, 		10, 		0.8473,		2.587,		1-1
10, 1, 1, 		10, 		0.8187,		1.738,		1-1
2, 6, 1, 		10, 		0.6905,		5.955,		2-1
9, 1, 1, 		10, 		0.7330,		3.904,		1-2
9, 4, 1, 		10, 		0.7097,		3.025,		1-1
2, 2, 1, 		10, 		0.7019,		2.215,		1-1
1, 5, 1, 		10, 		0.6612,		2.658,		1-1
2, 9, 1, 		10, 		0.8474,		1.905,		2-2
8, 1, 1, 		10, 		0.9092,		7.119,		1-2
10, 4, 1, 		10, 		0.9162,		2.558,		1-1
2, 3, 1, 		10, 		0.6931,		2.161,		1-1
1, 8, 1, 		10, 		0.8447,		6.844,		2-2
9, 3, 1, 		10, 		0.6110,		1.318,		1-1
3, 10, 1, 		10, 		0.8201,		7.677,		2-2
1, 3, 1, 		10, 		0.8777,		2.329,		1-1
10, 2, 1, 		10, 		0.8496,		0.3704,		1-1
9, 6, 1, 		10, 		0.6612,		0.4610,		1-1
8, 4, 1, 		10, 		0.6452,		10.45,		2-1
10, 6, 1, 		10, 		0.7686,		4.724,		1-1
4, 8, 1, 		10, 		0.7751,		6.427,		2-2
8, 3, 1, 		10, 		0.5363,		17.75,		2-2
1, 4, 1, 		10, 		0.6238,		4.439,		1-1
1, 1, 1, 		10, 		0.6133,		0.5183,		2-1
7, 1, 1, 		10, 		0.7776,		35.71,		2-2
2, 5, 1, 		10, 		0.7762,		5.268,		2-2
7, 2, 1, 		10, 		0.6868,		47.37,		2-2
4, 10, 1, 		10, 		0.7122,		10.54,		2-2
8, 2, 1, 		20, 		0.8707,		29.09,		2-2
3, 1, 1, 		10, 		0.9122,		2.460,		1-1
4, 7, 1, 		10, 		0.7078,		2.071,		2-2
3, 3, 1, 		10, 		0.7846,		9.836,		2-2
5, 1, 1, 		10, 		0.5851,		5.876,		2-2
2, 4, 1, 		10, 		0.7220,		7.158,		2-2
2, 8, 1, 		10, 		0.7083,		4.743,		2-2
4, 4, 1, 		10, 		0.7097,		5.984,		2-2
5, 2, 1, 		10, 		0.9081,		13.00,		2-2
6, 1, 1, 		10, 		0.6566,		6.528,		2-2
3, 6, 1, 		10, 		0.7401,		5.743,		2-2
3, 7, 1, 		10, 		0.7579,		12.65,		2-2
1, 9, 1, 		10, 		0.5741,		5.169,		2-2
6, 10, 1, 		10, 		0.6782,		32.11,		2-2
2, 10, 1, 		10, 		0.6067,		8.988,		2-2
5, 3, 1, 		10, 		0.6468,		3.689,		2-2
6, 4, 1, 		10, 		0.7274,		4.374,		2-2
7, 3, 1, 		10, 		0.7483,		8.091,		2-2
10, 3, 1, 		30, 		0.7899,		2.440,		2-1
6, 2, 1, 		10, 		0.9233,		15.55,		2-2
1, 10, 1, 		10, 		0.8624,		9.209,		2-2
2, 7, 1, 		10, 		0.7816,		10.07,		2-2
3, 9, 1, 		10, 		0.9405,		6.591,		2-2
3, 2, 1, 		20, 		0.7528,		2.292,		2-1
4, 3, 1, 		10, 		0.7080,		4.484,		2-2
4, 9, 1, 		10, 		0.6622,		1.908,		2-2
6, 6, 1, 		10, 		0.8248,		5.968,		2-3
10, 9, 1, 		20, 		0.7653,		3.022,		2-2
9, 10, 1, 		20, 		0.6801,		4.282,		2-2
3, 4, 1, 		10, 		0.6912,		10.48,		2-2
6, 3, 1, 		10, 		0.4964,		3.571,		2-2
3, 5, 1, 		10, 		0.6877,		4.442,		2-2
7, 7, 1, 		10, 		0.6122,		8.626,		2-2
4, 6, 1, 		10, 		0.6878,		6.310,		2-2
1, 7, 1, 		10, 		0.7229,		4.416,		2-2
7, 4, 1, 		10, 		0.7290,		6.161,		2-2
9, 9, 1, 		10, 		0.6414,		9.913,		2-2
6, 5, 1, 		40, 		0.6982,		14.40,		3-3
1, 6, 1, 		20, 		0.8301,		3.722,		2-1
4, 2, 1, 		10, 		0.7574,		4.348,		2-2
4, 5, 1, 		10, 		0.7263,		28.70,		2-2
8, 10, 1, 		10, 		0.7047,		7.366,		2-2
2, 1, 1, 		20, 		0.6914,		1.263,		2-1
5, 8, 1, 		10, 		0.9155,		23.03,		2-3
8, 8, 1, 		10, 		0.6810,		2.900,		2-2
10, 8, 1, 		30, 		0.9159,		4.519,		2-2
10, 7, 1, 		30, 		0.7061,		8.896,		2-2
4, 1, 1, 		10, 		0.6130,		13.75,		2-2
9, 8, 1, 		20, 		0.5816,		3.114,		2-2
5, 4, 1, 		40, 		0.8237,		6.809,		3-2
7, 6, 1, 		20, 		0.8233,		5.512,		2-2
8, 9, 1, 		20, 		0.9361,		2.180,		2-2
5, 9, 1, 		10, 		0.9035,		7.257,		2-3
5, 6, 1, 		40, 		0.7793,		17.48,		3-3
6, 9, 1, 		40, 		0.8629,		6.683,		3-2
5, 5, 1, 		40, 		0.6731,		18.06,		3-3
10, 10, 1, 		10, 		0.8836,		5.336,		2-2
8, 7, 1, 		20, 		0.5240,		7.247,		2-2
5, 10, 1, 		20, 		0.7952,		5.106,		2-2
6, 7, 1, 		30, 		0.8627,		13.23,		3-3
7, 9, 1, 		30, 		0.7499,		13.73,		2-2
9, 2, 1, 		50, 		0.6980,		19.82,		3-2
7, 8, 1, 		30, 		0.7934,		12.15,		2-2
7, 10, 1, 		30, 		0.8675,		11.37,		2-2
10, 5, 1, 		40, 		0.7599,		9.184,		2-2
6, 8, 1, 		30, 		0.7231,		3.517,		2-2
8, 5, 1, 		40, 		0.7483,		13.20,		2-2
9, 5, 1, 		40, 		0.8493,		7.679,		2-2
7, 5, 1, 		10, 		1.162,		11.97,		2-3
5, 7, 1, 		10, 		0.8152,		18.75,		3-3
9, 7, 1, 		50, 		0.7392,		20.03,		3-2
8, 6, 1, 		40, 		0.7509,		4.758,		2-2
