16, 15, 1, 		10, 		0.5107,		0.3504,		2-1
1, 1, 1, 		10, 		0.8367,		4.870,		1-1
2, 2, 1, 		10, 		0.7136,		6.921,		1-1
4, 1, 1, 		10, 		0.4888,		1.650,		2-1
4, 10, 1, 		10, 		0.6535,		5.851,		2-2
15, 6, 1, 		10, 		0.6722,		6.045,		2-2
8, 3, 1, 		10, 		0.7077,		1.796,		2-1
14, 16, 1, 		10, 		0.6523,		3.870,		1-1
16, 10, 1, 		10, 		0.7472,		3.069,		2-1
1, 5, 1, 		10, 		0.6475,		7.900,		2-1
8, 16, 1, 		10, 		0.5363,		3.086,		2-1
15, 7, 1, 		10, 		0.6942,		1.979,		2-1
9, 15, 1, 		10, 		0.5441,		3.887,		2-1
4, 12, 1, 		10, 		0.7873,		7.382,		2-2
15, 15, 1, 		10, 		0.6404,		2.651,		1-1
3, 15, 1, 		10, 		0.6719,		4.517,		2-2
4, 16, 1, 		10, 		0.7746,		5.756,		1-1
2, 1, 1, 		10, 		0.8007,		8.899,		1-1
13, 7, 1, 		10, 		0.8133,		5.346,		2-2
4, 11, 1, 		10, 		0.7601,		7.872,		2-2
9, 3, 1, 		10, 		0.7937,		6.510,		1-1
15, 4, 1, 		10, 		0.7833,		3.847,		2-2
16, 2, 1, 		10, 		0.7436,		3.460,		1-1
1, 15, 1, 		10, 		0.8134,		5.549,		1-1
1, 6, 1, 		10, 		0.7459,		1.270,		2-1
8, 1, 1, 		10, 		0.6670,		4.090,		2-1
5, 11, 1, 		10, 		0.5793,		4.538,		2-2
7, 2, 1, 		10, 		0.6834,		2.971,		2-1
14, 1, 1, 		10, 		0.9205,		1.025,		1-1
16, 9, 1, 		10, 		0.8085,		3.057,		2-1
11, 2, 1, 		10, 		0.8262,		3.717,		2-2
14, 6, 1, 		10, 		0.7932,		6.463,		2-2
16, 8, 1, 		10, 		0.6702,		0.5943,		2-1
2, 7, 1, 		10, 		0.6406,		3.077,		2-1
15, 2, 1, 		10, 		0.6897,		1.578,		1-1
16, 1, 1, 		10, 		0.7829,		0.4676,		1-1
15, 10, 1, 		20, 		0.6750,		10.75,		2-2
16, 4, 1, 		10, 		0.9117,		3.670,		1-1
1, 3, 1, 		10, 		0.8977,		4.778,		1-1
2, 16, 1, 		10, 		0.8577,		1.832,		1-1
3, 9, 1, 		20, 		0.8552,		4.261,		2-2
3, 10, 1, 		10, 		0.5127,		5.693,		2-2
1, 14, 1, 		10, 		0.9091,		7.277,		1-1
11, 3, 1, 		10, 		0.6063,		5.317,		2-2
6, 12, 1, 		10, 		0.7438,		5.824,		2-2
1, 4, 1, 		10, 		0.7226,		6.781,		1-1
6, 14, 1, 		10, 		0.7732,		4.606,		2-2
15, 5, 1, 		10, 		0.8777,		4.791,		2-2
2, 15, 1, 		10, 		0.8110,		4.990,		2-1
3, 16, 1, 		10, 		0.7022,		2.091,		1-1
1, 10, 1, 		10, 		0.7595,		13.49,		2-1
16, 12, 1, 		20, 		0.8716,		8.955,		2-2
13, 1, 1, 		10, 		0.6858,		3.235,		2-1
1, 12, 1, 		10, 		0.8342,		2.963,		2-2
11, 11, 1, 		10, 		0.7528,		3.494,		2-3
5, 14, 1, 		10, 		0.8897,		6.146,		2-2
3, 11, 1, 		10, 		0.7944,		5.745,		2-2
6, 15, 1, 		10, 		0.6984,		6.606,		2-2
8, 14, 1, 		10, 		0.6652,		28.41,		2-2
15, 9, 1, 		10, 		0.7689,		10.15,		2-1
6, 16, 1, 		10, 		0.5674,		4.776,		2-2
16, 16, 1, 		10, 		0.7233,		6.802,		1-1
13, 11, 1, 		10, 		0.6171,		6.642,		2-2
6, 1, 1, 		20, 		0.8215,		11.60,		2-1
1, 16, 1, 		10, 		0.7866,		2.170,		1-1
7, 7, 1, 		20, 		0.6719,		5.957,		2-2
7, 15, 1, 		10, 		0.7367,		4.126,		2-2
6, 11, 1, 		20, 		0.6545,		3.752,		2-3
11, 5, 1, 		10, 		0.7134,		10.78,		2-2
2, 10, 1, 		10, 		0.7159,		5.797,		2-2
9, 1, 1, 		10, 		0.6541,		10.70,		2-1
10, 2, 1, 		10, 		0.8316,		2.424,		2-1
16, 3, 1, 		10, 		0.9076,		5.829,		1-1
10, 12, 1, 		20, 		0.8863,		12.41,		2-3
14, 15, 1, 		20, 		0.8166,		7.097,		2-2
2, 12, 1, 		10, 		0.9466,		4.085,		2-2
8, 7, 1, 		20, 		0.7453,		8.240,		2-2
1, 13, 1, 		10, 		0.9312,		4.056,		1-1
12, 10, 1, 		20, 		0.9239,		10.58,		2-3
1, 7, 1, 		10, 		0.8137,		2.110,		2-1
1, 8, 1, 		20, 		0.7979,		10.00,		2-1
16, 13, 1, 		20, 		0.7133,		2.269,		2-1
4, 8, 1, 		20, 		0.8679,		10.93,		2-3
13, 6, 1, 		10, 		0.7168,		4.553,		2-2
1, 11, 1, 		10, 		0.7203,		5.564,		2-2
3, 8, 1, 		20, 		0.9457,		2.982,		2-1
4, 5, 1, 		20, 		0.7274,		4.624,		2-2
10, 14, 1, 		20, 		0.7562,		2.924,		2-2
12, 2, 1, 		10, 		0.8212,		5.628,		2-2
3, 13, 1, 		20, 		0.6591,		6.344,		2-2
15, 8, 1, 		10, 		0.6090,		5.550,		2-1
4, 3, 1, 		20, 		0.8638,		3.879,		2-2
5, 8, 1, 		10, 		0.5879,		11.10,		2-3
3, 2, 1, 		20, 		0.8642,		3.862,		2-2
7, 1, 1, 		20, 		0.7947,		1.443,		2-1
5, 6, 1, 		20, 		0.7926,		3.777,		2-2
4, 13, 1, 		20, 		0.8990,		13.14,		2-2
5, 4, 1, 		20, 		0.6985,		4.631,		2-2
5, 12, 1, 		10, 		0.9258,		4.610,		2-2
10, 13, 1, 		20, 		0.6946,		6.181,		2-2
14, 13, 1, 		20, 		0.7978,		5.996,		2-2
2, 5, 1, 		20, 		0.7790,		20.10,		2-2
10, 7, 1, 		20, 		0.5568,		2.940,		2-2
8, 15, 1, 		10, 		0.8151,		3.745,		2-1
14, 8, 1, 		20, 		0.8587,		3.169,		2-1
16, 14, 1, 		10, 		0.6841,		0.8928,		1-1
9, 7, 1, 		20, 		0.6437,		6.297,		2-2
11, 4, 1, 		10, 		0.5127,		7.080,		2-2
9, 11, 1, 		20, 		0.7741,		5.031,		2-2
5, 1, 1, 		20, 		0.8048,		0.4894,		2-1
7, 14, 1, 		10, 		0.6756,		11.15,		2-2
16, 6, 1, 		20, 		0.9076,		18.67,		2-1
10, 9, 1, 		20, 		0.6230,		4.367,		2-2
2, 4, 1, 		20, 		0.8807,		4.177,		2-2
11, 9, 1, 		20, 		0.7402,		6.351,		2-2
11, 8, 1, 		20, 		0.6990,		8.486,		2-2
11, 10, 1, 		30, 		0.7862,		4.010,		2-2
8, 9, 1, 		20, 		0.6354,		3.105,		2-2
3, 1, 1, 		10, 		0.8517,		6.216,		1-1
14, 4, 1, 		30, 		0.8238,		11.45,		3-2
10, 10, 1, 		20, 		0.8335,		3.815,		2-2
10, 6, 1, 		20, 		0.7151,		4.251,		2-2
10, 8, 1, 		20, 		0.6688,		10.11,		2-2
13, 5, 1, 		10, 		0.8138,		6.937,		2-2
5, 15, 1, 		10, 		0.8033,		3.306,		2-2
1, 9, 1, 		20, 		0.8432,		13.92,		2-1
6, 5, 1, 		20, 		0.8301,		4.845,		2-2
13, 16, 1, 		30, 		0.7643,		5.557,		2-1
4, 6, 1, 		20, 		0.8368,		5.230,		2-2
6, 10, 1, 		30, 		0.8066,		6.008,		2-2
8, 5, 1, 		20, 		0.6645,		9.663,		2-3
15, 13, 1, 		20, 		0.7900,		4.166,		2-2
8, 11, 1, 		20, 		0.5883,		3.262,		2-2
7, 13, 1, 		10, 		0.9235,		11.16,		2-2
12, 15, 1, 		20, 		0.7934,		11.83,		2-2
3, 4, 1, 		20, 		0.8779,		5.385,		2-2
6, 4, 1, 		20, 		0.5551,		6.584,		2-2
15, 16, 1, 		10, 		0.7651,		2.037,		1-1
13, 8, 1, 		20, 		0.8963,		9.339,		2-3
4, 2, 1, 		20, 		0.8060,		5.310,		2-2
3, 5, 1, 		20, 		0.6295,		7.052,		2-2
15, 14, 1, 		20, 		0.7470,		5.073,		2-2
7, 4, 1, 		20, 		0.8368,		22.02,		2-2
12, 12, 1, 		20, 		0.8333,		8.970,		2-2
12, 7, 1, 		20, 		0.8588,		11.69,		2-3
13, 14, 1, 		20, 		0.8786,		5.952,		2-2
10, 4, 1, 		20, 		0.8803,		8.885,		2-2
7, 5, 1, 		20, 		0.7053,		7.805,		2-3
8, 6, 1, 		20, 		0.7059,		7.087,		2-2
2, 9, 1, 		40, 		0.7612,		20.58,		3-1
12, 13, 1, 		20, 		0.7785,		8.751,		2-2
13, 13, 1, 		20, 		0.7613,		3.832,		2-2
14, 5, 1, 		40, 		0.8271,		8.916,		3-2
9, 5, 1, 		20, 		0.8330,		10.51,		2-3
12, 6, 1, 		10, 		1.142,		1.690,		2-2
12, 16, 1, 		20, 		0.8348,		6.222,		2-2
13, 2, 1, 		10, 		0.8194,		6.174,		2-2
13, 3, 1, 		40, 		0.8845,		7.109,		3-2
9, 2, 1, 		30, 		0.6722,		22.02,		3-1
9, 9, 1, 		30, 		0.9056,		8.121,		2-2
13, 15, 1, 		20, 		0.7375,		9.166,		2-2
9, 6, 1, 		20, 		0.7254,		4.041,		2-2
4, 7, 1, 		20, 		0.8081,		19.43,		2-2
6, 2, 1, 		20, 		0.8968,		2.717,		2-2
14, 7, 1, 		10, 		0.6483,		6.993,		2-2
6, 8, 1, 		20, 		0.7152,		3.760,		2-2
4, 9, 1, 		50, 		0.8025,		29.22,		3-3
7, 8, 1, 		20, 		0.7344,		3.508,		2-2
6, 9, 1, 		20, 		0.8190,		10.59,		2-2
4, 4, 1, 		20, 		0.6986,		10.66,		2-2
11, 12, 1, 		20, 		0.9225,		5.275,		2-2
12, 11, 1, 		20, 		0.6384,		10.59,		2-2
2, 13, 1, 		20, 		0.8010,		7.007,		2-2
14, 9, 1, 		20, 		0.8193,		5.867,		2-2
9, 8, 1, 		20, 		0.8125,		10.12,		2-2
11, 15, 1, 		10, 		0.8087,		4.703,		2-2
10, 11, 1, 		20, 		0.9092,		6.112,		2-2
15, 3, 1, 		20, 		0.8373,		2.646,		2-2
2, 11, 1, 		40, 		0.9391,		21.94,		3-2
7, 12, 1, 		20, 		0.6675,		12.39,		2-3
11, 7, 1, 		5, 2, 1, 		20, 		0.8616,		6.890,		2-2
20, 		0.8633,		7.460,		2-2
9, 12, 1, 		20, 		0.8905,		13.73,		2-3
11, 14, 1, 		20, 		0.7745,		9.611,		2-2
5, 3, 1, 		20, 		0.9233,		8.895,		2-2
11, 1, 1, 		20, 		0.7364,		14.74,		2-1
16, 7, 1, 		40, 		0.6817,		8.248,		3-1
15, 1, 1, 		50, 		0.7209,		13.19,		3-1
8, 2, 1, 		20, 		0.6832,		13.95,		3-1
9, 14, 1, 		20, 		0.9110,		10.49,		2-2
5, 5, 1, 		20, 		0.9214,		5.956,		2-2
10, 3, 1, 		10, 		0.8991,		10.25,		2-2
2, 1, 2, 		10, 		0.4021,		2.883,		2-1
3, 12, 1, 		10, 		2.601,		11.08,		1-2
15, 11, 1, 		20, 		0.9058,		16.14,		2-2
7, 9, 1, 		20, 		0.9218,		9.703,		2-2
1, 12, 2, 		10, 		0.7526,		2.668,		2-2
3, 7, 1, 		20, 		0.9433,		11.57,		2-2
14, 11, 1, 		20, 		0.8933,		17.88,		2-2
12, 3, 1, 		40, 		0.7238,		10.36,		3-2
1, 2, 1, 		30, 		0.5996,		3.344,		2-1
14, 3, 1, 		40, 		0.7361,		6.124,		3-2
15, 12, 1, 		20, 		0.8477,		2.431,		2-2
1, 3, 2, 		10, 		0.6518,		1.028,		1-1
2, 2, 2, 		10, 		0.6541,		0.8633,		1-1
12, 5, 1, 		40, 		0.7551,		14.53,		3-2
7, 3, 1, 		20, 		0.7516,		3.952,		2-2
5, 13, 1, 		20, 		0.9148,		5.102,		2-2
11, 16, 1, 		2, 8, 1, 		10, 		1.015,		2.466,		2-1
20, 		0.7277,		7.708,		2-2
7, 16, 1, 		20, 		0.7967,		8.224,		3-1
6, 13, 1, 		30, 		0.6461,		16.80,		3-2
3, 3, 1, 		40, 		0.8126,		14.63,		3-2
6, 6, 1, 		40, 		0.7853,		20.85,		3-3
2, 14, 1, 		40, 		0.7739,		10.09,		3-2
6, 7, 1, 		20, 		0.7233,		7.321,		2-2
8, 8, 1, 		30, 		0.6832,		1.870,		2-2
10, 16, 1, 		40, 		0.7175,		10.08,		3-1
1, 10, 2, 		10, 		0.8983,		2.981,		1-1
14, 2, 1, 		40, 		0.6353,		15.34,		3-2
1, 4, 2, 		10, 		0.7978,		7.643,		1-1
10, 1, 1, 		30, 		0.7861,		18.08,		3-1
11, 13, 1, 		50, 		0.9242,		7.755,		3-2
8, 13, 1, 		20, 		0.8615,		14.26,		2-3
3, 16, 2, 		10, 		0.7649,		0.9700,		1-1
11, 6, 1, 		40, 		0.7691,		20.87,		3-3
1, 2, 2, 		2, 9, 2, 10, 		0.6381,		2.951,		1-1
		10, 		0.7490,		5.918,		2-1
1, 13, 2, 		10, 		0.8586,		3.394,		1-1
7, 1, 2, 		10, 		0.7571,		4.271,		2-1
3, 12, 2, 		10, 		0.7877,		4.014,		2-2
1, 8, 2, 		10, 		0.5719,		2.792,		2-1
14, 7, 2, 		10, 		0.9231,		1.589,		2-2
16, 13, 2, 		10, 		0.7094,		3.911,		1-1
12, 14, 1, 		40, 		0.9119,		2.856,		3-2
8, 12, 1, 		40, 		0.5570,		24.76,		3-3
15, 1, 2, 		10, 		0.5942,		5.218,		1-1
8, 15, 2, 		10, 		0.6537,		0.5815,		2-1
6, 13, 2, 		10, 		0.5658,		2.977,		2-2
2, 6, 1, 		20, 		0.8300,		13.86,		2-2
3, 14, 2, 		10, 		0.5671,		3.795,		2-2
10, 5, 1, 		20, 		0.8899,		6.569,		2-3
10, 15, 1, 		20, 		0.8583,		5.575,		2-2
1, 15, 2, 		10, 		0.8393,		1.813,		1-1
1, 1, 2, 		10, 		0.8973,		4.966,		1-1
3, 1, 2, 		10, 		0.8843,		1.877,		1-1
9, 4, 1, 		20, 		0.8166,		10.81,		2-3
5, 10, 1, 		20, 		0.8719,		8.341,		2-3
2, 8, 2, 		10, 		0.7924,		3.255,		2-1
9, 16, 1, 		30, 		0.8340,		11.54,		3-1
5, 10, 2, 		20, 		0.7166,		5.385,		2-3
4, 16, 2, 		10, 		0.6161,		1.550,		1-1
8, 16, 2, 		10, 		0.7349,		4.799,		2-1
1, 9, 2, 		10, 		0.5927,		17.48,		2-1
16, 10, 2, 		10, 		0.7362,		3.982,		2-1
9, 2, 2, 		10, 		0.7708,		9.786,		2-1
2, 12, 2, 		4, 14, 1, 		30, 		0.9274,		14.75,		3-2
10, 		0.6294,		3.856,		2-2
9, 1, 2, 		10, 		0.7238,		5.140,		2-1
15, 6, 2, 		10, 		0.8104,		7.729,		2-2
1, 7, 2, 		10, 		0.6657,		5.249,		2-1
8, 14, 2, 		10, 		0.7229,		5.793,		2-2
5, 11, 2, 		10, 		0.6731,		6.675,		2-2
11, 2, 2, 		10, 		0.7045,		3.056,		2-2
15, 9, 2, 		10, 		0.9399,		13.43,		2-1
2, 15, 2, 		10, 		0.8496,		9.602,		1-1
9, 13, 1, 		40, 		0.7886,		32.58,		3-3
7, 10, 1, 		30, 		0.8922,		14.79,		2-2
15, 8, 2, 		10, 		0.7052,		5.258,		2-1
16, 9, 2, 		10, 		0.7139,		12.58,		2-1
14, 8, 2, 		10, 		0.6180,		7.456,		2-2
13, 10, 1, 		10, 		0.6321,		14.89,		2-2
12, 8, 1, 		20, 		0.9063,		14.91,		2-3
7, 16, 2, 		10, 		0.9113,		4.176,		2-1
15, 15, 2, 		7, 11, 1, 		20, 		0.8018,		10.47,		2-2
10, 		0.4645,		4.284,		1-1
14, 10, 2, 		10, 		0.7648,		14.95,		2-2
6, 16, 2, 		20, 		0.8592,		5.077,		2-2
12, 5, 2, 		10, 		0.8605,		8.513,		2-2
2, 16, 2, 		10, 		0.9367,		5.306,		1-1
13, 6, 2, 		10, 		0.7271,		8.590,		2-2
5, 14, 2, 		10, 		0.5289,		4.064,		2-2
1, 14, 2, 		10, 		0.9425,		1.979,		1-1
8, 10, 1, 		30, 		0.5751,		4.292,		2-2
13, 16, 2, 		10, 		0.8378,		5.195,		1-1
14, 10, 1, 		50, 		0.7274,		3.179,		3-2
9, 3, 2, 		10, 		0.5792,		12.27,		2-2
5, 7, 1, 		40, 		0.7160,		26.57,		3-3
16, 5, 2, 		10, 		0.7333,		6.354,		2-2
11, 11, 2, 		10, 		0.7840,		9.356,		2-3
4, 5, 2, 		20, 		0.7560,		6.044,		2-2
16, 11, 1, 		40, 		0.7659,		5.152,		3-2
7, 6, 2, 		20, 		0.6826,		2.912,		2-2
12, 1, 1, 		40, 		0.6718,		25.57,		3-1
10, 1, 2, 		10, 		0.6945,		1.327,		2-1
4, 2, 2, 		20, 		0.7266,		8.714,		2-2
2, 11, 2, 		10, 		0.6255,		6.582,		2-2
15, 11, 2, 		10, 		0.5200,		4.015,		2-2
4, 3, 2, 		20, 		0.7911,		5.352,		2-2
2, 4, 2, 		20, 		0.6704,		3.712,		2-2
1, 16, 2, 		16, 1, 2, 		10, 		0.7354,		1.324,		2-1
20, 		0.9238,		1.741,		2-1
6, 3, 1, 		40, 		0.7031,		7.660,		3-2
8, 1, 2, 		10, 		0.7495,		17.72,		2-1
16, 5, 1, 		40, 		0.6637,		20.30,		3-1
11, 8, 2, 		20, 		0.9367,		2.752,		2-2
14, 12, 1, 		50, 		0.7110,		12.44,		3-2
8, 11, 2, 		20, 		0.7752,		6.716,		2-2
15, 5, 2, 		10, 		0.6733,		8.624,		2-2
7, 15, 2, 		10, 		0.6596,		5.906,		2-2
9, 8, 2, 		20, 		0.5062,		2.801,		2-2
4, 7, 2, 		10, 		0.5564,		8.909,		2-2
16, 7, 2, 		20, 		0.8706,		1.738,		2-1
11, 7, 2, 		20, 		0.6615,		5.804,		2-2
13, 7, 2, 		10, 		0.7295,		11.10,		2-2
13, 4, 1, 		50, 		0.8958,		13.71,		3-2
14, 15, 2, 		20, 		0.8718,		5.879,		2-2
15, 16, 2, 		10, 		0.9025,		3.031,		1-1
5, 13, 2, 		4, 14, 2, 		20, 		0.9368,		10.13,		2-2
10, 		0.6835,		10.23,		2-2
12, 8, 2, 		20, 		0.6542,		12.35,		2-3
6, 4, 2, 		20, 		0.7066,		2.728,		2-2
13, 11, 2, 		20, 		0.9055,		7.033,		2-2
14, 1, 2, 		20, 		0.8459,		1.571,		2-1
13, 3, 2, 		20, 		0.8358,		5.883,		2-2
13, 12, 1, 		20, 		0.8099,		5.526,		2-2
13, 13, 2, 		20, 		0.6910,		9.872,		2-2
2, 3, 2, 		20, 		0.7483,		11.13,		2-2
11, 14, 2, 		20, 		0.8187,		6.103,		2-2
10, 11, 2, 		20, 		0.7588,		4.671,		2-2
4, 10, 2, 		30, 		0.6874,		7.486,		3-2
10, 8, 2, 		20, 		0.5879,		5.714,		2-2
2, 3, 1, 		40, 		0.7655,		7.603,		3-2
7, 13, 2, 		10, 		0.9424,		14.23,		2-2
7, 14, 2, 		10, 		0.7140,		4.565,		2-2
2, 7, 2, 		20, 		0.7225,		6.995,		2-2
1, 6, 2, 		20, 		0.9488,		5.444,		2-2
3, 14, 1, 		40, 		0.6836,		4.589,		3-2
9, 10, 1, 		30, 		0.8379,		6.134,		2-2
6, 8, 2, 		20, 		0.5436,		6.522,		2-2
13, 14, 2, 		20, 		0.7691,		7.719,		2-2
7, 10, 2, 		20, 		0.6698,		5.383,		2-2
13, 12, 2, 		20, 		0.8186,		5.285,		2-2
10, 12, 2, 		20, 		0.9225,		8.888,		2-3
12, 1, 2, 		10, 		0.7668,		10.29,		2-2
2, 6, 2, 		20, 		0.7440,		5.764,		2-2
13, 5, 2, 		20, 		0.7631,		11.92,		2-2
13, 1, 2, 		20, 		0.7280,		9.476,		2-1
10, 9, 2, 		20, 		0.5035,		3.634,		2-2
13, 2, 2, 		10, 		0.9305,		4.861,		2-2
3, 13, 2, 		10, 		0.7550,		5.123,		2-2
3, 6, 2, 		20, 		0.6724,		2.865,		2-2
7, 2, 2, 		20, 		0.7876,		8.985,		2-2
3, 6, 1, 		50, 		0.8792,		7.271,		3-2
11, 3, 2, 		10, 		0.5909,		6.871,		2-2
5, 5, 2, 		20, 		0.7044,		7.481,		2-2
10, 7, 2, 		20, 		0.6976,		10.97,		2-2
15, 12, 2, 		10, 		0.6976,		4.936,		2-2
14, 2, 2, 		20, 		0.8000,		5.590,		2-2
8, 6, 2, 		20, 		0.7103,		8.138,		2-2
1, 5, 2, 		20, 		0.9316,		12.28,		2-2
4, 4, 2, 		20, 		0.8231,		4.704,		2-2
14, 5, 2, 		10, 		0.7930,		12.01,		2-2
10, 13, 2, 		20, 		0.6206,		4.580,		2-2
6, 1, 2, 		20, 		0.9391,		6.585,		2-2
16, 12, 2, 		10, 		0.6028,		5.900,		2-2
11, 6, 2, 		20, 		0.9271,		4.818,		2-3
12, 6, 2, 		20, 		0.8638,		7.601,		2-2
9, 15, 2, 		20, 		0.8970,		11.25,		2-1
14, 9, 2, 		20, 		0.7628,		18.44,		2-2
9, 11, 2, 		20, 		0.5154,		6.909,		2-2
4, 12, 2, 		20, 		0.9416,		5.677,		2-2
3, 2, 2, 		20, 		0.8051,		5.861,		2-2
9, 10, 2, 		20, 		0.8043,		12.26,		2-2
6, 15, 2, 		10, 		0.6948,		12.28,		2-2
7, 9, 2, 		20, 		0.6525,		7.173,		2-2
8, 2, 2, 		30, 		0.9139,		10.27,		2-1
8, 9, 2, 		20, 		0.6289,		6.811,		2-2
10, 15, 2, 		20, 		0.8018,		7.800,		2-2
5, 3, 2, 		20, 		0.6544,		11.12,		2-2
12, 14, 2, 		20, 		0.7028,		3.963,		2-2
12, 2, 2, 		20, 		0.8919,		9.813,		2-2
11, 12, 2, 		20, 		0.7815,		1.248,		2-2
16, 8, 2, 		30, 		0.7718,		14.47,		3-1
13, 4, 2, 		5, 6, 2, 		20, 		0.4760,		2.774,		2-2
12, 7, 2, 		20, 		0.7339,		7.818,		2-3
20, 		0.6969,		9.333,		2-2
12, 15, 2, 		20, 		0.7991,		8.638,		2-2
5, 9, 1, 		40, 		0.7115,		15.66,		3-3
2, 5, 2, 		3, 7, 2, 		20, 		0.6428,		4.740,		2-2
20, 		0.8653,		10.68,		2-2
14, 11, 2, 		20, 		0.8034,		3.719,		2-2
13, 15, 2, 		6, 5, 2, 20, 		0.8392,		7.744,		2-2
		20, 		0.8399,		4.955,		2-2
12, 10, 2, 		10, 		0.5684,		7.899,		2-3
12, 11, 2, 		20, 		0.8336,		10.85,		2-2
7, 7, 2, 		20, 		0.7034,		5.660,		2-2
8, 10, 2, 		20, 		0.7450,		3.927,		2-2
10, 14, 2, 		20, 		0.6273,		4.667,		2-2
12, 9, 1, 		50, 		0.7660,		18.07,		3-3
11, 1, 2, 		10, 		0.5585,		10.22,		2-2
9, 16, 2, 		30, 		0.6948,		15.91,		3-1
9, 5, 2, 		20, 		0.8789,		16.08,		2-3
4, 15, 1, 		10, 		2.704,		30.19,		1-2
4, 15, 2, 		40, 		0.8160,		9.769,		3-2
8, 4, 1, 		50, 		0.7079,		19.64,		3-3
5, 4, 2, 		20, 		0.7597,		7.401,		2-2
7, 8, 2, 		20, 		0.6346,		6.472,		2-2
3, 4, 2, 		20, 		0.8057,		4.171,		2-2
11, 16, 2, 		20, 		0.6049,		9.396,		2-2
7, 11, 2, 		20, 		0.6793,		5.227,		2-2
10, 6, 2, 		20, 		0.6124,		8.171,		2-2
3, 9, 2, 		10, 		1.054,		25.38,		2-2
2, 13, 2, 		1, 1, 3, 		40, 		0.7954,		8.076,		3-2
10, 		0.6551,		0.8793,		1-1
11, 10, 2, 		20, 		0.6257,		6.910,		2-2
5, 7, 2, 		10, 		0.6936,		9.735,		2-3
4, 6, 2, 		20, 		0.7944,		6.292,		2-2
3, 8, 2, 		10, 		0.6919,		7.548,		2-2
6, 9, 2, 		20, 		0.7113,		4.129,		2-2
7, 5, 2, 		40, 		0.7180,		12.76,		3-3
14, 4, 2, 		20, 		0.9160,		5.063,		2-2
11, 5, 2, 		20, 		0.9476,		10.86,		2-2
6, 10, 2, 		20, 		0.8384,		6.150,		2-2
13, 8, 2, 		20, 		0.7921,		9.312,		2-3
12, 4, 1, 		40, 		0.7688,		7.330,		3-2
7, 6, 1, 		50, 		0.7016,		15.42,		3-2
2, 1, 3, 		10, 		0.5106,		0.3348,		2-1
4, 11, 2, 		20, 		0.7925,		5.852,		2-2
8, 8, 2, 		20, 		0.6480,		6.002,		2-2
10, 16, 2, 		30, 		0.8432,		15.94,		2-1
5, 8, 2, 		20, 		0.9202,		12.76,		2-3
12, 13, 2, 		20, 		0.7016,		3.814,		2-2
3, 3, 2, 		30, 		0.9047,		7.190,		2-2
2, 2, 3, 		10, 		0.6564,		1.444,		1-1
12, 9, 2, 		40, 		0.6821,		14.28,		3-3
11, 15, 2, 		50, 		0.6792,		12.75,		3-2
5, 15, 2, 		30, 		0.7273,		10.80,		3-2
1, 10, 3, 		10, 		0.7670,		8.202,		2-1
1, 11, 2, 		40, 		0.7874,		13.04,		3-2
16, 15, 3, 		10, 		0.7509,		4.119,		1-1
2, 8, 3, 		10, 		0.6910,		17.15,		2-1
5, 16, 1, 		30, 		0.7905,		22.16,		3-2
2, 14, 2, 		10, 		3.299,		4.371,		1-2
14, 13, 2, 		20, 		0.7732,		7.270,		2-2
4, 13, 2, 		10, 		3.092,		3.151,		1-2
8, 3, 2, 		40, 		0.8207,		20.02,		3-2
10, 16, 3, 		10, 		0.6499,		9.368,		2-1
7, 1, 3, 		10, 		0.6506,		4.602,		2-1
5, 1, 2, 		20, 		0.9198,		2.833,		2-2
16, 13, 3, 		10, 		0.7132,		7.124,		1-1
5, 9, 2, 		50, 		0.6378,		37.07,		3-3
2, 9, 3, 		10, 		0.9103,		2.497,		1-1
13, 9, 2, 		50, 		0.7695,		9.919,		3-3
1, 12, 3, 		10, 		0.6954,		2.696,		2-2
9, 6, 2, 		30, 		0.6239,		3.430,		2-2
5, 2, 2, 		20, 		0.7025,		5.819,		2-2
1, 7, 3, 		10, 		0.6130,		3.739,		2-1
9, 15, 3, 		10, 		0.7800,		0.9316,		2-1
2, 10, 2, 		10, 		0.9949,		9.737,		2-2
4, 13, 3, 		10, 		0.5858,		8.355,		2-2
8, 2, 3, 		10, 		0.6903,		1.875,		2-1
1, 3, 3, 		10, 		0.7640,		6.654,		1-1
1, 15, 3, 		10, 		0.8148,		1.838,		1-1
4, 1, 2, 		30, 		0.7751,		3.849,		2-1
1, 8, 3, 		10, 		0.6334,		14.95,		2-1
10, 10, 2, 		30, 		0.6976,		5.204,		2-2
11, 13, 2, 		20, 		0.8601,		6.191,		2-2
1, 9, 3, 		20, 		0.8874,		2.321,		2-1
15, 10, 2, 		40, 		0.7385,		4.391,		3-2
8, 7, 2, 		10, 		2.417,		2.267,		1-2
8, 15, 3, 		10, 		0.7831,		4.803,		2-1
4, 10, 3, 		10, 		0.7917,		10.28,		2-2
12, 4, 2, 		20, 		0.7944,		8.673,		2-2
3, 1, 3, 		10, 		0.6413,		3.412,		1-1
3, 10, 2, 		10, 		1.053,		8.148,		2-2
4, 8, 2, 		50, 		0.6743,		9.500,		3-3
1, 16, 3, 		10, 		0.8712,		4.202,		1-1
9, 7, 2, 		30, 		0.9023,		32.14,		2-2
14, 10, 3, 		10, 		0.5842,		14.38,		2-2
1, 14, 3, 		10, 		0.9449,		1.986,		1-1
11, 3, 3, 		10, 		0.8757,		6.262,		2-2
5, 12, 2, 		10, 		0.9129,		20.92,		2-2
2, 16, 3, 		10, 		0.8936,		6.273,		1-1
5, 15, 3, 		10, 		0.5720,		5.229,		2-2
2, 15, 3, 		10, 		0.8638,		1.076,		1-1
9, 4, 2, 		9, 16, 3, 		10, 		0.8884,		8.403,		2-1
40, 		0.8470,		18.45,		3-3
7, 3, 2, 		20, 		0.7407,		13.11,		2-2
13, 3, 3, 		10, 		0.7698,		4.626,		2-2
12, 3, 2, 		10, 		2.920,		6.600,		1-2
11, 9, 2, 		30, 		0.8625,		13.58,		2-2
7, 4, 2, 		20, 		0.5944,		11.33,		2-2
14, 14, 1, 		50, 		0.8201,		14.45,		3-2
6, 13, 3, 		20, 		0.8793,		7.540,		2-2
4, 9, 2, 		40, 		0.8018,		22.95,		3-3
4, 1, 3, 		10, 		0.7926,		2.343,		1-1
16, 7, 3, 		10, 		0.7911,		5.894,		2-1
13, 14, 3, 		20, 		0.7969,		6.183,		2-2
2, 11, 3, 		3, 16, 3, 		10, 		0.9207,		3.738,		1-1
10, 		0.8847,		6.630,		2-2
3, 13, 3, 		10, 		0.6480,		5.498,		2-2
14, 3, 3, 		10, 		0.5708,		6.960,		2-2
3, 10, 3, 		10, 		0.6803,		6.853,		2-2
13, 1, 3, 		10, 		0.8155,		5.006,		1-1
16, 14, 3, 		10, 		0.6235,		5.181,		1-1
13, 9, 1, 		10, 		1.116,		7.445,		2-3
3, 14, 3, 		10, 		0.7477,		7.872,		2-2
8, 16, 3, 		10, 		0.7831,		9.526,		2-1
1, 11, 3, 		10, 		0.9416,		1.142,		2-2
3, 5, 2, 		20, 		0.8120,		9.010,		2-2
1, 2, 3, 		10, 		0.8145,		2.431,		1-1
5, 12, 3, 		20, 		0.9151,		14.69,		2-2
9, 6, 3, 		20, 		0.6198,		5.100,		2-2
9, 11, 3, 		20, 		0.6221,		9.187,		2-2
2, 13, 3, 		10, 		0.7504,		6.715,		2-2
3, 12, 3, 		10, 		0.7673,		4.728,		2-2
13, 5, 3, 		10, 		0.8046,		4.097,		2-2
16, 3, 3, 		10, 		0.5649,		2.902,		2-1
4, 2, 3, 		20, 		0.5221,		2.508,		2-2
16, 1, 3, 		10, 		0.6814,		1.995,		2-1
3, 9, 3, 		10, 		0.8560,		10.52,		2-2
7, 14, 3, 		10, 		0.7543,		6.679,		2-2
6, 3, 2, 		40, 		0.7215,		16.41,		3-2
10, 3, 2, 		10, 		1.123,		18.70,		2-2
5, 6, 3, 		10, 		0.6680,		7.613,		2-2
3, 15, 2, 		40, 		0.5913,		15.90,		3-2
15, 6, 3, 		10, 		0.7772,		13.76,		2-2
3, 11, 2, 		40, 		0.8241,		20.51,		3-2
11, 1, 3, 		10, 		0.8090,		9.708,		2-2
13, 7, 3, 		10, 		0.7113,		2.763,		2-2
5, 16, 3, 		10, 		0.6541,		4.317,		2-2
15, 7, 3, 		10, 		0.6798,		3.557,		2-2
4, 4, 3, 		20, 		0.7914,		6.003,		2-2
7, 13, 3, 		10, 		0.6568,		3.648,		2-2
4, 12, 3, 		20, 		0.8178,		7.185,		2-2
7, 15, 3, 		20, 		0.8888,		9.983,		2-2
16, 10, 3, 		10, 		0.7085,		18.70,		2-1
13, 10, 2, 		20, 		0.6811,		9.292,		2-2
10, 5, 2, 		40, 		0.8331,		13.05,		3-3
14, 12, 3, 		20, 		0.8455,		4.642,		2-2
9, 14, 2, 		20, 		0.7912,		13.63,		2-2
6, 12, 2, 		10, 		0.9158,		7.638,		2-2
2, 3, 3, 		20, 		0.9462,		6.532,		2-2
4, 6, 3, 		20, 		0.6592,		6.234,		2-2
1, 6, 3, 		20, 		0.8460,		4.030,		2-2
4, 3, 3, 		20, 		0.8120,		8.023,		2-2
3, 5, 3, 		20, 		0.8721,		8.046,		2-2
15, 5, 3, 		20, 		0.9144,		6.987,		2-2
5, 5, 3, 		12, 15, 3, 		20, 		0.7128,		12.53,		2-2
20, 		0.7552,		7.933,		2-29, 7, 3, 		
20, 		0.7524,		9.137,		2-2
9, 12, 3, 		20, 		0.8160,		6.631,		2-3
4, 16, 3, 		20, 		0.7624,		13.66,		2-1
5, 9, 3, 		40, 		0.7580,		16.78,		3-3
7, 9, 3, 		20, 		0.6298,		7.021,		2-2
9, 3, 3, 		10, 		0.7798,		6.607,		2-2
14, 14, 3, 		9, 2, 3, 20, 		0.7412,		4.387,		2-2
		30, 		0.7981,		14.37,		3-1
8, 10, 3, 		20, 		0.8339,		4.896,		2-2
2, 10, 3, 		20, 		0.7062,		9.348,		2-2
11, 11, 3, 		20, 		0.8158,		6.574,		2-3
2, 4, 3, 		20, 		0.7231,		6.352,		2-2
11, 8, 3, 		20, 		0.5445,		5.330,		2-2
10, 5, 3, 		20, 		0.8213,		5.385,		2-3
13, 15, 3, 		20, 		0.7848,		3.558,		2-2
3, 7, 3, 		20, 		0.6481,		8.922,		2-2
6, 11, 2, 		50, 		0.7477,		14.90,		3-3
11, 5, 3, 		10, 		0.7035,		3.459,		2-2
5, 14, 3, 		20, 		0.9022,		9.261,		2-2
6, 14, 3, 		20, 		0.9086,		7.198,		2-2
10, 13, 3, 		20, 		0.6777,		8.674,		2-2
8, 4, 2, 		40, 		0.8499,		35.55,		3-3
9, 10, 3, 		20, 		0.7721,		7.293,		2-2
8, 13, 2, 		50, 		0.7996,		12.47,		3-3
6, 4, 3, 		20, 		0.8453,		6.931,		2-2
4, 14, 3, 		10, 		0.7011,		5.798,		2-2
6, 14, 2, 		40, 		0.7570,		4.874,		3-2
7, 3, 3, 		20, 		0.8914,		6.020,		2-2
8, 3, 3, 		20, 		0.7524,		8.349,		2-2
2, 14, 3, 		20, 		0.7704,		6.232,		2-2
12, 14, 3, 		20, 		0.5566,		7.292,		2-2
8, 14, 3, 		10, 		0.4066,		42.78,		2-2
1, 13, 3, 		40, 		0.7318,		4.432,		3-1
11, 14, 3, 		20, 		0.8290,		4.329,		2-2
6, 7, 3, 		20, 		0.6500,		2.342,		2-2
7, 10, 3, 		20, 		0.7389,		7.460,		2-2
5, 2, 3, 		20, 		0.5829,		3.134,		2-2
3, 2, 3, 		20, 		0.8055,		6.348,		2-2
10, 2, 2, 		10, 		2.081,		18.28,		1-2
8, 12, 2, 		40, 		0.6840,		10.05,		3-3
9, 9, 2, 		30, 		0.6843,		9.350,		2-2
7, 6, 3, 		20, 		0.7783,		7.781,		2-2
4, 11, 3, 		10, 		0.9387,		4.337,		2-2
6, 6, 2, 		50, 		0.8020,		17.93,		3-3
5, 16, 2, 		50, 		0.8429,		9.336,		3-2
6, 7, 2, 		50, 		0.7584,		11.20,		3-2
5, 4, 3, 		20, 		0.7921,		7.501,		2-2
8, 1, 3, 		20, 		0.8861,		7.273,		2-1
8, 4, 3, 		20, 		0.8784,		10.35,		2-3
7, 5, 3, 		20, 		0.9287,		3.015,		2-3
10, 14, 3, 		20, 		0.9278,		9.715,		2-2
12, 4, 3, 		40, 		0.8525,		10.29,		3-2
2, 7, 3, 		20, 		0.7957,		2.586,		2-2
5, 1, 3, 		20, 		0.6785,		3.884,		2-2
5, 3, 3, 		10, 		0.8585,		8.422,		2-2
3, 6, 3, 		20, 		0.8110,		12.20,		2-2
15, 13, 3, 		20, 		0.9241,		2.485,		2-2
6, 9, 3, 		30, 		0.5557,		6.696,		2-2
3, 3, 3, 		20, 		0.7939,		10.40,		2-2
15, 13, 2, 		20, 		0.7868,		2.638,		2-2
6, 2, 3, 		20, 		0.8693,		10.21,		2-2
9, 8, 3, 		20, 		0.5538,		6.240,		2-2
10, 10, 3, 		20, 		0.7680,		11.27,		2-2
6, 2, 2, 		20, 		0.7281,		5.121,		2-2
1, 5, 3, 		20, 		0.5201,		4.637,		2-2
5, 11, 3, 		10, 		0.6312,		4.981,		2-2
4, 9, 3, 		20, 		0.8575,		14.74,		2-3
4, 5, 3, 		10, 		0.5187,		5.687,		2-2
3, 11, 3, 		10, 		1.106,		2.912,		2-2
10, 11, 3, 		20, 		0.4743,		4.461,		2-2
8, 8, 3, 		20, 		0.6782,		7.607,		2-2
8, 5, 2, 		50, 		0.7821,		10.00,		3-3
15, 14, 2, 		40, 		0.8806,		4.011,		2-2
3, 15, 3, 		40, 		0.8614,		7.145,		3-2
8, 12, 3, 		20, 		0.6920,		7.867,		2-3
1, 3, 4, 		10, 		0.5822,		3.670,		2-1
8, 6, 3, 		30, 		0.6141,		4.861,		2-2
8, 9, 3, 		20, 		0.7685,		2.595,		2-2
7, 2, 3, 		20, 		0.8311,		4.652,		2-2
2, 1, 4, 		10, 		0.6290,		1.143,		1-1
2, 8, 4, 		10, 		0.6087,		2.536,		2-1
7, 4, 3, 		20, 		0.8704,		10.87,		2-2
11, 15, 3, 		20, 		0.9430,		4.140,		2-2
10, 1, 4, 		10, 		0.8607,		1.114,		2-1
9, 9, 3, 		20, 		0.7771,		9.806,		2-2
6, 11, 3, 		20, 		0.7576,		2.193,		2-3
9, 1, 4, 		10, 		0.7293,		4.066,		2-1
8, 7, 3, 		10, 		2.340,		20.36,		1-2
5, 13, 3, 		20, 		0.8035,		8.949,		2-2
5, 7, 3, 		50, 		0.9249,		20.80,		3-3
14, 6, 4, 		10, 		0.5762,		7.275,		2-2
9, 5, 3, 		4, 15, 3, 		9, 14, 3, 		40, 		0.8377,		14.69,		3-2
20, 		0.8055,		8.876,		2-3
20, 		0.7115,		6.380,		2-2
9, 13, 3, 		10, 		0.6693,		6.666,		2-3
3, 4, 3, 		20, 		0.8175,		2.939,		2-2
7, 8, 3, 		30, 		0.7424,		1.924,		2-2
10, 6, 3, 		10, 		0.6117,		9.377,		2-2
1, 4, 3, 		40, 		0.7076,		5.876,		2-1
6, 10, 3, 		30, 		0.7584,		7.405,		2-2
11, 9, 3, 		30, 		0.7150,		6.007,		2-2
6, 6, 3, 		50, 		0.7496,		27.83,		3-3
1, 2, 4, 		10, 		0.7643,		4.219,		1-1
12, 10, 3, 		50, 		0.7178,		29.03,		3-3
3, 15, 4, 		10, 		0.8407,		7.493,		2-2
8, 2, 4, 		10, 		0.7301,		1.367,		2-1
3, 11, 4, 		10, 		0.7570,		1.965,		2-2
9, 15, 4, 		10, 		0.6074,		9.796,		2-1
7, 7, 3, 		30, 		0.6133,		7.526,		2-2
3, 8, 3, 		20, 		0.9365,		6.655,		2-2
2, 6, 3, 		50, 		0.6451,		10.26,		3-2
5, 10, 3, 		50, 		0.8805,		21.93,		3-3
4, 1, 4, 		10, 		0.7142,		2.647,		1-1
1, 4, 4, 		10, 		0.7677,		8.964,		1-1
11, 2, 3, 		40, 		0.7188,		8.961,		3-2
1, 13, 4, 		10, 		0.8433,		0.7249,		1-1
13, 16, 4, 		10, 		0.6994,		7.268,		1-1
11, 7, 3, 		30, 		0.7346,		5.328,		2-2
9, 4, 3, 		20, 		0.9222,		15.21,		2-3
2, 15, 4, 		10, 		0.7346,		2.560,		1-1
7, 16, 3, 		30, 		0.7028,		9.886,		3-1
2, 2, 4, 		10, 		0.7513,		2.688,		1-1
8, 1, 4, 		10, 		0.7334,		11.35,		2-1
7, 12, 3, 		20, 		0.8179,		6.942,		2-3
13, 8, 3, 		40, 		0.7288,		20.60,		3-3
16, 13, 4, 		15, 15, 4, 		10, 		0.6692,		3.378,		1-1
10, 		0.8614,		7.074,		1-1
13, 9, 4, 		10, 		0.6674,		11.48,		2-3
10, 9, 3, 		20, 		0.6665,		2.861,		2-2
6, 5, 3, 		10, 		0.6698,		8.139,		2-2
9, 2, 4, 		10, 		0.6664,		4.825,		2-1
16, 6, 4, 		10, 		0.5651,		4.546,		2-2
3, 12, 4, 		10, 		0.8084,		9.230,		2-2
6, 1, 3, 		40, 		0.7761,		17.54,		3-2
6, 16, 3, 		40, 		0.7534,		11.12,		3-2
1, 16, 4, 		10, 		0.8214,		1.606,		1-1
2, 12, 4, 		10, 		0.8115,		7.306,		2-2
10, 16, 4, 		10, 		0.6500,		2.008,		2-1
8, 15, 4, 		10, 		0.9020,		3.025,		1-1
8, 13, 3, 		20, 		0.8766,		6.956,		2-3
8, 16, 4, 		10, 		0.7081,		7.170,		2-1
4, 10, 4, 		10, 		0.9093,		8.428,		2-2
4, 11, 4, 		10, 		0.7047,		8.517,		2-2
11, 4, 4, 		10, 		0.6562,		2.273,		2-2
2, 16, 4, 		10, 		0.7282,		4.997,		2-1
7, 1, 4, 		10, 		0.7291,		5.825,		2-1
7, 5, 4, 		10, 		0.5180,		5.731,		2-3
3, 10, 4, 		10, 		0.7761,		12.83,		2-2
15, 12, 3, 		30, 		0.9271,		10.40,		2-2
5, 14, 4, 		10, 		0.8111,		6.170,		2-2
1, 1, 4, 		10, 		0.6854,		2.971,		1-1
12, 11, 4, 		20, 		0.6118,		6.564,		2-2
3, 16, 4, 		10, 		0.7716,		4.185,		2-1
10, 4, 3, 		40, 		0.8581,		15.10,		3-2
2, 4, 4, 		10, 		0.7849,		2.745,		2-2
15, 7, 4, 		10, 		0.5802,		6.071,		2-2
6, 15, 3, 		10, 		2.265,		7.223,		1-2
2, 13, 4, 		10, 		0.7281,		3.537,		2-2
4, 2, 4, 		20, 		0.5225,		2.590,		2-2
2, 10, 4, 		10, 		0.6084,		5.738,		2-2
16, 16, 4, 		10, 		0.7432,		5.217,		1-1
15, 16, 4, 		10, 		0.7578,		3.299,		1-1
16, 3, 4, 		10, 		0.8928,		3.443,		1-1
5, 11, 4, 		10, 		0.7309,		8.200,		2-2
4, 12, 4, 		10, 		0.5490,		3.415,		2-2
11, 10, 3, 		30, 		0.8575,		9.079,		2-2
14, 7, 4, 		10, 		0.6116,		8.344,		2-2
15, 6, 4, 		10, 		0.8315,		11.19,		2-2
15, 2, 4, 		10, 		0.9149,		2.508,		1-1
13, 4, 4, 		10, 		0.7751,		5.995,		2-2
1, 10, 4, 		20, 		0.8646,		6.427,		2-1
3, 1, 4, 		10, 		0.6825,		5.472,		2-1
3, 9, 4, 		10, 		0.7750,		8.727,		2-2
1, 6, 4, 		20, 		0.8989,		16.22,		2-2
8, 11, 3, 		50, 		0.7104,		7.810,		3-2
9, 11, 4, 		20, 		0.7642,		5.597,		2-2
11, 1, 4, 		10, 		0.6984,		5.111,		2-2
10, 15, 4, 		20, 		0.9234,		5.543,		2-2
2, 12, 3, 		40, 		0.8711,		5.998,		3-2
13, 2, 4, 		10, 		0.6330,		20.62,		2-2
13, 11, 3, 		20, 		0.9160,		2.252,		2-2
12, 5, 3, 		40, 		0.8395,		9.569,		3-2
1, 15, 4, 		10, 		0.8858,		2.966,		1-1
2, 5, 3, 		10, 		2.556,		6.888,		1-2
12, 6, 4, 		10, 		0.5580,		5.502,		2-2
10, 3, 3, 		20, 		0.8457,		12.32,		2-2
1, 14, 4, 		10, 		0.9432,		2.644,		1-1
5, 13, 4, 		10, 		0.5019,		1.765,		2-2
13, 3, 4, 		20, 		0.9211,		4.548,		2-2
11, 12, 4, 		20, 		0.6041,		3.459,		2-2
2, 11, 4, 		10, 		0.8112,		5.002,		2-2
10, 12, 3, 		50, 		0.6998,		13.66,		3-3
4, 14, 4, 		10, 		0.8127,		7.112,		2-2
10, 10, 4, 		20, 		0.8465,		7.227,		2-2
12, 4, 4, 		20, 		0.9233,		8.511,		2-2
15, 9, 4, 		10, 		0.7742,		20.61,		2-1
7, 6, 4, 		20, 		0.6962,		11.14,		2-2
8, 14, 4, 		10, 		0.7162,		3.341,		2-2
6, 12, 3, 		10, 		0.9503,		13.16,		2-2
8, 3, 4, 		20, 		0.7950,		7.498,		2-2
4, 7, 3, 		40, 		0.6487,		9.055,		3-2
6, 6, 4, 		20, 		0.9301,		5.075,		2-3
6, 15, 4, 		10, 		0.6935,		5.497,		2-2
16, 9, 4, 		10, 		0.6399,		4.562,		2-1
12, 5, 4, 		10, 		0.6703,		5.579,		2-2
11, 3, 4, 		20, 		0.8436,		3.640,		2-2
9, 12, 4, 		20, 		0.9361,		13.80,		2-3
16, 15, 4, 		10, 		0.8291,		7.856,		1-1
4, 5, 4, 		20, 		0.7641,		3.427,		2-2
3, 3, 4, 		20, 		0.7561,		5.925,		2-2
12, 2, 4, 		10, 		0.9224,		4.110,		2-2
1, 7, 4, 		20, 		0.8790,		15.01,		2-1
13, 12, 3, 		20, 		0.6377,		19.59,		2-2
3, 2, 4, 		20, 		0.8372,		9.762,		2-2
2, 9, 4, 		20, 		0.7857,		17.92,		2-1
7, 12, 2, 		40, 		0.8391,		20.32,		3-3
9, 13, 2, 		40, 		0.6841,		31.82,		3-3
10, 7, 4, 		20, 		0.8157,		6.145,		2-2
5, 12, 4, 		20, 		0.8414,		5.521,		2-2
6, 12, 4, 		20, 		0.8369,		4.135,		2-2
4, 9, 4, 		20, 		0.8896,		11.45,		2-3
9, 16, 4, 		20, 		0.7606,		8.170,		3-1
11, 2, 4, 		10, 		0.8863,		8.429,		2-2
6, 7, 4, 		20, 		0.8578,		4.855,		2-2
7, 11, 4, 		20, 		0.9043,		8.275,		2-2
2, 6, 4, 		20, 		0.8744,		15.10,		2-2
14, 14, 4, 		20, 		0.9009,		3.111,		2-2
7, 14, 4, 		10, 		0.7234,		6.777,		2-2
6, 9, 4, 		20, 		0.8801,		12.67,		2-2
5, 16, 4, 		10, 		0.6976,		7.610,		2-2
5, 15, 4, 		30, 		0.7040,		7.117,		3-2
4, 13, 4, 		20, 		0.8229,		18.33,		2-2
12, 8, 3, 		50, 		0.7530,		20.29,		3-3
6, 3, 3, 		40, 		0.8076,		19.56,		3-2
6, 8, 3, 		50, 		0.8388,		2.930,		3-2
8, 7, 4, 		20, 		0.5481,		5.945,		2-2
15, 13, 4, 		20, 		0.6387,		4.453,		2-2
3, 14, 4, 		20, 		0.8811,		15.70,		2-2
15, 10, 3, 		20, 		0.7856,		7.666,		2-2
11, 11, 4, 		20, 		0.9355,		4.016,		2-3
5, 3, 4, 		20, 		0.4856,		3.197,		2-2
4, 8, 3, 		50, 		0.6422,		19.12,		3-3
5, 8, 3, 		40, 		0.7844,		31.33,		3-3
5, 4, 4, 		20, 		0.6214,		6.845,		2-2
10, 14, 4, 		20, 		0.8307,		6.623,		2-2
9, 6, 4, 		20, 		0.5876,		2.272,		2-2
2, 5, 4, 		20, 		0.8578,		7.361,		2-2
14, 13, 4, 		20, 		0.8066,		5.343,		2-2
14, 3, 4, 		20, 		0.9271,		7.409,		2-2
11, 13, 4, 		20, 		0.7043,		8.520,		2-2
8, 6, 4, 		20, 		0.6954,		8.472,		2-2
6, 4, 4, 		20, 		0.7923,		5.153,		2-2
6, 5, 4, 		20, 		0.8329,		2.766,		2-2
5, 8, 4, 		20, 		0.8769,		15.00,		2-3
12, 1, 4, 		20, 		0.9016,		10.98,		2-2
14, 9, 4, 		20, 		0.8180,		7.514,		2-2
4, 6, 4, 		20, 		0.7679,		4.610,		2-2
6, 3, 4, 		20, 		0.7025,		4.785,		2-2
9, 9, 4, 		20, 		0.8308,		5.882,		2-2
11, 8, 4, 		20, 		0.8546,		10.67,		2-2
12, 16, 4, 		20, 		0.6093,		7.628,		2-2
1, 12, 4, 		20, 		0.7650,		9.815,		2-2
7, 7, 4, 		20, 		0.6182,		9.071,		2-2
10, 4, 4, 		10, 		0.6468,		5.085,		2-2
8, 9, 4, 		20, 		0.8005,		12.08,		2-2
11, 10, 4, 		3, 13, 4, 		20, 		0.7627,		5.707,		2-2
20, 		0.6554,		5.295,		2-2
16, 5, 4, 		10, 		0.7277,		17.87,		2-2
9, 3, 4, 		40, 		0.7757,		29.44,		3-2
9, 4, 4, 		20, 		0.7043,		7.681,		2-3
7, 9, 4, 		20, 		0.7420,		1.427,		2-2
6, 10, 4, 		20, 		0.5626,		7.111,		2-2
12, 12, 4, 		20, 		0.5894,		4.120,		2-2
4, 3, 4, 		20, 		0.6453,		3.687,		2-2
10, 8, 4, 		20, 		0.7963,		4.330,		2-2
8, 10, 4, 		20, 		0.6251,		14.43,		2-2
6, 13, 4, 		10, 		0.7823,		2.989,		2-2
10, 12, 4, 		20, 		0.8159,		11.42,		2-3
1, 9, 4, 		20, 		0.8896,		19.09,		2-1
16, 4, 4, 		30, 		0.6951,		5.744,		2-1
11, 15, 4, 		20, 		0.6685,		6.073,		2-2
1, 11, 4, 		10, 		0.5506,		3.413,		2-2
7, 15, 4, 		30, 		0.8820,		18.48,		3-2
16, 11, 4, 		20, 		0.8648,		5.406,		2-2
5, 2, 4, 		20, 		0.9226,		1.920,		2-2
9, 8, 4, 		20, 		0.5870,		5.797,		2-2
7, 13, 4, 		40, 		0.9027,		5.263,		3-2
9, 10, 4, 		8, 5, 3, 		50, 		0.6526,		9.690,		3-3
20, 		0.7098,		7.003,		2-2
10, 13, 4, 		20, 		0.7706,		7.261,		2-2
11, 6, 3, 		10, 		2.037,		1.097,		1-3
12, 14, 4, 		20, 		0.6616,		1.929,		2-2
13, 8, 4, 		40, 		0.7237,		20.82,		3-3
4, 4, 4, 		40, 		0.5773,		19.94,		3-2
10, 11, 4, 		30, 		0.6276,		8.999,		2-2
3, 4, 4, 		40, 		0.7271,		15.69,		3-2
14, 5, 4, 		20, 		0.9223,		3.641,		2-2
7, 11, 3, 		50, 		0.7205,		19.55,		3-2
6, 2, 4, 		20, 		0.9415,		3.191,		2-2
12, 7, 4, 		20, 		0.6944,		6.713,		2-3
15, 11, 4, 		40, 		0.6744,		11.42,		3-2
10, 2, 4, 		40, 		0.8665,		4.952,		3-2
14, 10, 4, 		20, 		0.7363,		5.418,		2-2
6, 1, 4, 		20, 		0.9459,		7.872,		2-2
8, 4, 4, 		20, 		0.7438,		13.86,		2-3
13, 11, 4, 		20, 		0.6065,		5.640,		2-2
10, 6, 4, 		20, 		0.7479,		6.522,		2-2
9, 14, 5, 		10, 		0.5312,		2.881,		2-1
1, 4, 5, 		10, 		0.8496,		3.176,		1-1
2, 14, 4, 		40, 		0.6678,		7.978,		3-2
5, 5, 4, 		50, 		0.9419,		11.19,		3-2
14, 8, 4, 		40, 		0.8441,		5.000,		3-2
11, 9, 4, 		50, 		0.8846,		10.84,		3-2
13, 16, 5, 		10, 		0.7169,		1.370,		1-1
4, 16, 4, 		40, 		0.7258,		3.027,		3-1
9, 1, 5, 		10, 		0.6721,		5.760,		2-1
5, 10, 4, 		20, 		0.9010,		10.35,		2-3
5, 11, 5, 		10, 		0.7596,		8.122,		2-2
16, 16, 5, 		10, 		0.5470,		3.399,		1-1
2, 8, 5, 		10, 		0.8332,		10.50,		2-1
7, 16, 4, 		20, 		0.8064,		12.94,		2-1
14, 6, 5, 		10, 		0.7519,		3.338,		2-2
1, 1, 5, 		10, 		0.6294,		1.285,		1-1
9, 2, 5, 		10, 		0.6879,		2.463,		2-1
1, 2, 5, 		10, 		0.8456,		9.161,		1-1
9, 13, 4, 		40, 		0.8218,		33.84,		3-3
2, 11, 5, 		10, 		0.9130,		11.22,		2-2
9, 14, 4, 		20, 		0.8980,		19.68,		2-2
14, 9, 5, 		10, 		0.8929,		3.365,		1-1
7, 3, 4, 		20, 		0.7074,		13.93,		2-2
13, 7, 4, 		40, 		0.7353,		4.589,		3-2
1, 8, 5, 		10, 		0.7961,		11.41,		2-1
12, 13, 4, 		50, 		0.8774,		15.58,		3-2
12, 10, 4, 		10, 		0.6112,		4.735,		2-3
9, 15, 5, 		10, 		0.9209,		1.627,		1-1
16, 3, 5, 		10, 		0.8417,		3.489,		1-1
9, 7, 4, 		50, 		0.8213,		11.69,		3-2
3, 13, 5, 		10, 		0.9303,		6.435,		2-2
15, 14, 4, 		20, 		0.7554,		5.142,		2-2
7, 16, 5, 		10, 		0.7244,		5.189,		2-1
1, 14, 5, 		8, 1, 5, 10, 		0.7965,		5.046,		1-1		
10, 		0.6649,		3.931,		2-1
8, 5, 4, 		20, 		0.7926,		11.26,		2-3
2, 3, 4, 		50, 		0.7682,		11.01,		3-2
4, 15, 4, 		20, 		0.7146,		5.875,		2-2
16, 4, 5, 		10, 		0.8324,		1.165,		1-1
3, 5, 4, 		20, 		0.6632,		3.493,		2-2
8, 2, 5, 		10, 		0.7280,		1.146,		2-1
14, 2, 4, 		30, 		0.8653,		18.29,		3-2
10, 16, 5, 		10, 		0.9051,		2.344,		1-1
6, 13, 5, 		10, 		0.5614,		3.934,		2-2
1, 8, 4, 		40, 		0.7837,		13.88,		3-1
1, 7, 5, 		10, 		0.7447,		21.26,		2-1
4, 8, 4, 		20, 		0.9241,		13.90,		2-3
8, 8, 4, 		20, 		0.8842,		11.13,		2-2
7, 10, 4, 		30, 		0.8044,		6.129,		2-2
3, 15, 5, 		10, 		0.7148,		6.434,		2-2
7, 1, 5, 		10, 		0.6193,		2.997,		2-1
3, 1, 5, 		10, 		0.5594,		2.123,		2-1
5, 5, 5, 		20, 		0.6927,		6.076,		2-2
9, 3, 5, 		10, 		0.7379,		19.27,		2-2
16, 15, 5, 		10, 		0.5588,		4.159,		1-1
1, 15, 5, 		10, 		0.7750,		1.935,		1-1
13, 5, 5, 		10, 		0.8933,		3.711,		2-2
10, 5, 4, 		40, 		0.7997,		23.74,		3-3
14, 1, 5, 		10, 		0.7272,		2.246,		1-1
15, 9, 5, 		10, 		0.6217,		1.489,		2-1
3, 10, 5, 		20, 		0.9259,		5.454,		2-2
2, 2, 5, 		10, 		0.6336,		5.380,		1-1
15, 12, 4, 		10, 		0.5799,		15.74,		2-2
13, 15, 5, 		20, 		0.5882,		7.087,		2-2
11, 7, 4, 		20, 		0.6951,		3.072,		2-2
2, 7, 4, 		7, 2, 4, 		20, 		0.6424,		10.86,		2-2
40, 		0.8415,		15.51,		3-2
3, 16, 5, 		10, 		0.9013,		2.284,		2-1
10, 1, 5, 		10, 		0.5773,		12.39,		2-1
6, 14, 5, 		10, 		0.6563,		3.532,		2-2
7, 2, 5, 		20, 		0.8733,		6.640,		2-2
6, 5, 5, 		20, 		0.6515,		7.109,		2-2
13, 9, 5, 		20, 		0.8854,		13.85,		2-3
1, 16, 5, 		10, 		0.5676,		5.534,		2-1
6, 8, 5, 		20, 		0.7116,		5.554,		2-2
12, 6, 5, 		20, 		0.6462,		5.890,		2-2
4, 1, 5, 		10, 		0.7922,		0.4303,		1-1
4, 13, 5, 		10, 		0.7651,		3.147,		2-2
12, 15, 4, 		20, 		0.6302,		3.199,		2-2
8, 12, 4, 		40, 		0.6927,		11.73,		3-3
12, 8, 4, 		40, 		0.7905,		10.10,		3-3
13, 6, 4, 		40, 		0.9038,		11.98,		3-2
6, 6, 5, 		10, 		0.6732,		5.548,		2-3
6, 11, 4, 		20, 		0.6159,		5.750,		2-3
7, 5, 5, 		20, 		0.7788,		10.42,		2-3
9, 8, 5, 		20, 		0.8269,		10.65,		2-2
10, 2, 5, 		10, 		0.7058,		7.246,		2-2
15, 16, 5, 		10, 		0.7115,		3.540,		1-1
7, 8, 4, 		20, 		0.7394,		4.053,		2-2
5, 12, 5, 		10, 		0.7181,		7.754,		2-2
4, 12, 5, 		20, 		0.9320,		9.122,		2-2
1, 10, 5, 		20, 		0.8297,		14.20,		2-1
14, 13, 5, 		20, 		0.5405,		10.09,		2-2
11, 14, 4, 		20, 		0.7747,		8.991,		2-2
2, 4, 5, 		20, 		0.6713,		14.71,		2-2
10, 15, 5, 		10, 		0.6011,		3.664,		2-1
1, 9, 5, 		10, 		0.6216,		3.892,		2-1
9, 7, 5, 		20, 		0.6446,		8.357,		2-2
5, 4, 5, 		20, 		0.7048,		5.519,		2-2
7, 10, 5, 		20, 		0.5946,		8.057,		2-2
8, 11, 5, 		14, 8, 5, 		20, 		0.6489,		8.022,		2-2
20, 		0.8868,		4.056,		2-2
7, 11, 5, 		20, 		0.7903,		9.753,		2-2
11, 6, 4, 		20, 		0.8207,		7.091,		2-3
7, 4, 4, 		30, 		0.8104,		6.599,		2-2
12, 10, 5, 		20, 		0.8279,		10.74,		2-3
3, 9, 5, 		10, 		0.7859,		3.783,		2-1
11, 5, 4, 		40, 		0.8151,		18.21,		3-2
5, 3, 5, 		20, 		0.8496,		7.547,		2-2
10, 14, 5, 		20, 		0.7296,		6.389,		2-2
1, 3, 5, 		30, 		0.7632,		2.030,		2-1
8, 8, 5, 		20, 		0.7905,		6.006,		2-2
11, 1, 5, 		10, 		0.7519,		10.16,		2-2
5, 9, 4, 		40, 		0.7967,		30.22,		3-3
8, 9, 5, 		20, 		0.6544,		5.131,		2-2
3, 3, 5, 		20, 		0.8702,		6.913,		2-2
9, 13, 5, 		20, 		0.8257,		10.34,		2-3
15, 5, 4, 		40, 		0.8480,		12.65,		3-2
6, 16, 4, 		40, 		0.8565,		8.798,		3-2
7, 14, 5, 		10, 		0.4416,		5.094,		2-2
10, 4, 5, 		10, 		0.8936,		3.988,		2-2
1, 13, 5, 		30, 		0.9347,		2.555,		2-1
16, 12, 5, 		20, 		0.8681,		1.136,		2-1
6, 11, 5, 		10, 		0.7298,		5.075,		2-3
9, 10, 5, 		20, 		0.7606,		6.502,		2-2
2, 1, 5, 		10, 		0.7531,		1.753,		1-1
4, 15, 5, 		30, 		0.7609,		10.64,		3-2
1, 5, 5, 		20, 		0.7790,		4.772,		2-2
8, 4, 5, 		8, 10, 5, 20, 		0.6898,		12.60,		2-3
		20, 		0.7554,		6.519,		2-2
11, 9, 5, 		20, 		0.8399,		2.640,		2-2
5, 14, 5, 		10, 		0.6143,		6.239,		2-2
8, 14, 5, 		30, 		0.6195,		4.909,		3-1
5, 6, 5, 		20, 		0.6667,		4.567,		2-2
10, 7, 5, 		20, 		0.6964,		3.897,		2-2
1, 12, 5, 		20, 		0.9106,		8.393,		2-1
2, 3, 5, 		20, 		0.7057,		10.30,		2-2
6, 14, 4, 		40, 		0.8671,		24.98,		3-2
3, 11, 5, 		20, 		0.7325,		7.408,		2-2
10, 11, 5, 		11, 10, 5, 		20, 		0.6927,		6.792,		2-220, 		0.5324,		2.892,		2-2

13, 14, 5, 		20, 		0.8336,		9.311,		2-2
6, 3, 5, 		20, 		0.7302,		8.830,		2-2
3, 7, 4, 		10, 		0.7459,		33.71,		2-2
11, 4, 5, 		20, 		0.9000,		4.124,		2-2
15, 4, 4, 		40, 		0.8545,		2.707,		3-2
1, 5, 4, 		10, 		0.8287,		8.912,		2-2
4, 4, 5, 		20, 		0.7922,		3.993,		2-2
6, 8, 4, 		50, 		0.7442,		12.22,		3-2
3, 12, 5, 		10, 		0.5081,		3.557,		2-2
2, 10, 5, 		20, 		0.8521,		5.577,		2-1
6, 9, 5, 		20, 		0.7774,		7.331,		2-2
5, 15, 5, 		10, 		0.7971,		5.225,		2-2
4, 11, 5, 		20, 		0.7423,		3.188,		2-2
12, 9, 4, 		40, 		0.8264,		19.32,		3-3
16, 6, 5, 		10, 		0.7766,		8.782,		2-2
5, 7, 4, 		50, 		0.6589,		21.01,		3-3
5, 1, 4, 		10, 		2.555,		13.74,		1-2
10, 9, 5, 		20, 		0.6189,		12.47,		2-2
10, 6, 5, 		20, 		0.6989,		17.92,		2-2
8, 16, 5, 		20, 		0.9224,		7.960,		2-1
2, 5, 5, 		10, 		0.6482,		10.01,		2-2
14, 15, 5, 		20, 		0.8450,		8.858,		2-2
13, 13, 4, 		50, 		0.6533,		14.35,		3-2
7, 3, 5, 		20, 		0.8812,		22.25,		2-2
5, 8, 5, 		10, 		0.7461,		15.42,		2-3
8, 6, 5, 		20, 		0.7567,		11.98,		2-2
8, 13, 4, 		40, 		0.6642,		9.936,		3-3
6, 4, 5, 		20, 		0.7763,		5.104,		2-2
7, 13, 5, 		10, 		0.8764,		14.97,		2-2
12, 3, 4, 		10, 		2.783,		6.142,		1-2
9, 5, 5, 		40, 		0.7751,		33.99,		3-3
8, 11, 4, 		30, 		0.6073,		8.132,		2-2
11, 16, 4, 		20, 		0.4553,		2.025,		2-2
11, 7, 5, 		20, 		0.9039,		7.028,		2-2
3, 8, 5, 		20, 		0.7004,		10.50,		2-2
10, 9, 4, 		10, 		2.180,		14.31,		1-2
4, 3, 5, 		20, 		0.7493,		5.964,		2-2
10, 10, 5, 		20, 		0.4639,		7.465,		2-2
15, 13, 5, 		20, 		0.8136,		4.021,		2-2
9, 4, 5, 		20, 		0.8867,		9.143,		2-3
6, 2, 5, 		20, 		0.8018,		8.996,		2-2
4, 16, 5, 		40, 		0.7610,		15.68,		3-1
2, 7, 5, 		20, 		0.6546,		7.347,		2-2
5, 16, 5, 		20, 		0.6210,		5.146,		3-1
6, 10, 5, 		7, 4, 5, 		20, 		0.9328,		9.234,		2-2
20, 		0.9075,		11.14,		2-2
3, 6, 4, 		40, 		0.7250,		6.784,		3-2
2, 9, 5, 		40, 		0.9104,		8.278,		3-1
8, 5, 5, 		20, 		0.9288,		8.952,		2-3
5, 1, 5, 		20, 		0.7656,		13.44,		2-2
3, 7, 5, 		20, 		0.6313,		13.71,		2-2
2, 14, 5, 		20, 		0.8889,		6.688,		2-2
7, 9, 5, 		30, 		0.7551,		6.739,		2-2
9, 9, 5, 		30, 		0.9430,		8.172,		2-2
2, 15, 5, 		50, 		0.9145,		8.220,		2-1
3, 8, 4, 		20, 		0.7497,		36.37,		2-2
6, 12, 5, 		40, 		0.7066,		2.500,		3-2
3, 5, 5, 		20, 		0.6589,		3.765,		2-2
7, 8, 5, 		30, 		0.4820,		6.238,		2-2
9, 12, 5, 		40, 		0.8299,		25.15,		3-3
6, 1, 5, 		20, 		0.9427,		5.193,		2-2
12, 13, 5, 		50, 		0.8068,		17.79,		3-2
12, 3, 5, 		20, 		0.8443,		5.054,		2-2
14, 11, 5, 		20, 		0.7111,		12.70,		2-2
9, 5, 4, 		10, 		2.563,		18.22,		1-3
16, 8, 5, 		20, 		0.8489,		14.34,		2-1
7, 12, 4, 		50, 		0.6849,		23.53,		3-3
5, 6, 4, 		50, 		0.7631,		19.87,		3-2
9, 6, 5, 		20, 		0.6677,		11.16,		2-2
4, 14, 5, 		40, 		0.7984,		9.768,		3-2
13, 12, 5, 		20, 		0.7498,		10.96,		2-2
4, 7, 4, 		40, 		0.7220,		24.61,		3-2
13, 2, 5, 		20, 		0.7666,		3.779,		2-2
1, 11, 5, 		20, 		0.8115,		16.77,		2-1
5, 2, 5, 		20, 		0.8419,		6.879,		2-2
12, 4, 5, 		10, 		0.9274,		6.296,		2-2
5, 7, 5, 		20, 		0.8246,		7.788,		2-3
13, 10, 4, 		50, 		0.8076,		5.512,		3-2
2, 13, 5, 		40, 		0.8336,		7.811,		3-2
11, 6, 5, 		50, 		0.7575,		15.74,		3-3
4, 2, 5, 		30, 		0.9448,		13.75,		2-2
10, 12, 5, 		50, 		0.6720,		19.23,		3-3
4, 5, 5, 		50, 		0.7115,		10.43,		3-2
8, 3, 5, 		20, 		0.9134,		15.52,		2-2
10, 13, 5, 		20, 		0.7218,		7.803,		2-2
7, 6, 5, 		30, 		0.8076,		8.242,		2-2
8, 15, 5, 		30, 		0.8553,		9.772,		3-1
7, 15, 5, 		20, 		0.5584,		14.54,		3-1
8, 12, 5, 		40, 		0.8125,		26.46,		3-3
3, 2, 5, 		50, 		0.7857,		10.72,		3-2
3, 4, 5, 		20, 		0.7936,		4.236,		2-2
4, 6, 5, 		20, 		0.9450,		6.988,		2-2
5, 9, 5, 		20, 		0.8973,		7.490,		2-3
13, 13, 5, 		20, 		0.7883,		5.175,		2-2
9, 16, 5, 		40, 		0.7441,		17.66,		3-1
5, 10, 5, 		50, 		0.6802,		19.82,		3-3
5, 13, 5, 		10, 		2.803,		7.240,		1-2
2, 6, 5, 		20, 		0.8484,		4.173,		2-2
6, 7, 5, 		20, 		0.8186,		6.584,		2-2
7, 12, 5, 		20, 		0.7827,		5.069,		2-3
8, 13, 5, 		50, 		0.7189,		27.27,		3-3
11, 8, 5, 		20, 		0.7780,		3.098,		2-2
4, 8, 5, 		20, 		0.8725,		13.87,		2-3
2, 12, 5, 		10, 		1.105,		15.18,		2-2
13, 8, 5, 		10, 		1.257,		26.38,		2-3
2, 16, 5, 		50, 		0.6690,		6.270,		3-1
11, 2, 5, 		40, 		0.8900,		10.78,		3-2
7, 7, 5, 		50, 		0.7890,		12.11,		3-2
14, 2, 5, 		40, 		0.6874,		10.08,		3-2
3, 14, 5, 		40, 		0.8380,		10.05,		3-2
3, 6, 5, 		40, 		0.7502,		5.003,		3-2
14, 4, 5, 		50, 		0.8158,		12.29,		3-2
8, 7, 5, 		10, 		2.276,		35.34,		1-2
1, 6, 5, 		50, 		0.7631,		25.32,		3-2
10, 5, 5, 		50, 		0.7810,		28.69,		3-3
4, 10, 5, 		10, 		2.228,		6.275,		1-2
6, 16, 5, 		50, 		0.8966,		21.27,		3-1
6, 15, 5, 		40, 		0.7563,		14.23,		3-2
4, 7, 5, 		10, 		0.5962,		5.468,		2-2
4, 9, 5, 		50, 		0.9389,		16.89,		3-3
