1, 1, 1, 		10, 		0.2859,		1.679,		1-1
1, 2, 1, 		10, 		0.2454,		1.983,		1-1
1, 2, 1, 		10, 		0.2454,		1.983,		1-1
2, 1, 1, 		10, 		0.2449,		1.751,		1-1
1, 1, 1, 		10, 		0.2859,		1.679,		1-1
2, 2, 1, 		10, 		0.2641,		0.7348,		1-1
3, 1, 1, 		10, 		0.2679,		2.830,		1-1
1, 2, 1, 		10, 		0.2454,		1.983,		1-1
1, 4, 1, 		10, 		0.2752,		1.870,		1-1
8, 4, 1, 		10, 		0.2580,		0.5822,		1-1
2, 1, 1, 		10, 		0.2449,		1.751,		1-1
1, 1, 1, 		10, 		0.2859,		1.679,		1-1
10, 1, 1, 		10, 		0.2686,		2.622,		1-1
7, 1, 1, 		10, 		0.3772,		6.846,		1-2
9, 2, 1, 		10, 		0.3255,		2.718,		1-2
3, 2, 1, 		10, 		0.1624,		3.103,		1-1
10, 3, 1, 		10, 		0.1887,		1.276,		1-1
10, 2, 1, 		10, 		0.2631,		1.457,		1-1
10, 6, 1, 		10, 		0.2551,		1.216,		1-1
1, 3, 1, 		10, 		0.2571,		2.280,		1-1
10, 4, 1, 		10, 		0.2414,		3.451,		1-1
9, 1, 1, 		10, 		0.3830,		2.067,		1-2
1, 5, 1, 		10, 		0.2688,		2.057,		1-1
9, 4, 1, 		10, 		0.2560,		1.908,		1-1
2, 6, 1, 		10, 		0.4846,		1.529,		1-1
2, 3, 1, 		10, 		0.2090,		3.368,		1-1
1, 6, 1, 		10, 		0.4769,		0.5983,		1-1
9, 3, 1, 		10, 		0.2709,		2.348,		1-1
9, 6, 1, 		20, 		0.1843,		3.808,		1-1
8, 1, 1, 		10, 		0.3962,		3.713,		1-2
8, 2, 1, 		10, 		0.5176,		10.20,		1-2
2, 2, 1, 		10, 		0.2641,		0.7348,		1-1
7, 2, 1, 		10, 		0.5773,		7.548,		1-2
2, 10, 1, 		10, 		0.3161,		4.219,		2-2
6, 3, 1, 		10, 		0.3076,		2.999,		2-2
6, 2, 1, 		10, 		0.2148,		2.906,		2-2
4, 9, 1, 		10, 		0.2058,		2.189,		2-2
1, 7, 1, 		20, 		0.4900,		3.770,		2-2
4, 8, 1, 		20, 		0.5677,		2.765,		2-2
3, 8, 1, 		20, 		0.4356,		3.067,		2-2
4, 7, 1, 		10, 		0.3058,		7.826,		2-2
2, 9, 1, 		20, 		0.3933,		1.833,		2-2
3, 9, 1, 		10, 		0.2991,		1.904,		2-2
4, 1, 1, 		20, 		0.4328,		1.503,		2-2
3, 7, 1, 		10, 		0.3267,		5.945,		2-2
8, 3, 1, 		10, 		0.5943,		5.664,		1-2
2, 7, 1, 		10, 		0.2790,		4.200,		2-2
4, 6, 1, 		10, 		0.2502,		2.212,		2-2
6, 1, 1, 		30, 		0.4148,		6.360,		2-2
4, 3, 1, 		20, 		0.4093,		2.779,		2-2
1, 10, 1, 		10, 		0.2715,		4.128,		2-2
1, 8, 1, 		20, 		0.5283,		3.208,		2-2
2, 5, 1, 		20, 		0.4296,		3.153,		2-2
7, 7, 1, 		20, 		0.4656,		1.116,		2-2
5, 1, 1, 		10, 		0.2290,		3.583,		2-2
2, 8, 1, 		10, 		0.3286,		2.412,		2-2
3, 4, 1, 		20, 		0.3847,		1.789,		2-2
4, 4, 1, 		20, 		0.2649,		2.942,		2-2
4, 5, 1, 		20, 		0.4905,		4.451,		2-2
4, 10, 1, 		10, 		0.2567,		5.930,		2-2
9, 8, 1, 		20, 		0.3410,		2.613,		2-2
5, 2, 1, 		10, 		0.1795,		1.796,		2-2
3, 6, 1, 		20, 		0.3472,		2.556,		2-2
6, 4, 1, 		20, 		0.4359,		7.228,		2-2
1, 9, 1, 		10, 		0.3513,		1.400,		2-2
7, 4, 1, 		30, 		0.5840,		5.779,		2-2
8, 9, 1, 		30, 		0.3860,		2.776,		2-2
5, 3, 1, 		30, 		0.3615,		3.454,		2-2
6, 9, 1, 		30, 		0.3372,		4.572,		2-2
3, 10, 1, 		10, 		0.2618,		3.233,		2-2
8, 10, 1, 		30, 		0.3193,		2.675,		2-2
6, 7, 1, 		30, 		0.4430,		7.113,		3-3
7, 3, 1, 		30, 		0.4258,		3.624,		2-2
9, 10, 1, 		20, 		0.4055,		5.491,		2-2
5, 4, 1, 		30, 		0.5475,		2.251,		2-2
8, 5, 1, 		50, 		0.1932,		4.483,		2-2
8, 8, 1, 		20, 		0.3296,		4.955,		2-2
10, 10, 1, 		30, 		0.3488,		4.739,		2-2
6, 10, 1, 		30, 		0.3572,		7.909,		2-2
2, 4, 1, 		20, 		0.4543,		1.135,		2-2
10, 8, 1, 		30, 		0.3552,		4.044,		2-2
7, 5, 1, 		40, 		0.3891,		31.21,		3-3
3, 3, 1, 		20, 		0.4246,		3.265,		2-2
9, 5, 1, 		40, 		0.3056,		2.155,		2-2
7, 8, 1, 		30, 		0.2975,		6.244,		2-2
7, 9, 1, 		40, 		0.4032,		7.670,		2-2
5, 8, 1, 		50, 		0.3996,		34.24,		3-3
10, 5, 1, 		50, 		0.2796,		10.75,		2-2
5, 10, 1, 		40, 		0.3800,		5.346,		2-2
6, 5, 1, 		40, 		0.4997,		5.694,		3-3
6, 6, 1, 		40, 		0.3927,		5.262,		3-3
4, 2, 1, 		30, 		0.5505,		3.186,		2-2
7, 6, 1, 		30, 		0.4014,		3.231,		2-2
10, 9, 1, 		30, 		0.3190,		3.591,		2-2
6, 8, 1, 		40, 		0.2779,		5.347,		2-2
5, 6, 1, 		40, 		0.3487,		5.480,		3-3
9, 7, 1, 		40, 		0.4812,		2.404,		2-2
9, 9, 1, 		30, 		0.4295,		5.972,		2-2
8, 6, 1, 		50, 		0.2287,		2.733,		2-2
5, 9, 1, 		50, 		0.2464,		11.89,		3-3
3, 5, 1, 		30, 		0.4742,		2.627,		2-2
10, 7, 1, 		50, 		0.4145,		3.283,		2-2
7, 10, 1, 		40, 		0.3775,		2.538,		2-2
5, 7, 1, 		40, 		0.5806,		3.345,		3-3
8, 7, 1, 		30, 		0.3665,		3.262,		2-2
5, 5, 1, 		40, 		0.4208,		4.988,		3-3
1, 2, 1, 		10, 		0.2454,		1.128,		1-1
3, 1, 1, 		10, 		0.2679,		2.830,		1-1
8, 4, 1, 		10, 		0.2580,		0.9657,		1-1
1, 4, 1, 		10, 		0.2752,		1.870,		1-1
7, 1, 1, 		10, 		0.3772,		6.846,		1-2
2, 1, 1, 		10, 		0.2449,		1.751,		1-1
10, 1, 1, 		10, 		0.2686,		0.9942,		1-1
1, 1, 1, 		10, 		0.2859,		1.679,		1-1
9, 2, 1, 		10, 		0.3255,		2.718,		1-2
10, 3, 1, 		10, 		0.1887,		2.263,		1-1
3, 2, 1, 		10, 		0.1624,		0.9202,		1-1
10, 4, 1, 		10, 		0.2414,		2.115,		1-1
10, 6, 1, 		10, 		0.2551,		2.648,		1-1
10, 2, 1, 		10, 		0.2631,		1.457,		1-1
9, 1, 1, 		10, 		0.3830,		1.431,		1-2
2, 6, 1, 		10, 		0.4846,		1.529,		1-1
1, 3, 1, 		10, 		0.2571,		2.280,		1-1
2, 3, 1, 		10, 		0.2090,		1.794,		1-1
1, 5, 1, 		10, 		0.2688,		2.057,		1-1
9, 4, 1, 		10, 		0.2560,		1.908,		1-1
9, 6, 1, 		20, 		0.1843,		2.392,		1-1
8, 1, 1, 		10, 		0.3962,		3.203,		1-2
1, 6, 1, 		10, 		0.4769,		0.5983,		1-1
9, 3, 1, 		10, 		0.2709,		2.348,		1-1
8, 2, 1, 		10, 		0.5176,		11.03,		1-2
2, 2, 1, 		10, 		0.2641,		0.7348,		1-1
2, 10, 1, 		10, 		0.3161,		4.258,		2-2
6, 3, 1, 		10, 		0.3076,		2.999,		2-2
6, 2, 1, 		10, 		0.2148,		2.906,		2-2
7, 2, 1, 		10, 		0.5773,		6.893,		1-2
1, 7, 1, 		20, 		0.4900,		3.130,		2-2
4, 7, 1, 		10, 		0.3058,		7.436,		2-2
3, 8, 1, 		20, 		0.4356,		3.067,		2-2
4, 8, 1, 		20, 		0.5677,		2.765,		2-2
4, 9, 1, 		10, 		0.2058,		2.136,		2-2
3, 9, 1, 		10, 		0.2991,		1.749,		2-2
2, 9, 1, 		20, 		0.3933,		1.811,		2-2
2, 7, 1, 		10, 		0.2790,		4.976,		2-2
6, 1, 1, 		30, 		0.4148,		6.219,		2-2
1, 8, 1, 		20, 		0.5283,		3.094,		2-2
4, 6, 1, 		10, 		0.2502,		2.497,		2-2
8, 3, 1, 		10, 		0.5943,		5.629,		1-2
4, 1, 1, 		20, 		0.4328,		1.503,		2-2
3, 7, 1, 		10, 		0.3267,		5.376,		2-2
7, 7, 1, 		20, 		0.4656,		1.116,		2-2
4, 3, 1, 		20, 		0.4093,		3.094,		2-2
1, 10, 1, 		10, 		0.2715,		5.589,		2-2
3, 4, 1, 		20, 		0.3847,		1.854,		2-2
4, 4, 1, 		20, 		0.2649,		2.942,		2-2
5, 1, 1, 		10, 		0.2290,		4.444,		2-2
2, 8, 1, 		10, 		0.3286,		2.107,		2-2
2, 5, 1, 		20, 		0.4296,		3.123,		2-2
4, 5, 1, 		20, 		0.4905,		4.451,		2-2
4, 10, 1, 		10, 		0.2567,		5.930,		2-2
3, 6, 1, 		20, 		0.3472,		2.875,		2-2
9, 8, 1, 		20, 		0.3410,		2.613,		2-2
5, 2, 1, 		10, 		0.1795,		1.583,		2-2
1, 9, 1, 		10, 		0.3513,		1.416,		2-2
6, 4, 1, 		20, 		0.4359,		9.044,		2-2
7, 4, 1, 		30, 		0.5840,		4.836,		2-2
6, 7, 1, 		30, 		0.4430,		7.113,		3-3
5, 3, 1, 		30, 		0.3615,		3.505,		2-2
7, 3, 1, 		30, 		0.4258,		3.839,		2-2
6, 9, 1, 		30, 		0.3372,		4.572,		2-2
3, 10, 1, 		10, 		0.2618,		3.290,		2-2
8, 8, 1, 		20, 		0.3296,		4.955,		2-2
8, 10, 1, 		30, 		0.3193,		2.568,		2-2
8, 9, 1, 		30, 		0.3860,		2.462,		2-2
9, 10, 1, 		20, 		0.4055,		5.015,		2-2
8, 5, 1, 		50, 		0.1932,		4.484,		2-2
5, 4, 1, 		30, 		0.5475,		3.026,		2-2
10, 10, 1, 		30, 		0.3488,		4.654,		2-2
6, 10, 1, 		30, 		0.3572,		7.470,		2-2
3, 3, 1, 		20, 		0.4246,		2.931,		2-2
7, 5, 1, 		40, 		0.3891,		7.093,		3-3
9, 5, 1, 		40, 		0.3056,		2.155,		2-2
2, 4, 1, 		20, 		0.4543,		1.172,		2-2
5, 8, 1, 		50, 		0.3996,		8.366,		3-3
7, 8, 1, 		30, 		0.2975,		6.083,		2-2
6, 6, 1, 		40, 		0.3927,		5.863,		3-3
10, 8, 1, 		30, 		0.3552,		4.222,		2-2
7, 9, 1, 		40, 		0.4032,		7.434,		2-2
6, 5, 1, 		40, 		0.4997,		5.124,		3-3
5, 10, 1, 		40, 		0.3800,		5.454,		2-2
4, 2, 1, 		30, 		0.5505,		3.164,		2-2
10, 9, 1, 		30, 		0.3190,		3.720,		2-2
10, 5, 1, 		50, 		0.2796,		10.87,		2-2
7, 6, 1, 		30, 		0.4014,		3.362,		2-2
5, 6, 1, 		40, 		0.3487,		5.145,		3-3
9, 7, 1, 		40, 		0.4812,		2.756,		2-2
6, 8, 1, 		40, 		0.2779,		5.665,		2-2
9, 9, 1, 		30, 		0.4295,		5.742,		2-2
8, 6, 1, 		50, 		0.2287,		2.484,		2-2
8, 7, 1, 		30, 		0.3665,		3.301,		2-2
5, 9, 1, 		50, 		0.2464,		11.76,		3-3
7, 10, 1, 		40, 		0.3775,		2.492,		2-2
5, 7, 1, 		40, 		0.5806,		2.902,		3-3
3, 5, 1, 		30, 		0.4742,		2.830,		2-2
5, 5, 1, 		40, 		0.4208,		5.032,		3-3
10, 7, 1, 		50, 		0.4145,		3.527,		2-2
1, 4, 1, 		10, 		0.2749,		1.706,		1-1
1, 2, 1, 		10, 		0.2413,		0.8784,		1-1
8, 4, 1, 		10, 		0.2579,		0.7922,		1-1
3, 1, 1, 		10, 		0.2445,		0.5668,		1-1
1, 1, 1, 		10, 		0.2850,		1.275,		1-1
2, 1, 1, 		10, 		0.2445,		1.791,		1-1
10, 1, 1, 		10, 		0.2677,		0.3920,		1-1
1, 3, 1, 		10, 		0.2562,		2.435,		1-1
10, 3, 1, 		10, 		0.1878,		1.924,		1-1
1, 5, 1, 		10, 		0.2679,		1.640,		1-1
10, 2, 1, 		10, 		0.2621,		1.314,		1-1
10, 6, 1, 		10, 		0.2544,		2.166,		1-1
7, 1, 1, 		10, 		0.3760,		6.662,		1-2
9, 1, 1, 		10, 		0.3818,		2.482,		1-2
3, 2, 1, 		10, 		0.1615,		0.5749,		1-1
9, 2, 1, 		10, 		0.3244,		2.537,		1-2
8, 1, 1, 		10, 		0.3950,		3.404,		1-2
10, 4, 1, 		10, 		0.2310,		1.987,		1-1
1, 6, 1, 		10, 		0.4754,		1.045,		1-1
9, 3, 1, 		10, 		0.2699,		1.618,		1-1
9, 4, 1, 		10, 		0.2549,		1.440,		1-1
2, 6, 1, 		10, 		0.4832,		2.073,		1-1
2, 3, 1, 		10, 		0.2081,		1.873,		1-1
8, 3, 1, 		10, 		0.5928,		5.436,		1-2
9, 6, 1, 		20, 		0.1838,		1.918,		1-1
2, 10, 1, 		10, 		0.3157,		4.589,		2-2
8, 2, 1, 		10, 		0.5160,		11.36,		1-2
7, 2, 1, 		10, 		0.5758,		7.129,		1-2
2, 2, 1, 		10, 		0.2631,		1.049,		1-1
10, 5, 1, 		10, 		0.5782,		4.452,		1-2
2, 7, 1, 		10, 		0.2786,		4.654,		2-2
4, 7, 1, 		10, 		0.3057,		7.342,		2-2
4, 6, 1, 		10, 		0.2498,		2.209,		2-2
3, 9, 1, 		10, 		0.2991,		1.746,		2-2
7, 10, 1, 		10, 		0.1839,		2.107,		2-2
4, 9, 1, 		10, 		0.2052,		2.219,		2-2
5, 1, 1, 		10, 		0.2287,		4.262,		2-2
6, 3, 1, 		10, 		0.3071,		2.748,		2-2
2, 9, 1, 		10, 		0.2131,		2.547,		2-2
1, 10, 1, 		10, 		0.2711,		5.272,		2-2
3, 10, 1, 		10, 		0.2614,		3.156,		2-2
6, 2, 1, 		10, 		0.2141,		2.716,		2-2
2, 8, 1, 		10, 		0.3285,		1.958,		2-2
5, 3, 1, 		10, 		0.1993,		2.957,		2-2
3, 7, 1, 		10, 		0.3248,		5.661,		2-2
4, 8, 1, 		10, 		0.3197,		2.693,		2-2
1, 9, 1, 		10, 		0.3504,		2.700,		2-2
9, 7, 1, 		10, 		0.2475,		2.004,		2-2
5, 2, 1, 		10, 		0.1793,		1.516,		2-2
9, 8, 1, 		20, 		0.3410,		2.724,		2-2
4, 10, 1, 		10, 		0.2560,		5.392,		2-2
5, 9, 1, 		10, 		0.4651,		2.371,		2-3
6, 1, 1, 		30, 		0.4144,		5.688,		2-2
4, 4, 1, 		10, 		0.1542,		2.339,		2-2
4, 3, 1, 		10, 		0.2323,		2.646,		2-2
1, 7, 1, 		10, 		0.2712,		3.572,		2-2
9, 10, 1, 		20, 		0.4053,		5.040,		2-2
2, 4, 1, 		10, 		0.2754,		1.133,		2-2
3, 6, 1, 		20, 		0.3469,		2.917,		2-2
3, 8, 1, 		10, 		0.2467,		2.909,		2-2
7, 4, 1, 		30, 		0.5829,		3.887,		2-2
2, 5, 1, 		20, 		0.4295,		3.180,		2-2
6, 4, 1, 		10, 		0.2746,		7.031,		2-2
1, 8, 1, 		10, 		0.3267,		3.076,		2-2
7, 7, 1, 		10, 		0.2577,		0.8889,		2-2
8, 8, 1, 		20, 		0.3296,		4.926,		2-2
6, 6, 1, 		10, 		0.4940,		9.112,		2-3
5, 4, 1, 		10, 		0.2780,		2.920,		2-2
8, 9, 1, 		30, 		0.3858,		2.543,		2-2
6, 7, 1, 		30, 		0.4429,		7.134,		3-3
6, 10, 1, 		30, 		0.3571,		7.337,		2-2
4, 2, 1, 		10, 		0.2783,		2.204,		2-2
3, 4, 1, 		20, 		0.3846,		1.911,		2-2
7, 3, 1, 		30, 		0.4251,		3.653,		2-2
9, 9, 1, 		20, 		0.3600,		5.726,		2-2
7, 5, 1, 		10, 		0.4882,		8.420,		2-3
3, 3, 1, 		20, 		0.4246,		2.918,		2-2
6, 9, 1, 		10, 		0.1867,		4.341,		2-2
10, 8, 1, 		10, 		0.1821,		4.497,		2-2
7, 6, 1, 		20, 		0.3405,		3.244,		2-2
4, 5, 1, 		10, 		0.3203,		3.800,		2-2
5, 5, 1, 		40, 		0.4206,		4.905,		3-3
6, 8, 1, 		40, 		0.2778,		5.465,		2-2
4, 1, 1, 		20, 		0.4328,		1.504,		2-2
5, 10, 1, 		40, 		0.3800,		5.570,		2-2
5, 6, 1, 		40, 		0.3485,		5.121,		3-3
8, 5, 1, 		50, 		0.1932,		4.525,		2-2
3, 5, 1, 		30, 		0.4739,		3.132,		2-2
7, 8, 1, 		30, 		0.2975,		6.018,		2-2
8, 7, 1, 		30, 		0.3665,		3.230,		2-2
10, 10, 1, 		30, 		0.3486,		4.802,		2-2
8, 10, 1, 		30, 		0.3192,		2.501,		2-2
5, 7, 1, 		40, 		0.5805,		3.043,		3-3
9, 5, 1, 		40, 		0.3054,		1.711,		2-2
5, 8, 1, 		50, 		0.3985,		7.756,		3-3
8, 6, 1, 		40, 		0.2175,		2.508,		2-2
6, 5, 1, 		40, 		0.4996,		5.250,		3-3
10, 7, 1, 		40, 		0.3953,		3.351,		2-2
10, 9, 1, 		30, 		0.3189,		3.705,		2-2
7, 9, 1, 		40, 		0.4029,		7.383,		2-2
